MES_REFERENCIA,DATA,CODIGO_PERFIL_AGENTE,SIGLA_PERFIL_AGENTE,CLASSE_PERFIL_AGENTE,SUBMERCADO,CAPACIDADE_CARGA,CONSUMO_CARGA_ACL
,2022-01-01,83091,CAN-PACK CL NE,Consumidor Livre,NORDESTE,122.4,120.791886
,2022-01-02,83091,CAN-PACK CL NE,Consumidor Livre,NORDESTE,122.4,122.202594
,2022-01-03,83091,CAN-PACK CL NE,Consumidor Livre,NORDESTE,122.4,124.766638
,2022-01-04,83091,CAN-PACK CL NE,Consumidor Livre,NORDESTE,122.4,124.311851
,2022-01-05,83091,CAN-PACK CL NE,Consumidor Livre,NORDESTE,122.4,124.283973
,2022-01-06,83091,CAN-PACK CL NE,Consumidor Livre,NORDESTE,122.4,119.355135
,2022-01-07,83091,CAN-PACK CL NE,Consumidor Livre,NORDESTE,122.4,118.990018
,2022-01-08,83091,CAN-PACK CL NE,Consumidor Livre,NORDESTE,122.4,124.049874
,2022-01-09,83091,CAN-PACK CL NE,Consumidor Livre,NORDESTE,122.4,123.908728
,2022-01-10,83091,CAN-PACK CL NE,Consumidor Livre,NORDESTE,122.4,116.681437
,2022-01-11,83091,CAN-PACK CL NE,Consumidor Livre,NORDESTE,122.4,120.164808
,2022-01-12,83091,CAN-PACK CL NE,Consumidor Livre,NORDESTE,122.4,122.02075
,2022-01-13,83091,CAN-PACK CL NE,Consumidor Livre,NORDESTE,122.4,124.736639
,2022-01-14,83091,CAN-PACK CL NE,Consumidor Livre,NORDESTE,122.4,123.949605
,2022-01-15,83091,CAN-PACK CL NE,Consumidor Livre,NORDESTE,122.4,125.814818
,2022-01-16,83091,CAN-PACK CL NE,Consumidor Livre,NORDESTE,122.4,123.38973
,2022-01-17,83091,CAN-PACK CL NE,Consumidor Livre,NORDESTE,122.4,125.117785
,2022-01-18,83091,CAN-PACK CL NE,Consumidor Livre,NORDESTE,122.4,124.594007
,2022-01-19,83091,CAN-PACK CL NE,Consumidor Livre,NORDESTE,122.4,124.684048
,2022-01-20,83091,CAN-PACK CL NE,Consumidor Livre,NORDESTE,122.4,123.912321
,2022-01-21,83091,CAN-PACK CL NE,Consumidor Livre,NORDESTE,122.4,121.069293
,2022-01-22,83091,CAN-PACK CL NE,Consumidor Livre,NORDESTE,122.4,102.951714
,2022-01-23,83091,CAN-PACK CL NE,Consumidor Livre,NORDESTE,122.4,94.220159
,2022-01-24,83091,CAN-PACK CL NE,Consumidor Livre,NORDESTE,122.4,110.494692
,2022-01-25,83091,CAN-PACK CL NE,Consumidor Livre,NORDESTE,122.4,125.581222
,2022-01-26,83091,CAN-PACK CL NE,Consumidor Livre,NORDESTE,122.4,123.7076
,2022-01-27,83091,CAN-PACK CL NE,Consumidor Livre,NORDESTE,122.4,123.553248
,2022-01-28,83091,CAN-PACK CL NE,Consumidor Livre,NORDESTE,122.4,124.365691
,2022-01-29,83091,CAN-PACK CL NE,Consumidor Livre,NORDESTE,122.4,125.101875
,2022-01-30,83091,CAN-PACK CL NE,Consumidor Livre,NORDESTE,122.4,124.964615
,2022-01-31,83091,CAN-PACK CL NE,Consumidor Livre,NORDESTE,122.4,121.406698
,2022-02-01,83091,CAN-PACK CL NE,Consumidor Livre,NORDESTE,122.4,124.947783
,2022-02-02,83091,CAN-PACK CL NE,Consumidor Livre,NORDESTE,122.4,122.77201
,2022-02-03,83091,CAN-PACK CL NE,Consumidor Livre,NORDESTE,122.4,119.279041
,2022-02-04,83091,CAN-PACK CL NE,Consumidor Livre,NORDESTE,122.4,116.746091
,2022-02-05,83091,CAN-PACK CL NE,Consumidor Livre,NORDESTE,122.4,118.372658
,2022-02-06,83091,CAN-PACK CL NE,Consumidor Livre,NORDESTE,122.4,119.110499
,2022-02-07,83091,CAN-PACK CL NE,Consumidor Livre,NORDESTE,122.4,119.281527
,2022-02-08,83091,CAN-PACK CL NE,Consumidor Livre,NORDESTE,122.4,117.279615
,2022-02-09,83091,CAN-PACK CL NE,Consumidor Livre,NORDESTE,122.4,112.875245
,2022-02-10,83091,CAN-PACK CL NE,Consumidor Livre,NORDESTE,122.4,120.470882
,2022-02-11,83091,CAN-PACK CL NE,Consumidor Livre,NORDESTE,122.4,121.835992
,2022-02-12,83091,CAN-PACK CL NE,Consumidor Livre,NORDESTE,122.4,124.655797
,2022-02-13,83091,CAN-PACK CL NE,Consumidor Livre,NORDESTE,122.4,124.771231
,2022-02-14,83091,CAN-PACK CL NE,Consumidor Livre,NORDESTE,122.4,125.433344
,2022-02-15,83091,CAN-PACK CL NE,Consumidor Livre,NORDESTE,122.4,124.472721
,2022-02-16,83091,CAN-PACK CL NE,Consumidor Livre,NORDESTE,122.4,125.963262
,2022-02-17,83091,CAN-PACK CL NE,Consumidor Livre,NORDESTE,122.4,126.006777
,2022-02-18,83091,CAN-PACK CL NE,Consumidor Livre,NORDESTE,122.4,125.697034
,2022-02-19,83091,CAN-PACK CL NE,Consumidor Livre,NORDESTE,122.4,123.603797
,2022-02-20,83091,CAN-PACK CL NE,Consumidor Livre,NORDESTE,122.4,124.051197
,2022-02-21,83091,CAN-PACK CL NE,Consumidor Livre,NORDESTE,122.4,122.730596
,2022-02-22,83091,CAN-PACK CL NE,Consumidor Livre,NORDESTE,122.4,124.843313
,2022-02-23,83091,CAN-PACK CL NE,Consumidor Livre,NORDESTE,122.4,124.876883
,2022-02-24,83091,CAN-PACK CL NE,Consumidor Livre,NORDESTE,122.4,125.168202
,2022-02-25,83091,CAN-PACK CL NE,Consumidor Livre,NORDESTE,122.4,124.674815
,2022-02-26,83091,CAN-PACK CL NE,Consumidor Livre,NORDESTE,122.4,125.607229
,2022-02-27,83091,CAN-PACK CL NE,Consumidor Livre,NORDESTE,122.4,124.214789
,2022-02-28,83091,CAN-PACK CL NE,Consumidor Livre,NORDESTE,122.4,124.889815
,2022-03-01,83091,CAN-PACK CL NE,Consumidor Livre,NORDESTE,122.4,115.798714
,2022-03-02,83091,CAN-PACK CL NE,Consumidor Livre,NORDESTE,122.4,120.167955
,2022-03-03,83091,CAN-PACK CL NE,Consumidor Livre,NORDESTE,122.4,121.363185
,2022-03-04,83091,CAN-PACK CL NE,Consumidor Livre,NORDESTE,122.4,122.936425
,2022-03-05,83091,CAN-PACK CL NE,Consumidor Livre,NORDESTE,122.4,124.076248
,2022-03-06,83091,CAN-PACK CL NE,Consumidor Livre,NORDESTE,122.4,125.831107
,2022-03-07,83091,CAN-PACK CL NE,Consumidor Livre,NORDESTE,122.4,126.030527
,2022-03-08,83091,CAN-PACK CL NE,Consumidor Livre,NORDESTE,122.4,125.466502
,2022-03-09,83091,CAN-PACK CL NE,Consumidor Livre,NORDESTE,122.4,123.438626
,2022-03-10,83091,CAN-PACK CL NE,Consumidor Livre,NORDESTE,122.4,123.337696
,2022-03-11,83091,CAN-PACK CL NE,Consumidor Livre,NORDESTE,122.4,124.629492
,2022-03-12,83091,CAN-PACK CL NE,Consumidor Livre,NORDESTE,122.4,124.870704
,2022-03-13,83091,CAN-PACK CL NE,Consumidor Livre,NORDESTE,122.4,107.920098
,2022-03-14,83091,CAN-PACK CL NE,Consumidor Livre,NORDESTE,122.4,85.270205
,2022-03-15,83091,CAN-PACK CL NE,Consumidor Livre,NORDESTE,122.4,99.21384
,2022-03-16,83091,CAN-PACK CL NE,Consumidor Livre,NORDESTE,122.4,101.611293
,2022-03-17,83091,CAN-PACK CL NE,Consumidor Livre,NORDESTE,122.4,89.564503
,2022-03-18,83091,CAN-PACK CL NE,Consumidor Livre,NORDESTE,122.4,113.440319
,2022-03-19,83091,CAN-PACK CL NE,Consumidor Livre,NORDESTE,122.4,120.843817
,2022-03-20,83091,CAN-PACK CL NE,Consumidor Livre,NORDESTE,122.4,121.110426
,2022-03-21,83091,CAN-PACK CL NE,Consumidor Livre,NORDESTE,122.4,121.285716
,2022-03-22,83091,CAN-PACK CL NE,Consumidor Livre,NORDESTE,122.4,116.994897
,2022-03-23,83091,CAN-PACK CL NE,Consumidor Livre,NORDESTE,122.4,120.416548
,2022-03-24,83091,CAN-PACK CL NE,Consumidor Livre,NORDESTE,122.4,123.097113
,2022-03-25,83091,CAN-PACK CL NE,Consumidor Livre,NORDESTE,122.4,122.790741
,2022-03-26,83091,CAN-PACK CL NE,Consumidor Livre,NORDESTE,122.4,121.7014
,2022-03-27,83091,CAN-PACK CL NE,Consumidor Livre,NORDESTE,122.4,120.818869
,2022-03-28,83091,CAN-PACK CL NE,Consumidor Livre,NORDESTE,122.4,110.366982
,2022-03-29,83091,CAN-PACK CL NE,Consumidor Livre,NORDESTE,122.4,101.223031
,2022-03-30,83091,CAN-PACK CL NE,Consumidor Livre,NORDESTE,122.4,98.036171
,2022-03-31,83091,CAN-PACK CL NE,Consumidor Livre,NORDESTE,122.4,100.23691
,2022-04-01,83091,CAN-PACK CL NE,Consumidor Livre,NORDESTE,122.4,97.756615
,2022-04-02,83091,CAN-PACK CL NE,Consumidor Livre,NORDESTE,122.4,96.348934
,2022-04-03,83091,CAN-PACK CL NE,Consumidor Livre,NORDESTE,122.4,90.909693
,2022-04-04,83091,CAN-PACK CL NE,Consumidor Livre,NORDESTE,122.4,89.442548
,2022-04-05,83091,CAN-PACK CL NE,Consumidor Livre,NORDESTE,122.4,94.006935
,2022-04-06,83091,CAN-PACK CL NE,Consumidor Livre,NORDESTE,122.4,100.683345
,2022-04-07,83091,CAN-PACK CL NE,Consumidor Livre,NORDESTE,122.4,110.44465
,2022-04-08,83091,CAN-PACK CL NE,Consumidor Livre,NORDESTE,122.4,118.0437
,2022-04-09,83091,CAN-PACK CL NE,Consumidor Livre,NORDESTE,122.4,122.075913
,2022-04-10,83091,CAN-PACK CL NE,Consumidor Livre,NORDESTE,122.4,119.004265
,2022-04-11,83091,CAN-PACK CL NE,Consumidor Livre,NORDESTE,122.4,120.624583
,2022-04-12,83091,CAN-PACK CL NE,Consumidor Livre,NORDESTE,122.4,122.310461
,2022-04-13,83091,CAN-PACK CL NE,Consumidor Livre,NORDESTE,122.4,123.815311
,2022-04-14,83091,CAN-PACK CL NE,Consumidor Livre,NORDESTE,122.4,120.002871
,2022-04-15,83091,CAN-PACK CL NE,Consumidor Livre,NORDESTE,122.4,124.152795
,2022-04-16,83091,CAN-PACK CL NE,Consumidor Livre,NORDESTE,122.4,124.833545
,2022-04-17,83091,CAN-PACK CL NE,Consumidor Livre,NORDESTE,122.4,124.253843
,2022-04-18,83091,CAN-PACK CL NE,Consumidor Livre,NORDESTE,122.4,122.804143
,2022-04-19,83091,CAN-PACK CL NE,Consumidor Livre,NORDESTE,122.4,123.568132
,2022-04-20,83091,CAN-PACK CL NE,Consumidor Livre,NORDESTE,122.4,124.996178
,2022-04-21,83091,CAN-PACK CL NE,Consumidor Livre,NORDESTE,122.4,125.145439
,2022-04-22,83091,CAN-PACK CL NE,Consumidor Livre,NORDESTE,122.4,123.472175
,2022-04-23,83091,CAN-PACK CL NE,Consumidor Livre,NORDESTE,122.4,126.315276
,2022-04-24,83091,CAN-PACK CL NE,Consumidor Livre,NORDESTE,122.4,124.720044
,2022-04-25,83091,CAN-PACK CL NE,Consumidor Livre,NORDESTE,122.4,125.418012
,2022-04-26,83091,CAN-PACK CL NE,Consumidor Livre,NORDESTE,122.4,117.088746
,2022-04-27,83091,CAN-PACK CL NE,Consumidor Livre,NORDESTE,122.4,119.729924
,2022-04-28,83091,CAN-PACK CL NE,Consumidor Livre,NORDESTE,122.4,120.90068
,2022-04-29,83091,CAN-PACK CL NE,Consumidor Livre,NORDESTE,122.4,123.701398
,2022-04-30,83091,CAN-PACK CL NE,Consumidor Livre,NORDESTE,122.4,124.482847
,2022-05-01,83091,CAN-PACK CL NE,Consumidor Livre,NORDESTE,122.4,123.407572
,2022-05-02,83091,CAN-PACK CL NE,Consumidor Livre,NORDESTE,122.4,122.3156
,2022-05-03,83091,CAN-PACK CL NE,Consumidor Livre,NORDESTE,122.4,120.940727
,2022-05-04,83091,CAN-PACK CL NE,Consumidor Livre,NORDESTE,122.4,122.649409
,2022-05-05,83091,CAN-PACK CL NE,Consumidor Livre,NORDESTE,122.4,120.123711
,2022-05-06,83091,CAN-PACK CL NE,Consumidor Livre,NORDESTE,122.4,118.923281
,2022-05-07,83091,CAN-PACK CL NE,Consumidor Livre,NORDESTE,122.4,109.273525
,2022-05-08,83091,CAN-PACK CL NE,Consumidor Livre,NORDESTE,122.4,117.49877
,2022-05-09,83091,CAN-PACK CL NE,Consumidor Livre,NORDESTE,122.4,117.109604
,2022-05-10,83091,CAN-PACK CL NE,Consumidor Livre,NORDESTE,122.4,111.485307
,2022-05-11,83091,CAN-PACK CL NE,Consumidor Livre,NORDESTE,122.4,118.646058
,2022-05-12,83091,CAN-PACK CL NE,Consumidor Livre,NORDESTE,122.4,119.944391
,2022-05-13,83091,CAN-PACK CL NE,Consumidor Livre,NORDESTE,122.4,120.048482
,2022-05-14,83091,CAN-PACK CL NE,Consumidor Livre,NORDESTE,122.4,114.006598
,2022-05-15,83091,CAN-PACK CL NE,Consumidor Livre,NORDESTE,122.4,119.93342
,2022-05-16,83091,CAN-PACK CL NE,Consumidor Livre,NORDESTE,122.4,120.40865
,2022-05-17,83091,CAN-PACK CL NE,Consumidor Livre,NORDESTE,122.4,113.785419
,2022-05-18,83091,CAN-PACK CL NE,Consumidor Livre,NORDESTE,122.4,116.539454
,2022-05-19,83091,CAN-PACK CL NE,Consumidor Livre,NORDESTE,122.4,117.84887
,2022-05-20,83091,CAN-PACK CL NE,Consumidor Livre,NORDESTE,122.4,118.679108
,2022-05-21,83091,CAN-PACK CL NE,Consumidor Livre,NORDESTE,122.4,123.288483
,2022-05-22,83091,CAN-PACK CL NE,Consumidor Livre,NORDESTE,122.4,120.566453
,2022-05-23,83091,CAN-PACK CL NE,Consumidor Livre,NORDESTE,122.4,110.757395
,2022-05-24,83091,CAN-PACK CL NE,Consumidor Livre,NORDESTE,122.4,104.134194
,2022-05-25,83091,CAN-PACK CL NE,Consumidor Livre,NORDESTE,122.4,101.907185
,2022-05-26,83091,CAN-PACK CL NE,Consumidor Livre,NORDESTE,122.4,103.396364
,2022-05-27,83091,CAN-PACK CL NE,Consumidor Livre,NORDESTE,122.4,101.197645
,2022-05-28,83091,CAN-PACK CL NE,Consumidor Livre,NORDESTE,122.4,97.985876
,2022-05-29,83091,CAN-PACK CL NE,Consumidor Livre,NORDESTE,122.4,28.421046
,2022-05-30,83091,CAN-PACK CL NE,Consumidor Livre,NORDESTE,122.4,79.312946
,2022-05-31,83091,CAN-PACK CL NE,Consumidor Livre,NORDESTE,122.4,96.312082
,2022-06-01,83091,CAN-PACK CL NE,Consumidor Livre,NORDESTE,122.4,116.008723
,2022-06-02,83091,CAN-PACK CL NE,Consumidor Livre,NORDESTE,122.4,119.539958
,2022-06-03,83091,CAN-PACK CL NE,Consumidor Livre,NORDESTE,122.4,115.867586
,2022-06-04,83091,CAN-PACK CL NE,Consumidor Livre,NORDESTE,122.4,122.39738
,2022-06-05,83091,CAN-PACK CL NE,Consumidor Livre,NORDESTE,122.4,124.983571
,2022-06-06,83091,CAN-PACK CL NE,Consumidor Livre,NORDESTE,122.4,123.880543
,2022-06-07,83091,CAN-PACK CL NE,Consumidor Livre,NORDESTE,122.4,123.592665
,2022-06-08,83091,CAN-PACK CL NE,Consumidor Livre,NORDESTE,122.4,122.288271
,2022-06-09,83091,CAN-PACK CL NE,Consumidor Livre,NORDESTE,122.4,123.437092
,2022-06-10,83091,CAN-PACK CL NE,Consumidor Livre,NORDESTE,122.4,123.712214
,2022-06-11,83091,CAN-PACK CL NE,Consumidor Livre,NORDESTE,122.4,122.739369
,2022-06-12,83091,CAN-PACK CL NE,Consumidor Livre,NORDESTE,122.4,126.023597
,2022-06-13,83091,CAN-PACK CL NE,Consumidor Livre,NORDESTE,122.4,120.076189
,2022-06-14,83091,CAN-PACK CL NE,Consumidor Livre,NORDESTE,122.4,110.536911
,2022-06-15,83091,CAN-PACK CL NE,Consumidor Livre,NORDESTE,122.4,120.259852
,2022-06-16,83091,CAN-PACK CL NE,Consumidor Livre,NORDESTE,122.4,122.550015
,2022-06-17,83091,CAN-PACK CL NE,Consumidor Livre,NORDESTE,122.4,124.949774
,2022-06-18,83091,CAN-PACK CL NE,Consumidor Livre,NORDESTE,122.4,123.594816
,2022-06-19,83091,CAN-PACK CL NE,Consumidor Livre,NORDESTE,122.4,125.100957
,2022-06-20,83091,CAN-PACK CL NE,Consumidor Livre,NORDESTE,122.4,110.816168
,2022-06-21,83091,CAN-PACK CL NE,Consumidor Livre,NORDESTE,122.4,99.576173
,2022-06-22,83091,CAN-PACK CL NE,Consumidor Livre,NORDESTE,122.4,100.290575
,2022-06-23,83091,CAN-PACK CL NE,Consumidor Livre,NORDESTE,122.4,102.710717
,2022-06-24,83091,CAN-PACK CL NE,Consumidor Livre,NORDESTE,122.4,113.033846
,2022-06-25,83091,CAN-PACK CL NE,Consumidor Livre,NORDESTE,122.4,109.803071
,2022-06-26,83091,CAN-PACK CL NE,Consumidor Livre,NORDESTE,122.4,118.127477
,2022-06-27,83091,CAN-PACK CL NE,Consumidor Livre,NORDESTE,122.4,120.981671
,2022-06-28,83091,CAN-PACK CL NE,Consumidor Livre,NORDESTE,122.4,122.646226
,2022-06-29,83091,CAN-PACK CL NE,Consumidor Livre,NORDESTE,122.4,123.246583
,2022-06-30,83091,CAN-PACK CL NE,Consumidor Livre,NORDESTE,122.4,123.204778
,2022-07-01,83091,CAN-PACK CL NE,Consumidor Livre,NORDESTE,122.4,123.366809
,2022-07-02,83091,CAN-PACK CL NE,Consumidor Livre,NORDESTE,122.4,123.994154
,2022-07-03,83091,CAN-PACK CL NE,Consumidor Livre,NORDESTE,122.4,124.403239
,2022-07-04,83091,CAN-PACK CL NE,Consumidor Livre,NORDESTE,122.4,121.081904
,2022-07-05,83091,CAN-PACK CL NE,Consumidor Livre,NORDESTE,122.4,119.996791
,2022-07-06,83091,CAN-PACK CL NE,Consumidor Livre,NORDESTE,122.4,109.329014
,2022-07-07,83091,CAN-PACK CL NE,Consumidor Livre,NORDESTE,122.4,93.613676
,2022-07-08,83091,CAN-PACK CL NE,Consumidor Livre,NORDESTE,122.4,95.360466
,2022-07-09,83091,CAN-PACK CL NE,Consumidor Livre,NORDESTE,122.4,95.619664
,2022-07-10,83091,CAN-PACK CL NE,Consumidor Livre,NORDESTE,122.4,94.547342
,2022-07-11,83091,CAN-PACK CL NE,Consumidor Livre,NORDESTE,122.4,94.765203
,2022-07-12,83091,CAN-PACK CL NE,Consumidor Livre,NORDESTE,122.4,93.42917
,2022-07-13,83091,CAN-PACK CL NE,Consumidor Livre,NORDESTE,122.4,95.875971
,2022-07-14,83091,CAN-PACK CL NE,Consumidor Livre,NORDESTE,122.4,120.161872
,2022-07-15,83091,CAN-PACK CL NE,Consumidor Livre,NORDESTE,122.4,121.580192
,2022-07-16,83091,CAN-PACK CL NE,Consumidor Livre,NORDESTE,122.4,123.27471
,2022-07-17,83091,CAN-PACK CL NE,Consumidor Livre,NORDESTE,122.4,121.422286
,2022-07-18,83091,CAN-PACK CL NE,Consumidor Livre,NORDESTE,122.4,114.403275
,2022-07-19,83091,CAN-PACK CL NE,Consumidor Livre,NORDESTE,122.4,104.162934
,2022-07-20,83091,CAN-PACK CL NE,Consumidor Livre,NORDESTE,122.4,61.717556
,2022-07-21,83091,CAN-PACK CL NE,Consumidor Livre,NORDESTE,122.4,51.922808
,2022-07-22,83091,CAN-PACK CL NE,Consumidor Livre,NORDESTE,122.4,52.431565
,2022-07-23,83091,CAN-PACK CL NE,Consumidor Livre,NORDESTE,122.4,63.048925
,2022-07-24,83091,CAN-PACK CL NE,Consumidor Livre,NORDESTE,122.4,62.213466
,2022-07-25,83091,CAN-PACK CL NE,Consumidor Livre,NORDESTE,122.4,62.70219
,2022-07-26,83091,CAN-PACK CL NE,Consumidor Livre,NORDESTE,122.4,63.093833
,2022-07-27,83091,CAN-PACK CL NE,Consumidor Livre,NORDESTE,122.4,57.66034
,2022-07-28,83091,CAN-PACK CL NE,Consumidor Livre,NORDESTE,122.4,50.841921
,2022-07-29,83091,CAN-PACK CL NE,Consumidor Livre,NORDESTE,122.4,50.544911
,2022-07-30,83091,CAN-PACK CL NE,Consumidor Livre,NORDESTE,122.4,49.874511
,2022-07-31,83091,CAN-PACK CL NE,Consumidor Livre,NORDESTE,122.4,47.633576
,2022-08-01,83091,CAN-PACK CL NE,Consumidor Livre,NORDESTE,122.4,59.602072
,2022-08-02,83091,CAN-PACK CL NE,Consumidor Livre,NORDESTE,122.4,73.506959
,2022-08-03,83091,CAN-PACK CL NE,Consumidor Livre,NORDESTE,122.4,80.712777
,2022-08-04,83091,CAN-PACK CL NE,Consumidor Livre,NORDESTE,122.4,93.458136
,2022-08-05,83091,CAN-PACK CL NE,Consumidor Livre,NORDESTE,122.4,91.598945
,2022-08-06,83091,CAN-PACK CL NE,Consumidor Livre,NORDESTE,122.4,93.324263
,2022-08-07,83091,CAN-PACK CL NE,Consumidor Livre,NORDESTE,122.4,90.801027
,2022-08-08,83091,CAN-PACK CL NE,Consumidor Livre,NORDESTE,122.4,95.222254
,2022-08-09,83091,CAN-PACK CL NE,Consumidor Livre,NORDESTE,122.4,102.602187
,2022-08-10,83091,CAN-PACK CL NE,Consumidor Livre,NORDESTE,122.4,105.564556
,2022-08-11,83091,CAN-PACK CL NE,Consumidor Livre,NORDESTE,122.4,107.534825
,2022-08-12,83091,CAN-PACK CL NE,Consumidor Livre,NORDESTE,122.4,116.958715
,2022-08-13,83091,CAN-PACK CL NE,Consumidor Livre,NORDESTE,122.4,122.013896
,2022-08-14,83091,CAN-PACK CL NE,Consumidor Livre,NORDESTE,122.4,121.938749
,2022-08-15,83091,CAN-PACK CL NE,Consumidor Livre,NORDESTE,122.4,122.166384
,2022-08-16,83091,CAN-PACK CL NE,Consumidor Livre,NORDESTE,122.4,120.911908
,2022-08-17,83091,CAN-PACK CL NE,Consumidor Livre,NORDESTE,122.4,122.905092
,2022-08-18,83091,CAN-PACK CL NE,Consumidor Livre,NORDESTE,122.4,120.601462
,2022-08-19,83091,CAN-PACK CL NE,Consumidor Livre,NORDESTE,122.4,121.55364
,2022-08-20,83091,CAN-PACK CL NE,Consumidor Livre,NORDESTE,122.4,123.535864
,2022-08-21,83091,CAN-PACK CL NE,Consumidor Livre,NORDESTE,122.4,122.666621
,2022-08-22,83091,CAN-PACK CL NE,Consumidor Livre,NORDESTE,122.4,122.215814
,2022-08-23,83091,CAN-PACK CL NE,Consumidor Livre,NORDESTE,122.4,107.017817
,2022-08-24,83091,CAN-PACK CL NE,Consumidor Livre,NORDESTE,122.4,110.506039
,2022-08-25,83091,CAN-PACK CL NE,Consumidor Livre,NORDESTE,122.4,118.802378
,2022-08-26,83091,CAN-PACK CL NE,Consumidor Livre,NORDESTE,122.4,120.455192
,2022-08-27,83091,CAN-PACK CL NE,Consumidor Livre,NORDESTE,122.4,119.648375
,2022-08-28,83091,CAN-PACK CL NE,Consumidor Livre,NORDESTE,122.4,118.761419
,2022-08-29,83091,CAN-PACK CL NE,Consumidor Livre,NORDESTE,122.4,119.555769
,2022-08-30,83091,CAN-PACK CL NE,Consumidor Livre,NORDESTE,122.4,109.98059
,2022-08-31,83091,CAN-PACK CL NE,Consumidor Livre,NORDESTE,122.4,118.968228
,2022-09-01,83091,CAN-PACK CL NE,Consumidor Livre,NORDESTE,122.4,121.135679
,2022-09-02,83091,CAN-PACK CL NE,Consumidor Livre,NORDESTE,122.4,120.752697
,2022-09-03,83091,CAN-PACK CL NE,Consumidor Livre,NORDESTE,122.4,121.95399
,2022-09-04,83091,CAN-PACK CL NE,Consumidor Livre,NORDESTE,122.4,123.153054
,2022-09-05,83091,CAN-PACK CL NE,Consumidor Livre,NORDESTE,122.4,120.746767
,2022-09-06,83091,CAN-PACK CL NE,Consumidor Livre,NORDESTE,122.4,106.264638
,2022-09-07,83091,CAN-PACK CL NE,Consumidor Livre,NORDESTE,122.4,102.708173
,2022-09-08,83091,CAN-PACK CL NE,Consumidor Livre,NORDESTE,122.4,100.008286
,2022-09-09,83091,CAN-PACK CL NE,Consumidor Livre,NORDESTE,122.4,110.192688
,2022-09-10,83091,CAN-PACK CL NE,Consumidor Livre,NORDESTE,122.4,122.705321
,2022-09-11,83091,CAN-PACK CL NE,Consumidor Livre,NORDESTE,122.4,123.252311
,2022-09-12,83091,CAN-PACK CL NE,Consumidor Livre,NORDESTE,122.4,122.615381
,2022-09-13,83091,CAN-PACK CL NE,Consumidor Livre,NORDESTE,122.4,124.762419
,2022-09-14,83091,CAN-PACK CL NE,Consumidor Livre,NORDESTE,122.4,116.349297
,2022-09-15,83091,CAN-PACK CL NE,Consumidor Livre,NORDESTE,122.4,120.793194
,2022-09-16,83091,CAN-PACK CL NE,Consumidor Livre,NORDESTE,122.4,123.336147
,2022-09-17,83091,CAN-PACK CL NE,Consumidor Livre,NORDESTE,122.4,123.734732
,2022-09-18,83091,CAN-PACK CL NE,Consumidor Livre,NORDESTE,122.4,123.838401
,2022-09-19,83091,CAN-PACK CL NE,Consumidor Livre,NORDESTE,122.4,115.847988
,2022-09-20,83091,CAN-PACK CL NE,Consumidor Livre,NORDESTE,122.4,119.164186
,2022-09-21,83091,CAN-PACK CL NE,Consumidor Livre,NORDESTE,122.4,124.243322
,2022-09-22,83091,CAN-PACK CL NE,Consumidor Livre,NORDESTE,122.4,124.089137
,2022-09-23,83091,CAN-PACK CL NE,Consumidor Livre,NORDESTE,122.4,123.240484
,2022-09-24,83091,CAN-PACK CL NE,Consumidor Livre,NORDESTE,122.4,121.837752
,2022-09-25,83091,CAN-PACK CL NE,Consumidor Livre,NORDESTE,122.4,124.871973
,2022-09-26,83091,CAN-PACK CL NE,Consumidor Livre,NORDESTE,122.4,123.194091
,2022-09-27,83091,CAN-PACK CL NE,Consumidor Livre,NORDESTE,122.4,123.466191
,2022-09-28,83091,CAN-PACK CL NE,Consumidor Livre,NORDESTE,122.4,96.078175
,2022-09-29,83091,CAN-PACK CL NE,Consumidor Livre,NORDESTE,122.4,94.304668
,2022-09-30,83091,CAN-PACK CL NE,Consumidor Livre,NORDESTE,122.4,94.993648
,2022-10-01,83091,CAN-PACK CL NE,Consumidor Livre,NORDESTE,122.4,94.2092
,2022-10-02,83091,CAN-PACK CL NE,Consumidor Livre,NORDESTE,122.4,97.131946
,2022-10-03,83091,CAN-PACK CL NE,Consumidor Livre,NORDESTE,122.4,107.351938
,2022-10-04,83091,CAN-PACK CL NE,Consumidor Livre,NORDESTE,122.4,118.724975
,2022-10-05,83091,CAN-PACK CL NE,Consumidor Livre,NORDESTE,122.4,122.319914
,2022-10-06,83091,CAN-PACK CL NE,Consumidor Livre,NORDESTE,122.4,120.99557
,2022-10-07,83091,CAN-PACK CL NE,Consumidor Livre,NORDESTE,122.4,120.380047
,2022-10-08,83091,CAN-PACK CL NE,Consumidor Livre,NORDESTE,122.4,120.041257
,2022-10-09,83091,CAN-PACK CL NE,Consumidor Livre,NORDESTE,122.4,123.632942
,2022-10-10,83091,CAN-PACK CL NE,Consumidor Livre,NORDESTE,122.4,117.096628
,2022-10-11,83091,CAN-PACK CL NE,Consumidor Livre,NORDESTE,122.4,112.494224
,2022-10-12,83091,CAN-PACK CL NE,Consumidor Livre,NORDESTE,122.4,109.26378
,2022-10-13,83091,CAN-PACK CL NE,Consumidor Livre,NORDESTE,122.4,102.360812
,2022-10-14,83091,CAN-PACK CL NE,Consumidor Livre,NORDESTE,122.4,102.142599
,2022-10-15,83091,CAN-PACK CL NE,Consumidor Livre,NORDESTE,122.4,100.983218
,2022-10-16,83091,CAN-PACK CL NE,Consumidor Livre,NORDESTE,122.4,101.416482
,2022-10-17,83091,CAN-PACK CL NE,Consumidor Livre,NORDESTE,122.4,101.969904
,2022-10-18,83091,CAN-PACK CL NE,Consumidor Livre,NORDESTE,122.4,100.375651
,2022-10-19,83091,CAN-PACK CL NE,Consumidor Livre,NORDESTE,122.4,97.98416
,2022-10-20,83091,CAN-PACK CL NE,Consumidor Livre,NORDESTE,122.4,98.743067
,2022-10-21,83091,CAN-PACK CL NE,Consumidor Livre,NORDESTE,122.4,100.976729
,2022-10-22,83091,CAN-PACK CL NE,Consumidor Livre,NORDESTE,122.4,100.075031
,2022-10-23,83091,CAN-PACK CL NE,Consumidor Livre,NORDESTE,122.4,100.069999
,2022-10-24,83091,CAN-PACK CL NE,Consumidor Livre,NORDESTE,122.4,100.316549
,2022-10-25,83091,CAN-PACK CL NE,Consumidor Livre,NORDESTE,122.4,99.957321
,2022-10-26,83091,CAN-PACK CL NE,Consumidor Livre,NORDESTE,122.4,93.476729
,2022-10-27,83091,CAN-PACK CL NE,Consumidor Livre,NORDESTE,122.4,98.899751
,2022-10-28,83091,CAN-PACK CL NE,Consumidor Livre,NORDESTE,122.4,102.763833
,2022-10-29,83091,CAN-PACK CL NE,Consumidor Livre,NORDESTE,122.4,94.648783
,2022-10-30,83091,CAN-PACK CL NE,Consumidor Livre,NORDESTE,122.4,84.081596
,2022-10-31,83091,CAN-PACK CL NE,Consumidor Livre,NORDESTE,122.4,91.348827
,2022-11-01,83091,CAN-PACK CL NE,Consumidor Livre,NORDESTE,122.4,100.262682
,2022-11-02,83091,CAN-PACK CL NE,Consumidor Livre,NORDESTE,122.4,101.716899
,2022-11-03,83091,CAN-PACK CL NE,Consumidor Livre,NORDESTE,122.4,106.215832
,2022-11-04,83091,CAN-PACK CL NE,Consumidor Livre,NORDESTE,122.4,110.861228
,2022-11-05,83091,CAN-PACK CL NE,Consumidor Livre,NORDESTE,122.4,110.535714
,2022-11-06,83091,CAN-PACK CL NE,Consumidor Livre,NORDESTE,122.4,110.80055
,2022-11-07,83091,CAN-PACK CL NE,Consumidor Livre,NORDESTE,122.4,116.78041
,2022-11-08,83091,CAN-PACK CL NE,Consumidor Livre,NORDESTE,122.4,123.132353
,2022-11-09,83091,CAN-PACK CL NE,Consumidor Livre,NORDESTE,122.4,121.139838
,2022-11-10,83091,CAN-PACK CL NE,Consumidor Livre,NORDESTE,122.4,117.034508
,2022-11-11,83091,CAN-PACK CL NE,Consumidor Livre,NORDESTE,122.4,120.107641
,2022-11-12,83091,CAN-PACK CL NE,Consumidor Livre,NORDESTE,122.4,110.73879
,2022-11-13,83091,CAN-PACK CL NE,Consumidor Livre,NORDESTE,122.4,113.275044
,2022-11-14,83091,CAN-PACK CL NE,Consumidor Livre,NORDESTE,122.4,117.311718
,2022-11-15,83091,CAN-PACK CL NE,Consumidor Livre,NORDESTE,122.4,120.781062
,2022-11-16,83091,CAN-PACK CL NE,Consumidor Livre,NORDESTE,122.4,120.303002
,2022-11-17,83091,CAN-PACK CL NE,Consumidor Livre,NORDESTE,122.4,121.275161
,2022-11-18,83091,CAN-PACK CL NE,Consumidor Livre,NORDESTE,122.4,121.388431
,2022-11-19,83091,CAN-PACK CL NE,Consumidor Livre,NORDESTE,122.4,120.078384
,2022-11-20,83091,CAN-PACK CL NE,Consumidor Livre,NORDESTE,122.4,120.217531
,2022-11-21,83091,CAN-PACK CL NE,Consumidor Livre,NORDESTE,122.4,120.035353
,2022-11-22,83091,CAN-PACK CL NE,Consumidor Livre,NORDESTE,122.4,114.936915
,2022-11-23,83091,CAN-PACK CL NE,Consumidor Livre,NORDESTE,122.4,119.817803
,2022-11-24,83091,CAN-PACK CL NE,Consumidor Livre,NORDESTE,122.4,119.208352
,2022-11-25,83091,CAN-PACK CL NE,Consumidor Livre,NORDESTE,122.4,120.586814
,2022-11-26,83091,CAN-PACK CL NE,Consumidor Livre,NORDESTE,122.4,120.250226
,2022-11-27,83091,CAN-PACK CL NE,Consumidor Livre,NORDESTE,122.4,120.48783
,2022-11-28,83091,CAN-PACK CL NE,Consumidor Livre,NORDESTE,122.4,117.38719
,2022-11-29,83091,CAN-PACK CL NE,Consumidor Livre,NORDESTE,122.4,115.838331
,2022-11-30,83091,CAN-PACK CL NE,Consumidor Livre,NORDESTE,122.4,114.301757
,2022-12-01,83091,CAN-PACK CL NE,Consumidor Livre,NORDESTE,122.4,119.388217
,2022-12-02,83091,CAN-PACK CL NE,Consumidor Livre,NORDESTE,122.4,120.530225
,2022-12-03,83091,CAN-PACK CL NE,Consumidor Livre,NORDESTE,122.4,121.363685
,2022-12-04,83091,CAN-PACK CL NE,Consumidor Livre,NORDESTE,122.4,121.44744
,2022-12-05,83091,CAN-PACK CL NE,Consumidor Livre,NORDESTE,122.4,116.851789
,2022-12-06,83091,CAN-PACK CL NE,Consumidor Livre,NORDESTE,122.4,118.842289
,2022-12-07,83091,CAN-PACK CL NE,Consumidor Livre,NORDESTE,122.4,122.100871
,2022-12-08,83091,CAN-PACK CL NE,Consumidor Livre,NORDESTE,122.4,123.247515
,2022-12-09,83091,CAN-PACK CL NE,Consumidor Livre,NORDESTE,122.4,124.147057
,2022-12-10,83091,CAN-PACK CL NE,Consumidor Livre,NORDESTE,122.4,123.204785
,2022-12-11,83091,CAN-PACK CL NE,Consumidor Livre,NORDESTE,122.4,122.568011
,2022-12-12,83091,CAN-PACK CL NE,Consumidor Livre,NORDESTE,122.4,124.085381
,2022-12-13,83091,CAN-PACK CL NE,Consumidor Livre,NORDESTE,122.4,122.081714
,2022-12-14,83091,CAN-PACK CL NE,Consumidor Livre,NORDESTE,122.4,122.19183
,2022-12-15,83091,CAN-PACK CL NE,Consumidor Livre,NORDESTE,122.4,112.3132
,2022-12-16,83091,CAN-PACK CL NE,Consumidor Livre,NORDESTE,122.4,123.061858
,2022-12-17,83091,CAN-PACK CL NE,Consumidor Livre,NORDESTE,122.4,124.803292
,2022-12-18,83091,CAN-PACK CL NE,Consumidor Livre,NORDESTE,122.4,117.810827
,2022-12-19,83091,CAN-PACK CL NE,Consumidor Livre,NORDESTE,122.4,31.070325
,2022-12-20,83091,CAN-PACK CL NE,Consumidor Livre,NORDESTE,122.4,9.541725
,2022-12-21,83091,CAN-PACK CL NE,Consumidor Livre,NORDESTE,122.4,8.897489
,2022-12-22,83091,CAN-PACK CL NE,Consumidor Livre,NORDESTE,122.4,8.597895
,2022-12-23,83091,CAN-PACK CL NE,Consumidor Livre,NORDESTE,122.4,8.162577
,2022-12-24,83091,CAN-PACK CL NE,Consumidor Livre,NORDESTE,122.4,7.443866
,2022-12-25,83091,CAN-PACK CL NE,Consumidor Livre,NORDESTE,122.4,7.386859
,2022-12-26,83091,CAN-PACK CL NE,Consumidor Livre,NORDESTE,122.4,8.962621
,2022-12-27,83091,CAN-PACK CL NE,Consumidor Livre,NORDESTE,122.4,9.110287
,2022-12-28,83091,CAN-PACK CL NE,Consumidor Livre,NORDESTE,122.4,9.173161
,2022-12-29,83091,CAN-PACK CL NE,Consumidor Livre,NORDESTE,122.4,9.946927
,2022-12-30,83091,CAN-PACK CL NE,Consumidor Livre,NORDESTE,122.4,9.024897
,2022-12-31,83091,CAN-PACK CL NE,Consumidor Livre,NORDESTE,122.4,8.500232
,2023-01-01,83091,CAN-PACK CL NE,Consumidor Livre,NORDESTE,122.4,6.833993
,2023-01-02,83091,CAN-PACK CL NE,Consumidor Livre,NORDESTE,122.4,51.117415
,2023-01-03,83091,CAN-PACK CL NE,Consumidor Livre,NORDESTE,122.4,83.232835
,2023-01-04,83091,CAN-PACK CL NE,Consumidor Livre,NORDESTE,122.4,94.489391
,2023-01-05,83091,CAN-PACK CL NE,Consumidor Livre,NORDESTE,122.4,105.161313
,2023-01-06,83091,CAN-PACK CL NE,Consumidor Livre,NORDESTE,122.4,117.709011
,2023-01-07,83091,CAN-PACK CL NE,Consumidor Livre,NORDESTE,122.4,116.919663
,2023-01-08,83091,CAN-PACK CL NE,Consumidor Livre,NORDESTE,122.4,117.993426
,2023-01-09,83091,CAN-PACK CL NE,Consumidor Livre,NORDESTE,122.4,116.99378
,2023-01-10,83091,CAN-PACK CL NE,Consumidor Livre,NORDESTE,122.4,118.965091
,2023-01-11,83091,CAN-PACK CL NE,Consumidor Livre,NORDESTE,122.4,118.322564
,2023-01-12,83091,CAN-PACK CL NE,Consumidor Livre,NORDESTE,122.4,119.610326
,2023-01-13,83091,CAN-PACK CL NE,Consumidor Livre,NORDESTE,122.4,121.776642
,2023-01-14,83091,CAN-PACK CL NE,Consumidor Livre,NORDESTE,122.4,121.360098
,2023-01-15,83091,CAN-PACK CL NE,Consumidor Livre,NORDESTE,122.4,121.774863
,2023-01-16,83091,CAN-PACK CL NE,Consumidor Livre,NORDESTE,122.4,122.054931
,2023-01-17,83091,CAN-PACK CL NE,Consumidor Livre,NORDESTE,122.4,120.257426
,2023-01-18,83091,CAN-PACK CL NE,Consumidor Livre,NORDESTE,122.4,119.448266
,2023-01-19,83091,CAN-PACK CL NE,Consumidor Livre,NORDESTE,122.4,120.227679
,2023-01-20,83091,CAN-PACK CL NE,Consumidor Livre,NORDESTE,122.4,120.501157
,2023-01-21,83091,CAN-PACK CL NE,Consumidor Livre,NORDESTE,122.4,119.277043
,2023-01-22,83091,CAN-PACK CL NE,Consumidor Livre,NORDESTE,122.4,119.749589
,2023-01-23,83091,CAN-PACK CL NE,Consumidor Livre,NORDESTE,122.4,120.959229
,2023-01-24,83091,CAN-PACK CL NE,Consumidor Livre,NORDESTE,122.4,119.960406
,2023-01-25,83091,CAN-PACK CL NE,Consumidor Livre,NORDESTE,122.4,120.296753
,2023-01-26,83091,CAN-PACK CL NE,Consumidor Livre,NORDESTE,122.4,121.289334
,2023-01-27,83091,CAN-PACK CL NE,Consumidor Livre,NORDESTE,122.4,121.881637
,2023-01-28,83091,CAN-PACK CL NE,Consumidor Livre,NORDESTE,122.4,121.459547
,2023-01-29,83091,CAN-PACK CL NE,Consumidor Livre,NORDESTE,122.4,121.356386
,2023-01-30,83091,CAN-PACK CL NE,Consumidor Livre,NORDESTE,122.4,123.159337
,2023-01-31,83091,CAN-PACK CL NE,Consumidor Livre,NORDESTE,122.4,124.605735
,2023-02-01,83091,CAN-PACK CL NE,Consumidor Livre,NORDESTE,122.4,117.149778
,2023-02-02,83091,CAN-PACK CL NE,Consumidor Livre,NORDESTE,122.4,121.457628
,2023-02-03,83091,CAN-PACK CL NE,Consumidor Livre,NORDESTE,122.4,121.276921
,2023-02-04,83091,CAN-PACK CL NE,Consumidor Livre,NORDESTE,122.4,119.984261
,2023-02-05,83091,CAN-PACK CL NE,Consumidor Livre,NORDESTE,122.4,118.886341
,2023-02-06,83091,CAN-PACK CL NE,Consumidor Livre,NORDESTE,122.4,108.268692
,2023-02-07,83091,CAN-PACK CL NE,Consumidor Livre,NORDESTE,122.4,92.099848
,2023-02-08,83091,CAN-PACK CL NE,Consumidor Livre,NORDESTE,122.4,86.30063200000001
,2023-02-09,83091,CAN-PACK CL NE,Consumidor Livre,NORDESTE,122.4,83.045128
,2023-02-10,83091,CAN-PACK CL NE,Consumidor Livre,NORDESTE,122.4,84.446871
,2023-02-11,83091,CAN-PACK CL NE,Consumidor Livre,NORDESTE,122.4,49.348023
,2023-02-12,83091,CAN-PACK CL NE,Consumidor Livre,NORDESTE,122.4,33.447418
,2023-02-13,83091,CAN-PACK CL NE,Consumidor Livre,NORDESTE,122.4,29.509631
,2023-02-14,83091,CAN-PACK CL NE,Consumidor Livre,NORDESTE,122.4,22.629844
,2023-02-15,83091,CAN-PACK CL NE,Consumidor Livre,NORDESTE,122.4,20.596161
,2023-02-16,83091,CAN-PACK CL NE,Consumidor Livre,NORDESTE,122.4,18.758896
,2023-02-17,83091,CAN-PACK CL NE,Consumidor Livre,NORDESTE,122.4,18.635185
,2023-02-18,83091,CAN-PACK CL NE,Consumidor Livre,NORDESTE,122.4,15.520171
,2023-02-19,83091,CAN-PACK CL NE,Consumidor Livre,NORDESTE,122.4,19.389085
,2023-02-20,83091,CAN-PACK CL NE,Consumidor Livre,NORDESTE,122.4,17.597728
,2023-02-21,83091,CAN-PACK CL NE,Consumidor Livre,NORDESTE,122.4,6.746337
,2023-02-22,83091,CAN-PACK CL NE,Consumidor Livre,NORDESTE,122.4,17.761227
,2023-02-23,83091,CAN-PACK CL NE,Consumidor Livre,NORDESTE,122.4,17.021787
,2023-02-24,83091,CAN-PACK CL NE,Consumidor Livre,NORDESTE,122.4,18.76978
,2023-02-25,83091,CAN-PACK CL NE,Consumidor Livre,NORDESTE,122.4,36.066535
,2023-02-26,83091,CAN-PACK CL NE,Consumidor Livre,NORDESTE,122.4,54.763814
,2023-02-27,83091,CAN-PACK CL NE,Consumidor Livre,NORDESTE,122.4,68.83378
,2023-02-28,83091,CAN-PACK CL NE,Consumidor Livre,NORDESTE,122.4,74.554414
,2023-03-01,83091,CAN-PACK CL NE,Consumidor Livre,NORDESTE,122.4,83.266558
,2023-03-02,83091,CAN-PACK CL NE,Consumidor Livre,NORDESTE,122.4,94.160958
,2023-03-03,83091,CAN-PACK CL NE,Consumidor Livre,NORDESTE,122.4,97.036923
,2023-03-04,83091,CAN-PACK CL NE,Consumidor Livre,NORDESTE,122.4,99.12179
,2023-03-05,83091,CAN-PACK CL NE,Consumidor Livre,NORDESTE,122.4,99.595777
,2023-03-06,83091,CAN-PACK CL NE,Consumidor Livre,NORDESTE,122.4,100.131451
,2023-03-07,83091,CAN-PACK CL NE,Consumidor Livre,NORDESTE,122.4,103.211898
,2023-03-08,83091,CAN-PACK CL NE,Consumidor Livre,NORDESTE,122.4,99.86748
,2023-03-09,83091,CAN-PACK CL NE,Consumidor Livre,NORDESTE,122.4,95.15274
,2023-03-10,83091,CAN-PACK CL NE,Consumidor Livre,NORDESTE,122.4,86.455325
,2023-03-11,83091,CAN-PACK CL NE,Consumidor Livre,NORDESTE,122.4,84.145241
,2023-03-12,83091,CAN-PACK CL NE,Consumidor Livre,NORDESTE,122.4,81.33193
,2023-03-13,83091,CAN-PACK CL NE,Consumidor Livre,NORDESTE,122.4,89.773655
,2023-03-14,83091,CAN-PACK CL NE,Consumidor Livre,NORDESTE,122.4,99.670209
,2023-03-15,83091,CAN-PACK CL NE,Consumidor Livre,NORDESTE,122.4,103.327377
,2023-03-16,83091,CAN-PACK CL NE,Consumidor Livre,NORDESTE,122.4,107.129171
,2023-03-17,83091,CAN-PACK CL NE,Consumidor Livre,NORDESTE,122.4,106.924506
,2023-03-18,83091,CAN-PACK CL NE,Consumidor Livre,NORDESTE,122.4,104.804544
,2023-03-19,83091,CAN-PACK CL NE,Consumidor Livre,NORDESTE,122.4,99.656643
,2023-03-20,83091,CAN-PACK CL NE,Consumidor Livre,NORDESTE,122.4,104.191999
,2023-03-21,83091,CAN-PACK CL NE,Consumidor Livre,NORDESTE,122.4,108.619727
,2023-03-22,83091,CAN-PACK CL NE,Consumidor Livre,NORDESTE,122.4,108.765118
,2023-03-23,83091,CAN-PACK CL NE,Consumidor Livre,NORDESTE,122.4,109.501689
,2023-03-24,83091,CAN-PACK CL NE,Consumidor Livre,NORDESTE,122.4,108.895422
,2023-03-25,83091,CAN-PACK CL NE,Consumidor Livre,NORDESTE,122.4,101.773804
,2023-03-26,83091,CAN-PACK CL NE,Consumidor Livre,NORDESTE,122.4,105.503609
,2023-03-27,83091,CAN-PACK CL NE,Consumidor Livre,NORDESTE,122.4,108.816023
,2023-03-28,83091,CAN-PACK CL NE,Consumidor Livre,NORDESTE,122.4,100.954527
,2023-03-29,83091,CAN-PACK CL NE,Consumidor Livre,NORDESTE,122.4,89.565638
,2023-03-30,83091,CAN-PACK CL NE,Consumidor Livre,NORDESTE,122.4,85.657038
,2023-03-31,83091,CAN-PACK CL NE,Consumidor Livre,NORDESTE,122.4,84.452643
,2023-04-01,83091,CAN-PACK CL NE,Consumidor Livre,NORDESTE,122.4,84.75270400000001
,2023-04-02,83091,CAN-PACK CL NE,Consumidor Livre,NORDESTE,122.4,79.650929
,2023-04-03,83091,CAN-PACK CL NE,Consumidor Livre,NORDESTE,122.4,27.44174
,2023-04-04,83091,CAN-PACK CL NE,Consumidor Livre,NORDESTE,122.4,17.458709
,2023-04-05,83091,CAN-PACK CL NE,Consumidor Livre,NORDESTE,122.4,15.531492
,2023-04-06,83091,CAN-PACK CL NE,Consumidor Livre,NORDESTE,122.4,11.856971
,2023-04-07,83091,CAN-PACK CL NE,Consumidor Livre,NORDESTE,122.4,7.993017
,2023-04-08,83091,CAN-PACK CL NE,Consumidor Livre,NORDESTE,122.4,9.780932
,2023-04-09,83091,CAN-PACK CL NE,Consumidor Livre,NORDESTE,122.4,36.275247
,2023-04-10,83091,CAN-PACK CL NE,Consumidor Livre,NORDESTE,122.4,69.757314
,2023-04-11,83091,CAN-PACK CL NE,Consumidor Livre,NORDESTE,122.4,76.779112
,2023-04-12,83091,CAN-PACK CL NE,Consumidor Livre,NORDESTE,122.4,79.884024
,2023-04-13,83091,CAN-PACK CL NE,Consumidor Livre,NORDESTE,122.4,82.864663
,2023-04-14,83091,CAN-PACK CL NE,Consumidor Livre,NORDESTE,122.4,82.386036
,2023-04-15,83091,CAN-PACK CL NE,Consumidor Livre,NORDESTE,122.4,78.897248
,2023-04-16,83091,CAN-PACK CL NE,Consumidor Livre,NORDESTE,122.4,79.943096
,2023-04-17,83091,CAN-PACK CL NE,Consumidor Livre,NORDESTE,122.4,81.272058
,2023-04-18,83091,CAN-PACK CL NE,Consumidor Livre,NORDESTE,122.4,83.10590499999999
,2023-04-19,83091,CAN-PACK CL NE,Consumidor Livre,NORDESTE,122.4,80.952402
,2023-04-20,83091,CAN-PACK CL NE,Consumidor Livre,NORDESTE,122.4,82.102506
,2023-04-21,83091,CAN-PACK CL NE,Consumidor Livre,NORDESTE,122.4,79.06901
,2023-04-22,83091,CAN-PACK CL NE,Consumidor Livre,NORDESTE,122.4,78.589098
,2023-04-23,83091,CAN-PACK CL NE,Consumidor Livre,NORDESTE,122.4,78.251709
,2023-04-24,83091,CAN-PACK CL NE,Consumidor Livre,NORDESTE,122.4,86.723199
,2023-04-25,83091,CAN-PACK CL NE,Consumidor Livre,NORDESTE,122.4,102.629621
,2023-04-26,83091,CAN-PACK CL NE,Consumidor Livre,NORDESTE,122.4,27.231572
,2023-04-27,83091,CAN-PACK CL NE,Consumidor Livre,NORDESTE,122.4,4.726273
,2023-04-28,83091,CAN-PACK CL NE,Consumidor Livre,NORDESTE,122.4,5.123989
,2023-04-29,83091,CAN-PACK CL NE,Consumidor Livre,NORDESTE,122.4,4.747667
,2023-04-30,83091,CAN-PACK CL NE,Consumidor Livre,NORDESTE,122.4,4.796306
,2023-05-01,83091,CAN-PACK CL NE,Consumidor Livre,NORDESTE,122.4,4.742839
,2023-05-02,83091,CAN-PACK CL NE,Consumidor Livre,NORDESTE,122.4,5.687952
,2023-05-03,83091,CAN-PACK CL NE,Consumidor Livre,NORDESTE,122.4,5.616988
,2023-05-04,83091,CAN-PACK CL NE,Consumidor Livre,NORDESTE,122.4,5.56823
,2023-05-05,83091,CAN-PACK CL NE,Consumidor Livre,NORDESTE,122.4,5.35608
,2023-05-06,83091,CAN-PACK CL NE,Consumidor Livre,NORDESTE,122.4,4.844561
,2023-05-07,83091,CAN-PACK CL NE,Consumidor Livre,NORDESTE,122.4,4.7013300000000005
,2023-05-08,83091,CAN-PACK CL NE,Consumidor Livre,NORDESTE,122.4,5.465765
,2023-05-09,83091,CAN-PACK CL NE,Consumidor Livre,NORDESTE,122.4,5.759298
,2023-05-10,83091,CAN-PACK CL NE,Consumidor Livre,NORDESTE,122.4,5.755994
,2023-05-11,83091,CAN-PACK CL NE,Consumidor Livre,NORDESTE,122.4,5.75349
,2023-05-12,83091,CAN-PACK CL NE,Consumidor Livre,NORDESTE,122.4,5.363471
,2023-05-13,83091,CAN-PACK CL NE,Consumidor Livre,NORDESTE,122.4,5.06422
,2023-05-14,83091,CAN-PACK CL NE,Consumidor Livre,NORDESTE,122.4,4.820035
,2023-05-15,83091,CAN-PACK CL NE,Consumidor Livre,NORDESTE,122.4,5.375501
,2023-05-16,83091,CAN-PACK CL NE,Consumidor Livre,NORDESTE,122.4,5.205112
,2023-05-17,83091,CAN-PACK CL NE,Consumidor Livre,NORDESTE,122.4,3.141099
,2023-05-18,83091,CAN-PACK CL NE,Consumidor Livre,NORDESTE,122.4,3.007199
,2023-05-19,83091,CAN-PACK CL NE,Consumidor Livre,NORDESTE,122.4,3.626808
,2023-05-20,83091,CAN-PACK CL NE,Consumidor Livre,NORDESTE,122.4,5.171881
,2023-05-21,83091,CAN-PACK CL NE,Consumidor Livre,NORDESTE,122.4,5.365281
,2023-05-22,83091,CAN-PACK CL NE,Consumidor Livre,NORDESTE,122.4,5.486876
,2023-05-23,83091,CAN-PACK CL NE,Consumidor Livre,NORDESTE,122.4,2.875329
,2023-05-24,83091,CAN-PACK CL NE,Consumidor Livre,NORDESTE,122.4,5.466117
,2023-05-25,83091,CAN-PACK CL NE,Consumidor Livre,NORDESTE,122.4,15.898615
,2023-05-26,83091,CAN-PACK CL NE,Consumidor Livre,NORDESTE,122.4,47.126079
,2023-05-27,83091,CAN-PACK CL NE,Consumidor Livre,NORDESTE,122.4,89.844807
,2023-05-28,83091,CAN-PACK CL NE,Consumidor Livre,NORDESTE,122.4,99.755961
,2023-05-29,83091,CAN-PACK CL NE,Consumidor Livre,NORDESTE,122.4,97.463203
,2023-05-30,83091,CAN-PACK CL NE,Consumidor Livre,NORDESTE,122.4,90.933022
,2023-05-31,83091,CAN-PACK CL NE,Consumidor Livre,NORDESTE,122.4,89.12425
,2023-06-01,83091,CAN-PACK CL NE,Consumidor Livre,NORDESTE,122.4,88.558943
,2023-06-02,83091,CAN-PACK CL NE,Consumidor Livre,NORDESTE,122.4,88.147245
,2023-06-03,83091,CAN-PACK CL NE,Consumidor Livre,NORDESTE,122.4,91.145435
,2023-06-04,83091,CAN-PACK CL NE,Consumidor Livre,NORDESTE,122.4,90.830944
,2023-06-05,83091,CAN-PACK CL NE,Consumidor Livre,NORDESTE,122.4,87.927515
,2023-06-06,83091,CAN-PACK CL NE,Consumidor Livre,NORDESTE,122.4,88.602281
,2023-06-07,83091,CAN-PACK CL NE,Consumidor Livre,NORDESTE,122.4,92.947321
,2023-06-08,83091,CAN-PACK CL NE,Consumidor Livre,NORDESTE,122.4,93.87697
,2023-06-09,83091,CAN-PACK CL NE,Consumidor Livre,NORDESTE,122.4,94.375491
,2023-06-10,83091,CAN-PACK CL NE,Consumidor Livre,NORDESTE,122.4,93.312206
,2023-06-11,83091,CAN-PACK CL NE,Consumidor Livre,NORDESTE,122.4,82.706581
,2023-06-12,83091,CAN-PACK CL NE,Consumidor Livre,NORDESTE,122.4,77.292221
,2023-06-13,83091,CAN-PACK CL NE,Consumidor Livre,NORDESTE,122.4,26.424414
,2023-06-14,83091,CAN-PACK CL NE,Consumidor Livre,NORDESTE,122.4,42.032453
,2023-06-15,83091,CAN-PACK CL NE,Consumidor Livre,NORDESTE,122.4,77.475476
,2023-06-16,83091,CAN-PACK CL NE,Consumidor Livre,NORDESTE,122.4,79.339526
,2023-06-17,83091,CAN-PACK CL NE,Consumidor Livre,NORDESTE,122.4,78.70794599999999
,2023-06-18,83091,CAN-PACK CL NE,Consumidor Livre,NORDESTE,122.4,76.858461
,2023-06-19,83091,CAN-PACK CL NE,Consumidor Livre,NORDESTE,122.4,47.928287
,2023-06-20,83091,CAN-PACK CL NE,Consumidor Livre,NORDESTE,122.4,35.690889
,2023-06-21,83091,CAN-PACK CL NE,Consumidor Livre,NORDESTE,122.4,35.086273
,2023-06-22,83091,CAN-PACK CL NE,Consumidor Livre,NORDESTE,122.4,36.373008
,2023-06-23,83091,CAN-PACK CL NE,Consumidor Livre,NORDESTE,122.4,36.276154
,2023-06-24,83091,CAN-PACK CL NE,Consumidor Livre,NORDESTE,122.4,19.351489
,2023-06-25,83091,CAN-PACK CL NE,Consumidor Livre,NORDESTE,122.4,37.513936
,2023-06-26,83091,CAN-PACK CL NE,Consumidor Livre,NORDESTE,122.4,72.200185
,2023-06-27,83091,CAN-PACK CL NE,Consumidor Livre,NORDESTE,122.4,76.53845
,2023-06-28,83091,CAN-PACK CL NE,Consumidor Livre,NORDESTE,122.4,77.401412
,2023-06-29,83091,CAN-PACK CL NE,Consumidor Livre,NORDESTE,122.4,76.836464
,2023-06-30,83091,CAN-PACK CL NE,Consumidor Livre,NORDESTE,122.4,74.39837
,2023-07-01,83091,CAN-PACK CL NE,Consumidor Livre,NORDESTE,122.4,85.642366
,2023-07-02,83091,CAN-PACK CL NE,Consumidor Livre,NORDESTE,122.4,100.296652
,2023-07-03,83091,CAN-PACK CL NE,Consumidor Livre,NORDESTE,122.4,103.499402
,2023-07-04,83091,CAN-PACK CL NE,Consumidor Livre,NORDESTE,122.4,113.653035
,2023-07-05,83091,CAN-PACK CL NE,Consumidor Livre,NORDESTE,122.4,118.206899
,2023-07-06,83091,CAN-PACK CL NE,Consumidor Livre,NORDESTE,122.4,118.889134
,2023-07-07,83091,CAN-PACK CL NE,Consumidor Livre,NORDESTE,122.4,94.834988
,2023-07-08,83091,CAN-PACK CL NE,Consumidor Livre,NORDESTE,122.4,109.102178
,2023-07-09,83091,CAN-PACK CL NE,Consumidor Livre,NORDESTE,122.4,118.792958
,2023-07-10,83091,CAN-PACK CL NE,Consumidor Livre,NORDESTE,122.4,119.182796
,2023-07-11,83091,CAN-PACK CL NE,Consumidor Livre,NORDESTE,122.4,115.506883
,2023-07-12,83091,CAN-PACK CL NE,Consumidor Livre,NORDESTE,122.4,113.683754
,2023-07-13,83091,CAN-PACK CL NE,Consumidor Livre,NORDESTE,122.4,115.674869
,2023-07-14,83091,CAN-PACK CL NE,Consumidor Livre,NORDESTE,122.4,113.541237
,2023-07-15,83091,CAN-PACK CL NE,Consumidor Livre,NORDESTE,122.4,115.50774
,2023-07-16,83091,CAN-PACK CL NE,Consumidor Livre,NORDESTE,122.4,116.665167
,2023-07-17,83091,CAN-PACK CL NE,Consumidor Livre,NORDESTE,122.4,117.108012
,2023-07-18,83091,CAN-PACK CL NE,Consumidor Livre,NORDESTE,122.4,114.70778
,2023-07-19,83091,CAN-PACK CL NE,Consumidor Livre,NORDESTE,122.4,115.463777
,2023-07-20,83091,CAN-PACK CL NE,Consumidor Livre,NORDESTE,122.4,114.404734
,2023-07-21,83091,CAN-PACK CL NE,Consumidor Livre,NORDESTE,122.4,112.869348
,2023-07-22,83091,CAN-PACK CL NE,Consumidor Livre,NORDESTE,122.4,114.275441
,2023-07-23,83091,CAN-PACK CL NE,Consumidor Livre,NORDESTE,122.4,117.210346
,2023-07-24,83091,CAN-PACK CL NE,Consumidor Livre,NORDESTE,122.4,117.14847
,2023-07-25,83091,CAN-PACK CL NE,Consumidor Livre,NORDESTE,122.4,115.062978
,2023-07-26,83091,CAN-PACK CL NE,Consumidor Livre,NORDESTE,122.4,117.006306
,2023-07-27,83091,CAN-PACK CL NE,Consumidor Livre,NORDESTE,122.4,115.063859
,2023-07-28,83091,CAN-PACK CL NE,Consumidor Livre,NORDESTE,122.4,94.886013
,2023-07-29,83091,CAN-PACK CL NE,Consumidor Livre,NORDESTE,122.4,38.824303
,2023-07-30,83091,CAN-PACK CL NE,Consumidor Livre,NORDESTE,122.4,27.498401
,2023-07-31,83091,CAN-PACK CL NE,Consumidor Livre,NORDESTE,122.4,61.19224
,2023-08-01,83091,CAN-PACK CL NE,Consumidor Livre,NORDESTE,122.4,69.54097
,2023-08-02,83091,CAN-PACK CL NE,Consumidor Livre,NORDESTE,122.4,71.89153400000001
,2023-08-03,83091,CAN-PACK CL NE,Consumidor Livre,NORDESTE,122.4,72.031488
,2023-08-04,83091,CAN-PACK CL NE,Consumidor Livre,NORDESTE,122.4,58.623645
,2023-08-05,83091,CAN-PACK CL NE,Consumidor Livre,NORDESTE,122.4,23.497398
,2023-08-06,83091,CAN-PACK CL NE,Consumidor Livre,NORDESTE,122.4,55.64121
,2023-08-07,83091,CAN-PACK CL NE,Consumidor Livre,NORDESTE,122.4,85.901379
,2023-08-08,83091,CAN-PACK CL NE,Consumidor Livre,NORDESTE,122.4,88.015144
,2023-08-09,83091,CAN-PACK CL NE,Consumidor Livre,NORDESTE,122.4,89.012455
,2023-08-10,83091,CAN-PACK CL NE,Consumidor Livre,NORDESTE,122.4,88.533833
,2023-08-11,83091,CAN-PACK CL NE,Consumidor Livre,NORDESTE,122.4,90.653381
,2023-08-12,83091,CAN-PACK CL NE,Consumidor Livre,NORDESTE,122.4,90.798816
,2023-08-13,83091,CAN-PACK CL NE,Consumidor Livre,NORDESTE,122.4,91.033611
,2023-08-14,83091,CAN-PACK CL NE,Consumidor Livre,NORDESTE,122.4,92.00429
,2023-08-15,83091,CAN-PACK CL NE,Consumidor Livre,NORDESTE,122.4,72.898417
,2023-08-16,83091,CAN-PACK CL NE,Consumidor Livre,NORDESTE,122.4,73.868822
,2023-08-17,83091,CAN-PACK CL NE,Consumidor Livre,NORDESTE,122.4,74.045372
,2023-08-18,83091,CAN-PACK CL NE,Consumidor Livre,NORDESTE,122.4,74.372123
,2023-08-19,83091,CAN-PACK CL NE,Consumidor Livre,NORDESTE,122.4,74.07169
,2023-08-20,83091,CAN-PACK CL NE,Consumidor Livre,NORDESTE,122.4,74.093299
,2023-08-21,83091,CAN-PACK CL NE,Consumidor Livre,NORDESTE,122.4,67.127967
,2023-08-22,83091,CAN-PACK CL NE,Consumidor Livre,NORDESTE,122.4,70.998874
,2023-08-23,83091,CAN-PACK CL NE,Consumidor Livre,NORDESTE,122.4,82.078147
,2023-08-24,83091,CAN-PACK CL NE,Consumidor Livre,NORDESTE,122.4,90.252595
,2023-08-25,83091,CAN-PACK CL NE,Consumidor Livre,NORDESTE,122.4,93.139371
,2023-08-26,83091,CAN-PACK CL NE,Consumidor Livre,NORDESTE,122.4,96.815554
,2023-08-27,83091,CAN-PACK CL NE,Consumidor Livre,NORDESTE,122.4,95.124485
,2023-08-28,83091,CAN-PACK CL NE,Consumidor Livre,NORDESTE,122.4,96.459323
,2023-08-29,83091,CAN-PACK CL NE,Consumidor Livre,NORDESTE,122.4,97.271203
,2023-08-30,83091,CAN-PACK CL NE,Consumidor Livre,NORDESTE,122.4,97.099637
,2023-08-31,83091,CAN-PACK CL NE,Consumidor Livre,NORDESTE,122.4,94.356735
,2023-09-01,83091,CAN-PACK CL NE,Consumidor Livre,NORDESTE,122.4,94.802433
,2023-09-02,83091,CAN-PACK CL NE,Consumidor Livre,NORDESTE,122.4,93.319584
,2023-09-03,83091,CAN-PACK CL NE,Consumidor Livre,NORDESTE,122.4,96.83142
,2023-09-04,83091,CAN-PACK CL NE,Consumidor Livre,NORDESTE,122.4,101.539498
,2023-09-05,83091,CAN-PACK CL NE,Consumidor Livre,NORDESTE,122.4,102.346995
,2023-09-06,83091,CAN-PACK CL NE,Consumidor Livre,NORDESTE,122.4,117.871526
,2023-09-07,83091,CAN-PACK CL NE,Consumidor Livre,NORDESTE,122.4,101.841409
,2023-09-08,83091,CAN-PACK CL NE,Consumidor Livre,NORDESTE,122.4,110.105934
,2023-09-09,83091,CAN-PACK CL NE,Consumidor Livre,NORDESTE,122.4,117.767676
,2023-09-10,83091,CAN-PACK CL NE,Consumidor Livre,NORDESTE,122.4,117.102537
,2023-09-11,83091,CAN-PACK CL NE,Consumidor Livre,NORDESTE,122.4,117.804889
,2023-09-12,83091,CAN-PACK CL NE,Consumidor Livre,NORDESTE,122.4,120.446511
,2023-09-13,83091,CAN-PACK CL NE,Consumidor Livre,NORDESTE,122.4,122.86095
,2023-09-14,83091,CAN-PACK CL NE,Consumidor Livre,NORDESTE,122.4,119.159042
,2023-09-15,83091,CAN-PACK CL NE,Consumidor Livre,NORDESTE,122.4,122.496933
,2023-09-16,83091,CAN-PACK CL NE,Consumidor Livre,NORDESTE,122.4,124.365192
,2023-09-17,83091,CAN-PACK CL NE,Consumidor Livre,NORDESTE,122.4,125.07027
,2023-09-18,83091,CAN-PACK CL NE,Consumidor Livre,NORDESTE,122.4,123.968362
,2023-09-19,83091,CAN-PACK CL NE,Consumidor Livre,NORDESTE,122.4,123.432613
,2023-09-20,83091,CAN-PACK CL NE,Consumidor Livre,NORDESTE,122.4,113.701041
,2023-09-21,83091,CAN-PACK CL NE,Consumidor Livre,NORDESTE,122.4,104.26624
,2023-09-22,83091,CAN-PACK CL NE,Consumidor Livre,NORDESTE,122.4,104.255113
,2023-09-23,83091,CAN-PACK CL NE,Consumidor Livre,NORDESTE,122.4,100.604105
,2023-09-24,83091,CAN-PACK CL NE,Consumidor Livre,NORDESTE,122.4,102.530574
,2023-09-25,83091,CAN-PACK CL NE,Consumidor Livre,NORDESTE,122.4,53.495146
,2023-09-26,83091,CAN-PACK CL NE,Consumidor Livre,NORDESTE,122.4,99.791247
,2023-09-27,83091,CAN-PACK CL NE,Consumidor Livre,NORDESTE,122.4,99.752148
,2023-09-28,83091,CAN-PACK CL NE,Consumidor Livre,NORDESTE,122.4,101.022645
,2023-09-29,83091,CAN-PACK CL NE,Consumidor Livre,NORDESTE,122.4,105.267757
,2023-09-30,83091,CAN-PACK CL NE,Consumidor Livre,NORDESTE,122.4,104.850849
,2023-10-01,83091,CAN-PACK CL NE,Consumidor Livre,NORDESTE,122.4,108.00692
,2023-10-02,83091,CAN-PACK CL NE,Consumidor Livre,NORDESTE,122.4,101.056661
,2023-10-03,83091,CAN-PACK CL NE,Consumidor Livre,NORDESTE,122.4,106.457724
,2023-10-04,83091,CAN-PACK CL NE,Consumidor Livre,NORDESTE,122.4,108.96317
,2023-10-05,83091,CAN-PACK CL NE,Consumidor Livre,NORDESTE,122.4,103.98081
,2023-10-06,83091,CAN-PACK CL NE,Consumidor Livre,NORDESTE,122.4,107.65977
,2023-10-07,83091,CAN-PACK CL NE,Consumidor Livre,NORDESTE,122.4,107.799455
,2023-10-08,83091,CAN-PACK CL NE,Consumidor Livre,NORDESTE,122.4,106.742238
,2023-10-09,83091,CAN-PACK CL NE,Consumidor Livre,NORDESTE,122.4,116.503044
,2023-10-10,83091,CAN-PACK CL NE,Consumidor Livre,NORDESTE,122.4,112.22631
,2023-10-11,83091,CAN-PACK CL NE,Consumidor Livre,NORDESTE,122.4,116.808271
,2023-10-12,83091,CAN-PACK CL NE,Consumidor Livre,NORDESTE,122.4,109.656705
,2023-10-13,83091,CAN-PACK CL NE,Consumidor Livre,NORDESTE,122.4,109.801669
,2023-10-14,83091,CAN-PACK CL NE,Consumidor Livre,NORDESTE,122.4,116.30694
,2023-10-15,83091,CAN-PACK CL NE,Consumidor Livre,NORDESTE,122.4,116.021346
,2023-10-16,83091,CAN-PACK CL NE,Consumidor Livre,NORDESTE,122.4,115.919399
,2023-10-17,83091,CAN-PACK CL NE,Consumidor Livre,NORDESTE,122.4,114.962668
,2023-10-18,83091,CAN-PACK CL NE,Consumidor Livre,NORDESTE,122.4,113.995232
,2023-10-19,83091,CAN-PACK CL NE,Consumidor Livre,NORDESTE,122.4,113.715982
,2023-10-20,83091,CAN-PACK CL NE,Consumidor Livre,NORDESTE,122.4,114.60721
,2023-10-21,83091,CAN-PACK CL NE,Consumidor Livre,NORDESTE,122.4,115.831278
,2023-10-22,83091,CAN-PACK CL NE,Consumidor Livre,NORDESTE,122.4,115.118653
,2023-10-23,83091,CAN-PACK CL NE,Consumidor Livre,NORDESTE,122.4,116.249196
,2023-10-24,83091,CAN-PACK CL NE,Consumidor Livre,NORDESTE,122.4,115.956688
,2023-10-25,83091,CAN-PACK CL NE,Consumidor Livre,NORDESTE,122.4,110.076891
,2023-10-26,83091,CAN-PACK CL NE,Consumidor Livre,NORDESTE,122.4,115.045905
,2023-10-27,83091,CAN-PACK CL NE,Consumidor Livre,NORDESTE,122.4,116.752542
,2023-10-28,83091,CAN-PACK CL NE,Consumidor Livre,NORDESTE,122.4,118.75242
,2023-10-29,83091,CAN-PACK CL NE,Consumidor Livre,NORDESTE,122.4,116.343138
,2023-10-30,83091,CAN-PACK CL NE,Consumidor Livre,NORDESTE,122.4,113.613209
,2023-10-31,83091,CAN-PACK CL NE,Consumidor Livre,NORDESTE,122.4,104.724254
,2023-11-01,83091,CAN-PACK CL NE,Consumidor Livre,NORDESTE,122.4,103.68148
,2023-11-02,83091,CAN-PACK CL NE,Consumidor Livre,NORDESTE,122.4,103.359302
,2023-11-03,83091,CAN-PACK CL NE,Consumidor Livre,NORDESTE,122.4,112.326992
,2023-11-04,83091,CAN-PACK CL NE,Consumidor Livre,NORDESTE,122.4,115.992205
,2023-11-05,83091,CAN-PACK CL NE,Consumidor Livre,NORDESTE,122.4,116.487591
,2023-11-06,83091,CAN-PACK CL NE,Consumidor Livre,NORDESTE,122.4,118.266858
,2023-11-07,83091,CAN-PACK CL NE,Consumidor Livre,NORDESTE,122.4,112.750267
,2023-11-08,83091,CAN-PACK CL NE,Consumidor Livre,NORDESTE,122.4,113.24444
,2023-11-09,83091,CAN-PACK CL NE,Consumidor Livre,NORDESTE,122.4,112.585323
,2023-11-10,83091,CAN-PACK CL NE,Consumidor Livre,NORDESTE,122.4,114.848505
,2023-11-11,83091,CAN-PACK CL NE,Consumidor Livre,NORDESTE,122.4,114.768176
,2023-11-12,83091,CAN-PACK CL NE,Consumidor Livre,NORDESTE,122.4,113.876938
,2023-11-13,83091,CAN-PACK CL NE,Consumidor Livre,NORDESTE,122.4,114.720024
,2023-11-14,83091,CAN-PACK CL NE,Consumidor Livre,NORDESTE,122.4,115.835333
,2023-11-15,83091,CAN-PACK CL NE,Consumidor Livre,NORDESTE,122.4,110.673263
,2023-11-16,83091,CAN-PACK CL NE,Consumidor Livre,NORDESTE,122.4,107.315912
,2023-11-17,83091,CAN-PACK CL NE,Consumidor Livre,NORDESTE,122.4,108.885721
,2023-11-18,83091,CAN-PACK CL NE,Consumidor Livre,NORDESTE,122.4,107.562007
,2023-11-19,83091,CAN-PACK CL NE,Consumidor Livre,NORDESTE,122.4,109.357258
,2023-11-20,83091,CAN-PACK CL NE,Consumidor Livre,NORDESTE,122.4,108.695843
,2023-11-21,83091,CAN-PACK CL NE,Consumidor Livre,NORDESTE,122.4,104.915752
,2023-11-22,83091,CAN-PACK CL NE,Consumidor Livre,NORDESTE,122.4,107.449103
,2023-11-23,83091,CAN-PACK CL NE,Consumidor Livre,NORDESTE,122.4,108.529424
,2023-11-24,83091,CAN-PACK CL NE,Consumidor Livre,NORDESTE,122.4,104.286355
,2023-11-25,83091,CAN-PACK CL NE,Consumidor Livre,NORDESTE,122.4,107.647936
,2023-11-26,83091,CAN-PACK CL NE,Consumidor Livre,NORDESTE,122.4,106.3328
,2023-11-27,83091,CAN-PACK CL NE,Consumidor Livre,NORDESTE,122.4,107.670491
,2023-11-28,83091,CAN-PACK CL NE,Consumidor Livre,NORDESTE,122.4,110.491897
,2023-11-29,83091,CAN-PACK CL NE,Consumidor Livre,NORDESTE,122.4,117.663232
,2023-11-30,83091,CAN-PACK CL NE,Consumidor Livre,NORDESTE,122.4,118.421895
,2023-12-01,83091,CAN-PACK CL NE,Consumidor Livre,NORDESTE,122.4,119.42694
,2023-12-02,83091,CAN-PACK CL NE,Consumidor Livre,NORDESTE,122.4,116.089502
,2023-12-03,83091,CAN-PACK CL NE,Consumidor Livre,NORDESTE,122.4,116.1748
,2023-12-04,83091,CAN-PACK CL NE,Consumidor Livre,NORDESTE,122.4,115.887852
,2023-12-05,83091,CAN-PACK CL NE,Consumidor Livre,NORDESTE,122.4,114.055902
,2023-12-06,83091,CAN-PACK CL NE,Consumidor Livre,NORDESTE,122.4,109.860965
,2023-12-07,83091,CAN-PACK CL NE,Consumidor Livre,NORDESTE,122.4,112.014531
,2023-12-08,83091,CAN-PACK CL NE,Consumidor Livre,NORDESTE,122.4,109.250615
,2023-12-09,83091,CAN-PACK CL NE,Consumidor Livre,NORDESTE,122.4,115.1617
,2023-12-10,83091,CAN-PACK CL NE,Consumidor Livre,NORDESTE,122.4,115.652738
,2023-12-11,83091,CAN-PACK CL NE,Consumidor Livre,NORDESTE,122.4,117.209886
,2023-12-12,83091,CAN-PACK CL NE,Consumidor Livre,NORDESTE,122.4,117.271147
,2023-12-13,83091,CAN-PACK CL NE,Consumidor Livre,NORDESTE,122.4,118.095705
,2023-12-14,83091,CAN-PACK CL NE,Consumidor Livre,NORDESTE,122.4,118.641515
,2023-12-15,83091,CAN-PACK CL NE,Consumidor Livre,NORDESTE,122.4,117.961759
,2023-12-16,83091,CAN-PACK CL NE,Consumidor Livre,NORDESTE,122.4,117.497201
,2023-12-17,83091,CAN-PACK CL NE,Consumidor Livre,NORDESTE,122.4,116.619293
,2023-12-18,83091,CAN-PACK CL NE,Consumidor Livre,NORDESTE,122.4,105.639504
,2023-12-19,83091,CAN-PACK CL NE,Consumidor Livre,NORDESTE,122.4,98.018009
,2023-12-20,83091,CAN-PACK CL NE,Consumidor Livre,NORDESTE,122.4,94.263356
,2023-12-21,83091,CAN-PACK CL NE,Consumidor Livre,NORDESTE,122.4,94.087836
,2023-12-22,83091,CAN-PACK CL NE,Consumidor Livre,NORDESTE,122.4,97.403807
,2023-12-23,83091,CAN-PACK CL NE,Consumidor Livre,NORDESTE,122.4,98.05885
,2023-12-24,83091,CAN-PACK CL NE,Consumidor Livre,NORDESTE,122.4,80.050212
,2023-12-25,83091,CAN-PACK CL NE,Consumidor Livre,NORDESTE,122.4,29.087927
,2023-12-26,83091,CAN-PACK CL NE,Consumidor Livre,NORDESTE,122.4,69.21588
,2023-12-27,83091,CAN-PACK CL NE,Consumidor Livre,NORDESTE,122.4,86.717057
,2023-12-28,83091,CAN-PACK CL NE,Consumidor Livre,NORDESTE,122.4,90.150669
,2023-12-29,83091,CAN-PACK CL NE,Consumidor Livre,NORDESTE,122.4,91.995269
,2023-12-30,83091,CAN-PACK CL NE,Consumidor Livre,NORDESTE,122.4,100.017652
,2023-12-31,83091,CAN-PACK CL NE,Consumidor Livre,NORDESTE,122.4,86.249762
,2024-01-01,83091,CAN-PACK CL NE,Consumidor Livre,NORDESTE,122.4,39.296085000000005
,2024-01-02,83091,CAN-PACK CL NE,Consumidor Livre,NORDESTE,122.4,108.90918
,2024-01-03,83091,CAN-PACK CL NE,Consumidor Livre,NORDESTE,122.4,105.84471
,2024-01-04,83091,CAN-PACK CL NE,Consumidor Livre,NORDESTE,122.4,111.295629
,2024-01-05,83091,CAN-PACK CL NE,Consumidor Livre,NORDESTE,122.4,112.264909
,2024-01-06,83091,CAN-PACK CL NE,Consumidor Livre,NORDESTE,122.4,112.524497
,2024-01-07,83091,CAN-PACK CL NE,Consumidor Livre,NORDESTE,122.4,112.990492
,2024-01-08,83091,CAN-PACK CL NE,Consumidor Livre,NORDESTE,122.4,113.99873
,2024-01-09,83091,CAN-PACK CL NE,Consumidor Livre,NORDESTE,122.4,114.776044
,2024-01-10,83091,CAN-PACK CL NE,Consumidor Livre,NORDESTE,122.4,115.789802
,2024-01-11,83091,CAN-PACK CL NE,Consumidor Livre,NORDESTE,122.4,115.527374
,2024-01-12,83091,CAN-PACK CL NE,Consumidor Livre,NORDESTE,122.4,116.44533
,2024-01-13,83091,CAN-PACK CL NE,Consumidor Livre,NORDESTE,122.4,117.338616
,2024-01-14,83091,CAN-PACK CL NE,Consumidor Livre,NORDESTE,122.4,117.214014
,2024-01-15,83091,CAN-PACK CL NE,Consumidor Livre,NORDESTE,122.4,116.740031
,2024-01-16,83091,CAN-PACK CL NE,Consumidor Livre,NORDESTE,122.4,114.47662
,2024-01-17,83091,CAN-PACK CL NE,Consumidor Livre,NORDESTE,122.4,108.72849
,2024-01-18,83091,CAN-PACK CL NE,Consumidor Livre,NORDESTE,122.4,112.766237
,2024-01-19,83091,CAN-PACK CL NE,Consumidor Livre,NORDESTE,122.4,116.234877
,2024-01-20,83091,CAN-PACK CL NE,Consumidor Livre,NORDESTE,122.4,117.518871
,2024-01-21,83091,CAN-PACK CL NE,Consumidor Livre,NORDESTE,122.4,117.94862
,2024-01-22,83091,CAN-PACK CL NE,Consumidor Livre,NORDESTE,122.4,112.09516
,2024-01-23,83091,CAN-PACK CL NE,Consumidor Livre,NORDESTE,122.4,117.680403
,2024-01-24,83091,CAN-PACK CL NE,Consumidor Livre,NORDESTE,122.4,116.658483
,2024-01-25,83091,CAN-PACK CL NE,Consumidor Livre,NORDESTE,122.4,114.354231
,2024-01-26,83091,CAN-PACK CL NE,Consumidor Livre,NORDESTE,122.4,113.696044
,2024-01-27,83091,CAN-PACK CL NE,Consumidor Livre,NORDESTE,122.4,118.194222
,2024-01-28,83091,CAN-PACK CL NE,Consumidor Livre,NORDESTE,122.4,118.20059
,2024-01-29,83091,CAN-PACK CL NE,Consumidor Livre,NORDESTE,122.4,118.923408
,2024-01-30,83091,CAN-PACK CL NE,Consumidor Livre,NORDESTE,122.4,117.552907
,2024-01-31,83091,CAN-PACK CL NE,Consumidor Livre,NORDESTE,122.4,119.722914
,2024-02-01,83091,CAN-PACK CL NE,Consumidor Livre,NORDESTE,122.4,118.883679
,2024-02-02,83091,CAN-PACK CL NE,Consumidor Livre,NORDESTE,122.4,118.9244
,2024-02-03,83091,CAN-PACK CL NE,Consumidor Livre,NORDESTE,122.4,119.2183
,2024-02-04,83091,CAN-PACK CL NE,Consumidor Livre,NORDESTE,122.4,116.857997
,2024-02-05,83091,CAN-PACK CL NE,Consumidor Livre,NORDESTE,122.4,114.258676
,2024-02-06,83091,CAN-PACK CL NE,Consumidor Livre,NORDESTE,122.4,117.158999
,2024-02-07,83091,CAN-PACK CL NE,Consumidor Livre,NORDESTE,122.4,118.528755
,2024-02-08,83091,CAN-PACK CL NE,Consumidor Livre,NORDESTE,122.4,119.378912
,2024-02-09,83091,CAN-PACK CL NE,Consumidor Livre,NORDESTE,122.4,120.190248
,2024-02-10,83091,CAN-PACK CL NE,Consumidor Livre,NORDESTE,122.4,114.133961
,2024-02-11,83091,CAN-PACK CL NE,Consumidor Livre,NORDESTE,122.4,115.846226
,2024-02-12,83091,CAN-PACK CL NE,Consumidor Livre,NORDESTE,122.4,117.231021
,2024-02-13,83091,CAN-PACK CL NE,Consumidor Livre,NORDESTE,122.4,119.056897
,2024-02-14,83091,CAN-PACK CL NE,Consumidor Livre,NORDESTE,122.4,113.575246
,2024-02-15,83091,CAN-PACK CL NE,Consumidor Livre,NORDESTE,122.4,116.170582
,2024-02-16,83091,CAN-PACK CL NE,Consumidor Livre,NORDESTE,122.4,115.042889
,2024-02-17,83091,CAN-PACK CL NE,Consumidor Livre,NORDESTE,122.4,116.576045
,2024-02-18,83091,CAN-PACK CL NE,Consumidor Livre,NORDESTE,122.4,117.417282
,2024-02-19,83091,CAN-PACK CL NE,Consumidor Livre,NORDESTE,122.4,117.879851
,2024-02-20,83091,CAN-PACK CL NE,Consumidor Livre,NORDESTE,122.4,117.852973
,2024-02-21,83091,CAN-PACK CL NE,Consumidor Livre,NORDESTE,122.4,116.982843
,2024-02-22,83091,CAN-PACK CL NE,Consumidor Livre,NORDESTE,122.4,117.482377
,2024-02-23,83091,CAN-PACK CL NE,Consumidor Livre,NORDESTE,122.4,117.324681
,2024-02-24,83091,CAN-PACK CL NE,Consumidor Livre,NORDESTE,122.4,118.378198
,2024-02-25,83091,CAN-PACK CL NE,Consumidor Livre,NORDESTE,122.4,116.514661
,2024-02-26,83091,CAN-PACK CL NE,Consumidor Livre,NORDESTE,122.4,115.877727
,2024-02-27,83091,CAN-PACK CL NE,Consumidor Livre,NORDESTE,122.4,117.677918
,2024-02-28,83091,CAN-PACK CL NE,Consumidor Livre,NORDESTE,122.4,118.663141
,2024-02-29,83091,CAN-PACK CL NE,Consumidor Livre,NORDESTE,122.4,116.82786
202403.0,2024-03-01,83091,CAN-PACK CL NE,Consumidor Livre,NORDESTE,122.4,118.233377
202403.0,2024-03-02,83091,CAN-PACK CL NE,Consumidor Livre,NORDESTE,122.4,116.374952
202403.0,2024-03-03,83091,CAN-PACK CL NE,Consumidor Livre,NORDESTE,122.4,115.386566
202403.0,2024-03-04,83091,CAN-PACK CL NE,Consumidor Livre,NORDESTE,122.4,110.396938
202403.0,2024-03-05,83091,CAN-PACK CL NE,Consumidor Livre,NORDESTE,122.4,110.525784
202403.0,2024-03-06,83091,CAN-PACK CL NE,Consumidor Livre,NORDESTE,122.4,113.204638
202403.0,2024-03-07,83091,CAN-PACK CL NE,Consumidor Livre,NORDESTE,122.4,110.759408
202403.0,2024-03-08,83091,CAN-PACK CL NE,Consumidor Livre,NORDESTE,122.4,115.030367
202403.0,2024-03-09,83091,CAN-PACK CL NE,Consumidor Livre,NORDESTE,122.4,116.479763
202403.0,2024-03-10,83091,CAN-PACK CL NE,Consumidor Livre,NORDESTE,122.4,117.325172
202403.0,2024-03-11,83091,CAN-PACK CL NE,Consumidor Livre,NORDESTE,122.4,116.580874
202403.0,2024-03-12,83091,CAN-PACK CL NE,Consumidor Livre,NORDESTE,122.4,117.061804
202403.0,2024-03-13,83091,CAN-PACK CL NE,Consumidor Livre,NORDESTE,122.4,116.917476
202403.0,2024-03-14,83091,CAN-PACK CL NE,Consumidor Livre,NORDESTE,122.4,116.680025
202403.0,2024-03-15,83091,CAN-PACK CL NE,Consumidor Livre,NORDESTE,122.4,117.51811
202403.0,2024-03-16,83091,CAN-PACK CL NE,Consumidor Livre,NORDESTE,122.4,117.062269
202403.0,2024-03-17,83091,CAN-PACK CL NE,Consumidor Livre,NORDESTE,122.4,116.504656
202403.0,2024-03-18,83091,CAN-PACK CL NE,Consumidor Livre,NORDESTE,122.4,115.302392
202403.0,2024-03-19,83091,CAN-PACK CL NE,Consumidor Livre,NORDESTE,122.4,113.996487
202403.0,2024-03-20,83091,CAN-PACK CL NE,Consumidor Livre,NORDESTE,122.4,114.213238
202403.0,2024-03-21,83091,CAN-PACK CL NE,Consumidor Livre,NORDESTE,122.4,113.899402
202403.0,2024-03-22,83091,CAN-PACK CL NE,Consumidor Livre,NORDESTE,122.4,115.664299
202403.0,2024-03-23,83091,CAN-PACK CL NE,Consumidor Livre,NORDESTE,122.4,115.513651
202403.0,2024-03-24,83091,CAN-PACK CL NE,Consumidor Livre,NORDESTE,122.4,119.167696
202403.0,2024-03-25,83091,CAN-PACK CL NE,Consumidor Livre,NORDESTE,122.4,120.404766
202403.0,2024-03-26,83091,CAN-PACK CL NE,Consumidor Livre,NORDESTE,122.4,113.304922
202403.0,2024-03-27,83091,CAN-PACK CL NE,Consumidor Livre,NORDESTE,122.4,115.849344
202403.0,2024-03-28,83091,CAN-PACK CL NE,Consumidor Livre,NORDESTE,122.4,117.195513
202403.0,2024-03-29,83091,CAN-PACK CL NE,Consumidor Livre,NORDESTE,122.4,118.204161
202403.0,2024-03-30,83091,CAN-PACK CL NE,Consumidor Livre,NORDESTE,122.4,119.55917
202403.0,2024-03-31,83091,CAN-PACK CL NE,Consumidor Livre,NORDESTE,122.4,118.701239
202404.0,2024-04-01,83091,CAN-PACK CL NE,Consumidor Livre,NORDESTE,122.4,113.272598
202404.0,2024-04-02,83091,CAN-PACK CL NE,Consumidor Livre,NORDESTE,122.4,114.796402
202404.0,2024-04-03,83091,CAN-PACK CL NE,Consumidor Livre,NORDESTE,122.4,117.754424
202404.0,2024-04-04,83091,CAN-PACK CL NE,Consumidor Livre,NORDESTE,122.4,117.712407
202404.0,2024-04-05,83091,CAN-PACK CL NE,Consumidor Livre,NORDESTE,122.4,115.5259
202404.0,2024-04-06,83091,CAN-PACK CL NE,Consumidor Livre,NORDESTE,122.4,118.235931
202404.0,2024-04-07,83091,CAN-PACK CL NE,Consumidor Livre,NORDESTE,122.4,117.802625
202404.0,2024-04-08,83091,CAN-PACK CL NE,Consumidor Livre,NORDESTE,122.4,119.206189
202404.0,2024-04-09,83091,CAN-PACK CL NE,Consumidor Livre,NORDESTE,122.4,118.58215
202404.0,2024-04-10,83091,CAN-PACK CL NE,Consumidor Livre,NORDESTE,122.4,117.00259
202404.0,2024-04-11,83091,CAN-PACK CL NE,Consumidor Livre,NORDESTE,122.4,116.953384
202404.0,2024-04-12,83091,CAN-PACK CL NE,Consumidor Livre,NORDESTE,122.4,117.905201
202404.0,2024-04-13,83091,CAN-PACK CL NE,Consumidor Livre,NORDESTE,122.4,118.000339
202404.0,2024-04-14,83091,CAN-PACK CL NE,Consumidor Livre,NORDESTE,122.4,118.35379
202404.0,2024-04-15,83091,CAN-PACK CL NE,Consumidor Livre,NORDESTE,122.4,119.87673
202404.0,2024-04-16,83091,CAN-PACK CL NE,Consumidor Livre,NORDESTE,122.4,117.522186
202404.0,2024-04-17,83091,CAN-PACK CL NE,Consumidor Livre,NORDESTE,122.4,118.800491
202404.0,2024-04-18,83091,CAN-PACK CL NE,Consumidor Livre,NORDESTE,122.4,112.2176
202404.0,2024-04-19,83091,CAN-PACK CL NE,Consumidor Livre,NORDESTE,122.4,113.303343
202404.0,2024-04-20,83091,CAN-PACK CL NE,Consumidor Livre,NORDESTE,122.4,112.892249
202404.0,2024-04-21,83091,CAN-PACK CL NE,Consumidor Livre,NORDESTE,122.4,119.556145
202404.0,2024-04-22,83091,CAN-PACK CL NE,Consumidor Livre,NORDESTE,122.4,118.761308
202404.0,2024-04-23,83091,CAN-PACK CL NE,Consumidor Livre,NORDESTE,122.4,114.745199
202404.0,2024-04-24,83091,CAN-PACK CL NE,Consumidor Livre,NORDESTE,122.4,117.137153
202404.0,2024-04-25,83091,CAN-PACK CL NE,Consumidor Livre,NORDESTE,122.4,118.533738
202404.0,2024-04-26,83091,CAN-PACK CL NE,Consumidor Livre,NORDESTE,122.4,118.674956
202404.0,2024-04-27,83091,CAN-PACK CL NE,Consumidor Livre,NORDESTE,122.4,112.992304
202404.0,2024-04-28,83091,CAN-PACK CL NE,Consumidor Livre,NORDESTE,122.4,119.092894
202404.0,2024-04-29,83091,CAN-PACK CL NE,Consumidor Livre,NORDESTE,122.4,119.131087
202404.0,2024-04-30,83091,CAN-PACK CL NE,Consumidor Livre,NORDESTE,122.4,117.773855
202405.0,2024-05-01,83091,CAN-PACK CL NE,Consumidor Livre,NORDESTE,122.4,121.149723
202405.0,2024-05-02,83091,CAN-PACK CL NE,Consumidor Livre,NORDESTE,122.4,115.805394
202405.0,2024-05-03,83091,CAN-PACK CL NE,Consumidor Livre,NORDESTE,122.4,119.374995
202405.0,2024-05-04,83091,CAN-PACK CL NE,Consumidor Livre,NORDESTE,122.4,120.881327
202405.0,2024-05-05,83091,CAN-PACK CL NE,Consumidor Livre,NORDESTE,122.4,120.764345
202405.0,2024-05-06,83091,CAN-PACK CL NE,Consumidor Livre,NORDESTE,122.4,115.790727
202405.0,2024-05-07,83091,CAN-PACK CL NE,Consumidor Livre,NORDESTE,122.4,116.85488
202405.0,2024-05-08,83091,CAN-PACK CL NE,Consumidor Livre,NORDESTE,122.4,108.104298
202405.0,2024-05-09,83091,CAN-PACK CL NE,Consumidor Livre,NORDESTE,122.4,101.759847
202405.0,2024-05-10,83091,CAN-PACK CL NE,Consumidor Livre,NORDESTE,122.4,101.749655
202405.0,2024-05-11,83091,CAN-PACK CL NE,Consumidor Livre,NORDESTE,122.4,101.016591
202405.0,2024-05-12,83091,CAN-PACK CL NE,Consumidor Livre,NORDESTE,122.4,100.620713
202405.0,2024-05-13,83091,CAN-PACK CL NE,Consumidor Livre,NORDESTE,122.4,94.126517
202405.0,2024-05-14,83091,CAN-PACK CL NE,Consumidor Livre,NORDESTE,122.4,98.893691
202405.0,2024-05-15,83091,CAN-PACK CL NE,Consumidor Livre,NORDESTE,122.4,107.345323
202405.0,2024-05-16,83091,CAN-PACK CL NE,Consumidor Livre,NORDESTE,122.4,104.663086
202405.0,2024-05-17,83091,CAN-PACK CL NE,Consumidor Livre,NORDESTE,122.4,102.194641
202405.0,2024-05-18,83091,CAN-PACK CL NE,Consumidor Livre,NORDESTE,122.4,109.765983
202405.0,2024-05-19,83091,CAN-PACK CL NE,Consumidor Livre,NORDESTE,122.4,114.741614
202405.0,2024-05-20,83091,CAN-PACK CL NE,Consumidor Livre,NORDESTE,122.4,104.241852
202405.0,2024-05-21,83091,CAN-PACK CL NE,Consumidor Livre,NORDESTE,122.4,105.196884
202405.0,2024-05-22,83091,CAN-PACK CL NE,Consumidor Livre,NORDESTE,122.4,107.641517
202405.0,2024-05-23,83091,CAN-PACK CL NE,Consumidor Livre,NORDESTE,122.4,106.693936
202405.0,2024-05-24,83091,CAN-PACK CL NE,Consumidor Livre,NORDESTE,122.4,104.909543
202405.0,2024-05-25,83091,CAN-PACK CL NE,Consumidor Livre,NORDESTE,122.4,98.432022
202405.0,2024-05-26,83091,CAN-PACK CL NE,Consumidor Livre,NORDESTE,122.4,97.436619
202405.0,2024-05-27,83091,CAN-PACK CL NE,Consumidor Livre,NORDESTE,122.4,100.949118
202405.0,2024-05-28,83091,CAN-PACK CL NE,Consumidor Livre,NORDESTE,122.4,102.807877
202405.0,2024-05-29,83091,CAN-PACK CL NE,Consumidor Livre,NORDESTE,122.4,91.964649
202405.0,2024-05-30,83091,CAN-PACK CL NE,Consumidor Livre,NORDESTE,122.4,93.182676
202405.0,2024-05-31,83091,CAN-PACK CL NE,Consumidor Livre,NORDESTE,122.4,94.029877
202406.0,2024-06-01,83091,CAN-PACK CL NE,Consumidor Livre,NORDESTE,122.4,93.575886
202406.0,2024-06-02,83091,CAN-PACK CL NE,Consumidor Livre,NORDESTE,122.4,92.237176
202406.0,2024-06-03,83091,CAN-PACK CL NE,Consumidor Livre,NORDESTE,122.4,112.001185
202406.0,2024-06-04,83091,CAN-PACK CL NE,Consumidor Livre,NORDESTE,122.4,119.14227
202406.0,2024-06-05,83091,CAN-PACK CL NE,Consumidor Livre,NORDESTE,122.4,119.435525
202406.0,2024-06-06,83091,CAN-PACK CL NE,Consumidor Livre,NORDESTE,122.4,118.0769
202406.0,2024-06-07,83091,CAN-PACK CL NE,Consumidor Livre,NORDESTE,122.4,120.052788
202406.0,2024-06-08,83091,CAN-PACK CL NE,Consumidor Livre,NORDESTE,122.4,118.779317
202406.0,2024-06-09,83091,CAN-PACK CL NE,Consumidor Livre,NORDESTE,122.4,117.997717
202406.0,2024-06-10,83091,CAN-PACK CL NE,Consumidor Livre,NORDESTE,122.4,94.656694
202406.0,2024-06-11,83091,CAN-PACK CL NE,Consumidor Livre,NORDESTE,122.4,84.741378
202406.0,2024-06-12,83091,CAN-PACK CL NE,Consumidor Livre,NORDESTE,122.4,85.224915
202406.0,2024-06-13,83091,CAN-PACK CL NE,Consumidor Livre,NORDESTE,122.4,86.341313
202406.0,2024-06-14,83091,CAN-PACK CL NE,Consumidor Livre,NORDESTE,122.4,98.723988
202406.0,2024-06-15,83091,CAN-PACK CL NE,Consumidor Livre,NORDESTE,122.4,29.296958
202406.0,2024-06-16,83091,CAN-PACK CL NE,Consumidor Livre,NORDESTE,122.4,3.50857
202406.0,2024-06-17,83091,CAN-PACK CL NE,Consumidor Livre,NORDESTE,122.4,43.157581
202406.0,2024-06-18,83091,CAN-PACK CL NE,Consumidor Livre,NORDESTE,122.4,81.772138
202406.0,2024-06-19,83091,CAN-PACK CL NE,Consumidor Livre,NORDESTE,122.4,84.516756
202406.0,2024-06-20,83091,CAN-PACK CL NE,Consumidor Livre,NORDESTE,122.4,85.279222
202406.0,2024-06-21,83091,CAN-PACK CL NE,Consumidor Livre,NORDESTE,122.4,87.615101
202406.0,2024-06-22,83091,CAN-PACK CL NE,Consumidor Livre,NORDESTE,122.4,87.933974
202406.0,2024-06-23,83091,CAN-PACK CL NE,Consumidor Livre,NORDESTE,122.4,86.654058
202406.0,2024-06-24,83091,CAN-PACK CL NE,Consumidor Livre,NORDESTE,122.4,87.555402
202406.0,2024-06-25,83091,CAN-PACK CL NE,Consumidor Livre,NORDESTE,122.4,93.944492
202406.0,2024-06-26,83091,CAN-PACK CL NE,Consumidor Livre,NORDESTE,122.4,100.095218
202406.0,2024-06-27,83091,CAN-PACK CL NE,Consumidor Livre,NORDESTE,122.4,110.984506
202406.0,2024-06-28,83091,CAN-PACK CL NE,Consumidor Livre,NORDESTE,122.4,115.904955
202406.0,2024-06-29,83091,CAN-PACK CL NE,Consumidor Livre,NORDESTE,122.4,117.233155
202406.0,2024-06-30,83091,CAN-PACK CL NE,Consumidor Livre,NORDESTE,122.4,117.88837
202407.0,2024-07-01,83091,CAN-PACK CL NE,Consumidor Livre,NORDESTE,122.4,118.781164
202407.0,2024-07-02,83091,CAN-PACK CL NE,Consumidor Livre,NORDESTE,122.4,119.033593
202407.0,2024-07-03,83091,CAN-PACK CL NE,Consumidor Livre,NORDESTE,122.4,118.271188
202407.0,2024-07-04,83091,CAN-PACK CL NE,Consumidor Livre,NORDESTE,122.4,121.867437
202407.0,2024-07-05,83091,CAN-PACK CL NE,Consumidor Livre,NORDESTE,122.4,123.069924
202407.0,2024-07-06,83091,CAN-PACK CL NE,Consumidor Livre,NORDESTE,122.4,122.542131
202407.0,2024-07-07,83091,CAN-PACK CL NE,Consumidor Livre,NORDESTE,122.4,122.477065
202407.0,2024-07-08,83091,CAN-PACK CL NE,Consumidor Livre,NORDESTE,122.4,124.615419
202407.0,2024-07-09,83091,CAN-PACK CL NE,Consumidor Livre,NORDESTE,122.4,123.352335
202407.0,2024-07-10,83091,CAN-PACK CL NE,Consumidor Livre,NORDESTE,122.4,123.307888
202407.0,2024-07-11,83091,CAN-PACK CL NE,Consumidor Livre,NORDESTE,122.4,125.507198
202407.0,2024-07-12,83091,CAN-PACK CL NE,Consumidor Livre,NORDESTE,122.4,111.465662
202407.0,2024-07-13,83091,CAN-PACK CL NE,Consumidor Livre,NORDESTE,122.4,103.282454
202407.0,2024-07-14,83091,CAN-PACK CL NE,Consumidor Livre,NORDESTE,122.4,105.007569
202407.0,2024-07-15,83091,CAN-PACK CL NE,Consumidor Livre,NORDESTE,122.4,104.419738
202407.0,2024-07-16,83091,CAN-PACK CL NE,Consumidor Livre,NORDESTE,122.4,107.562338
202407.0,2024-07-17,83091,CAN-PACK CL NE,Consumidor Livre,NORDESTE,122.4,110.791646
202407.0,2024-07-18,83091,CAN-PACK CL NE,Consumidor Livre,NORDESTE,122.4,121.909875
202407.0,2024-07-19,83091,CAN-PACK CL NE,Consumidor Livre,NORDESTE,122.4,124.119087
202407.0,2024-07-20,83091,CAN-PACK CL NE,Consumidor Livre,NORDESTE,122.4,114.347972
202407.0,2024-07-21,83091,CAN-PACK CL NE,Consumidor Livre,NORDESTE,122.4,114.969471
202407.0,2024-07-22,83091,CAN-PACK CL NE,Consumidor Livre,NORDESTE,122.4,106.319423
202407.0,2024-07-23,83091,CAN-PACK CL NE,Consumidor Livre,NORDESTE,122.4,102.863642
202407.0,2024-07-24,83091,CAN-PACK CL NE,Consumidor Livre,NORDESTE,122.4,113.026726
202407.0,2024-07-25,83091,CAN-PACK CL NE,Consumidor Livre,NORDESTE,122.4,115.866049
202407.0,2024-07-26,83091,CAN-PACK CL NE,Consumidor Livre,NORDESTE,122.4,117.257655
202407.0,2024-07-27,83091,CAN-PACK CL NE,Consumidor Livre,NORDESTE,122.4,115.751099
202407.0,2024-07-28,83091,CAN-PACK CL NE,Consumidor Livre,NORDESTE,122.4,114.52805
202407.0,2024-07-29,83091,CAN-PACK CL NE,Consumidor Livre,NORDESTE,122.4,100.12002
202407.0,2024-07-30,83091,CAN-PACK CL NE,Consumidor Livre,NORDESTE,122.4,94.204323
202407.0,2024-07-31,83091,CAN-PACK CL NE,Consumidor Livre,NORDESTE,122.4,94.326517
202408.0,2024-08-01,83091,CAN-PACK CL NE,Consumidor Livre,NORDESTE,122.4,93.469367
202408.0,2024-08-02,83091,CAN-PACK CL NE,Consumidor Livre,NORDESTE,122.4,96.065954
202408.0,2024-08-03,83091,CAN-PACK CL NE,Consumidor Livre,NORDESTE,122.4,96.578212
202408.0,2024-08-04,83091,CAN-PACK CL NE,Consumidor Livre,NORDESTE,122.4,98.112905
202408.0,2024-08-05,83091,CAN-PACK CL NE,Consumidor Livre,NORDESTE,122.4,104.583994
202408.0,2024-08-06,83091,CAN-PACK CL NE,Consumidor Livre,NORDESTE,122.4,112.618571
202408.0,2024-08-07,83091,CAN-PACK CL NE,Consumidor Livre,NORDESTE,122.4,114.388095
202408.0,2024-08-08,83091,CAN-PACK CL NE,Consumidor Livre,NORDESTE,122.4,115.843729
202408.0,2024-08-09,83091,CAN-PACK CL NE,Consumidor Livre,NORDESTE,122.4,117.654267
202408.0,2024-08-10,83091,CAN-PACK CL NE,Consumidor Livre,NORDESTE,122.4,118.942386
202408.0,2024-08-11,83091,CAN-PACK CL NE,Consumidor Livre,NORDESTE,122.4,119.68561
202408.0,2024-08-12,83091,CAN-PACK CL NE,Consumidor Livre,NORDESTE,122.4,119.797185
202408.0,2024-08-13,83091,CAN-PACK CL NE,Consumidor Livre,NORDESTE,122.4,116.272863
202408.0,2024-08-14,83091,CAN-PACK CL NE,Consumidor Livre,NORDESTE,122.4,120.46252
202408.0,2024-08-15,83091,CAN-PACK CL NE,Consumidor Livre,NORDESTE,122.4,122.124204
202408.0,2024-08-16,83091,CAN-PACK CL NE,Consumidor Livre,NORDESTE,122.4,123.436091
202408.0,2024-08-17,83091,CAN-PACK CL NE,Consumidor Livre,NORDESTE,122.4,121.586537
202408.0,2024-08-18,83091,CAN-PACK CL NE,Consumidor Livre,NORDESTE,122.4,115.521501
202408.0,2024-08-19,83091,CAN-PACK CL NE,Consumidor Livre,NORDESTE,122.4,123.352167
202408.0,2024-08-20,83091,CAN-PACK CL NE,Consumidor Livre,NORDESTE,122.4,123.649304
202408.0,2024-08-21,83091,CAN-PACK CL NE,Consumidor Livre,NORDESTE,122.4,115.379239
202408.0,2024-08-22,83091,CAN-PACK CL NE,Consumidor Livre,NORDESTE,122.4,116.727257
202408.0,2024-08-23,83091,CAN-PACK CL NE,Consumidor Livre,NORDESTE,122.4,118.407291
202408.0,2024-08-24,83091,CAN-PACK CL NE,Consumidor Livre,NORDESTE,122.4,118.51119
202408.0,2024-08-25,83091,CAN-PACK CL NE,Consumidor Livre,NORDESTE,122.4,121.038373
202408.0,2024-08-26,83091,CAN-PACK CL NE,Consumidor Livre,NORDESTE,122.4,119.97912
202408.0,2024-08-27,83091,CAN-PACK CL NE,Consumidor Livre,NORDESTE,122.4,120.994129
202408.0,2024-08-28,83091,CAN-PACK CL NE,Consumidor Livre,NORDESTE,122.4,122.443389
202408.0,2024-08-29,83091,CAN-PACK CL NE,Consumidor Livre,NORDESTE,122.4,123.04836
202408.0,2024-08-30,83091,CAN-PACK CL NE,Consumidor Livre,NORDESTE,122.4,121.594176
202408.0,2024-08-31,83091,CAN-PACK CL NE,Consumidor Livre,NORDESTE,122.4,121.573765
