MES_REFERENCIA,DATA,CODIGO_PERFIL_AGENTE,SIGLA_PERFIL_AGENTE,CLASSE_PERFIL_AGENTE,SUBMERCADO,CAPACIDADE_CARGA,CONSUMO_CARGA_ACL
,2022-01-01,61407.0,RIOMAR FORTALEZA,Consumidor Livre,NORDESTE,206.4,85.224748
,2022-01-02,61407.0,RIOMAR FORTALEZA,Consumidor Livre,NORDESTE,206.4,111.223006
,2022-01-03,61407.0,RIOMAR FORTALEZA,Consumidor Livre,NORDESTE,206.4,120.605379
,2022-01-04,61407.0,RIOMAR FORTALEZA,Consumidor Livre,NORDESTE,206.4,127.457453
,2022-01-05,61407.0,RIOMAR FORTALEZA,Consumidor Livre,NORDESTE,206.4,125.410384
,2022-01-06,61407.0,RIOMAR FORTALEZA,Consumidor Livre,NORDESTE,206.4,122.839642
,2022-01-07,61407.0,RIOMAR FORTALEZA,Consumidor Livre,NORDESTE,206.4,126.06516
,2022-01-08,61407.0,RIOMAR FORTALEZA,Consumidor Livre,NORDESTE,206.4,129.558038
,2022-01-09,61407.0,RIOMAR FORTALEZA,Consumidor Livre,NORDESTE,206.4,108.350806
,2022-01-10,61407.0,RIOMAR FORTALEZA,Consumidor Livre,NORDESTE,206.4,118.81097
,2022-01-11,61407.0,RIOMAR FORTALEZA,Consumidor Livre,NORDESTE,206.4,125.42466
,2022-01-12,61407.0,RIOMAR FORTALEZA,Consumidor Livre,NORDESTE,206.4,124.775595
,2022-01-13,61407.0,RIOMAR FORTALEZA,Consumidor Livre,NORDESTE,206.4,126.256737
,2022-01-14,61407.0,RIOMAR FORTALEZA,Consumidor Livre,NORDESTE,206.4,127.20182
,2022-01-15,61407.0,RIOMAR FORTALEZA,Consumidor Livre,NORDESTE,206.4,134.840922
,2022-01-16,61407.0,RIOMAR FORTALEZA,Consumidor Livre,NORDESTE,206.4,107.093077
,2022-01-17,61407.0,RIOMAR FORTALEZA,Consumidor Livre,NORDESTE,206.4,119.308398
,2022-01-18,61407.0,RIOMAR FORTALEZA,Consumidor Livre,NORDESTE,206.4,124.449368
,2022-01-19,61407.0,RIOMAR FORTALEZA,Consumidor Livre,NORDESTE,206.4,125.816851
,2022-01-20,61407.0,RIOMAR FORTALEZA,Consumidor Livre,NORDESTE,206.4,124.405531
,2022-01-21,61407.0,RIOMAR FORTALEZA,Consumidor Livre,NORDESTE,206.4,126.495777
,2022-01-22,61407.0,RIOMAR FORTALEZA,Consumidor Livre,NORDESTE,206.4,128.833541
,2022-01-23,61407.0,RIOMAR FORTALEZA,Consumidor Livre,NORDESTE,206.4,109.113172
,2022-01-24,61407.0,RIOMAR FORTALEZA,Consumidor Livre,NORDESTE,206.4,116.09347
,2022-01-25,61407.0,RIOMAR FORTALEZA,Consumidor Livre,NORDESTE,206.4,124.142798
,2022-01-26,61407.0,RIOMAR FORTALEZA,Consumidor Livre,NORDESTE,206.4,120.492489
,2022-01-27,61407.0,RIOMAR FORTALEZA,Consumidor Livre,NORDESTE,206.4,120.681662
,2022-01-28,61407.0,RIOMAR FORTALEZA,Consumidor Livre,NORDESTE,206.4,115.943993
,2022-01-29,61407.0,RIOMAR FORTALEZA,Consumidor Livre,NORDESTE,206.4,123.833329
,2022-01-30,61407.0,RIOMAR FORTALEZA,Consumidor Livre,NORDESTE,206.4,108.35665
,2022-01-31,61407.0,RIOMAR FORTALEZA,Consumidor Livre,NORDESTE,206.4,115.427277
,2022-02-01,61407.0,RIOMAR FORTALEZA,Consumidor Livre,NORDESTE,206.4,126.160067
,2022-02-02,61407.0,RIOMAR FORTALEZA,Consumidor Livre,NORDESTE,206.4,126.336613
,2022-02-03,61407.0,RIOMAR FORTALEZA,Consumidor Livre,NORDESTE,206.4,128.326996
,2022-02-04,61407.0,RIOMAR FORTALEZA,Consumidor Livre,NORDESTE,206.4,126.95146
,2022-02-05,61407.0,RIOMAR FORTALEZA,Consumidor Livre,NORDESTE,206.4,131.811594
,2022-02-06,61407.0,RIOMAR FORTALEZA,Consumidor Livre,NORDESTE,206.4,109.684804
,2022-02-07,61407.0,RIOMAR FORTALEZA,Consumidor Livre,NORDESTE,206.4,123.709682
,2022-02-08,61407.0,RIOMAR FORTALEZA,Consumidor Livre,NORDESTE,206.4,127.066673
,2022-02-09,61407.0,RIOMAR FORTALEZA,Consumidor Livre,NORDESTE,206.4,127.461603
,2022-02-10,61407.0,RIOMAR FORTALEZA,Consumidor Livre,NORDESTE,206.4,123.398475
,2022-02-11,61407.0,RIOMAR FORTALEZA,Consumidor Livre,NORDESTE,206.4,126.556552
,2022-02-12,61407.0,RIOMAR FORTALEZA,Consumidor Livre,NORDESTE,206.4,134.757824
,2022-02-13,61407.0,RIOMAR FORTALEZA,Consumidor Livre,NORDESTE,206.4,114.020299
,2022-02-14,61407.0,RIOMAR FORTALEZA,Consumidor Livre,NORDESTE,206.4,120.569117
,2022-02-15,61407.0,RIOMAR FORTALEZA,Consumidor Livre,NORDESTE,206.4,123.244947
,2022-02-16,61407.0,RIOMAR FORTALEZA,Consumidor Livre,NORDESTE,206.4,126.003264
,2022-02-17,61407.0,RIOMAR FORTALEZA,Consumidor Livre,NORDESTE,206.4,125.651487
,2022-02-18,61407.0,RIOMAR FORTALEZA,Consumidor Livre,NORDESTE,206.4,129.56557
,2022-02-19,61407.0,RIOMAR FORTALEZA,Consumidor Livre,NORDESTE,206.4,133.765297
,2022-02-20,61407.0,RIOMAR FORTALEZA,Consumidor Livre,NORDESTE,206.4,110.928044
,2022-02-21,61407.0,RIOMAR FORTALEZA,Consumidor Livre,NORDESTE,206.4,120.580039
,2022-02-22,61407.0,RIOMAR FORTALEZA,Consumidor Livre,NORDESTE,206.4,123.53205
,2022-02-23,61407.0,RIOMAR FORTALEZA,Consumidor Livre,NORDESTE,206.4,128.491259
,2022-02-24,61407.0,RIOMAR FORTALEZA,Consumidor Livre,NORDESTE,206.4,126.928509
,2022-02-25,61407.0,RIOMAR FORTALEZA,Consumidor Livre,NORDESTE,206.4,126.240797
,2022-02-26,61407.0,RIOMAR FORTALEZA,Consumidor Livre,NORDESTE,206.4,136.235821
,2022-02-27,61407.0,RIOMAR FORTALEZA,Consumidor Livre,NORDESTE,206.4,108.398154
,2022-02-28,61407.0,RIOMAR FORTALEZA,Consumidor Livre,NORDESTE,206.4,118.801159
,2022-03-01,61407.0,RIOMAR FORTALEZA,Consumidor Livre,NORDESTE,206.4,127.00724
,2022-03-02,61407.0,RIOMAR FORTALEZA,Consumidor Livre,NORDESTE,206.4,131.880015
,2022-03-03,61407.0,RIOMAR FORTALEZA,Consumidor Livre,NORDESTE,206.4,126.786183
,2022-03-04,61407.0,RIOMAR FORTALEZA,Consumidor Livre,NORDESTE,206.4,125.62634
,2022-03-05,61407.0,RIOMAR FORTALEZA,Consumidor Livre,NORDESTE,206.4,132.666029
,2022-03-06,61407.0,RIOMAR FORTALEZA,Consumidor Livre,NORDESTE,206.4,111.619403
,2022-03-07,61407.0,RIOMAR FORTALEZA,Consumidor Livre,NORDESTE,206.4,116.413289
,2022-03-08,61407.0,RIOMAR FORTALEZA,Consumidor Livre,NORDESTE,206.4,123.107695
,2022-03-09,61407.0,RIOMAR FORTALEZA,Consumidor Livre,NORDESTE,206.4,127.475696
,2022-03-10,61407.0,RIOMAR FORTALEZA,Consumidor Livre,NORDESTE,206.4,122.445692
,2022-03-11,61407.0,RIOMAR FORTALEZA,Consumidor Livre,NORDESTE,206.4,120.72965
,2022-03-12,61407.0,RIOMAR FORTALEZA,Consumidor Livre,NORDESTE,206.4,127.953123
,2022-03-13,61407.0,RIOMAR FORTALEZA,Consumidor Livre,NORDESTE,206.4,107.259503
,2022-03-14,61407.0,RIOMAR FORTALEZA,Consumidor Livre,NORDESTE,206.4,117.989115
,2022-03-15,61407.0,RIOMAR FORTALEZA,Consumidor Livre,NORDESTE,206.4,124.29545
,2022-03-16,61407.0,RIOMAR FORTALEZA,Consumidor Livre,NORDESTE,206.4,122.082299
,2022-03-17,61407.0,RIOMAR FORTALEZA,Consumidor Livre,NORDESTE,206.4,117.105776
,2022-03-18,61407.0,RIOMAR FORTALEZA,Consumidor Livre,NORDESTE,206.4,126.525395
,2022-03-19,61407.0,RIOMAR FORTALEZA,Consumidor Livre,NORDESTE,206.4,130.966625
,2022-03-20,61407.0,RIOMAR FORTALEZA,Consumidor Livre,NORDESTE,206.4,111.327652
,2022-03-21,61407.0,RIOMAR FORTALEZA,Consumidor Livre,NORDESTE,206.4,117.603167
,2022-03-22,61407.0,RIOMAR FORTALEZA,Consumidor Livre,NORDESTE,206.4,121.938612
,2022-03-23,61407.0,RIOMAR FORTALEZA,Consumidor Livre,NORDESTE,206.4,123.116806
,2022-03-24,61407.0,RIOMAR FORTALEZA,Consumidor Livre,NORDESTE,206.4,124.510193
,2022-03-25,61407.0,RIOMAR FORTALEZA,Consumidor Livre,NORDESTE,206.4,125.815027
,2022-03-26,61407.0,RIOMAR FORTALEZA,Consumidor Livre,NORDESTE,206.4,131.697718
,2022-03-27,61407.0,RIOMAR FORTALEZA,Consumidor Livre,NORDESTE,206.4,109.147107
,2022-03-28,61407.0,RIOMAR FORTALEZA,Consumidor Livre,NORDESTE,206.4,116.825929
,2022-03-29,61407.0,RIOMAR FORTALEZA,Consumidor Livre,NORDESTE,206.4,121.015878
,2022-03-30,61407.0,RIOMAR FORTALEZA,Consumidor Livre,NORDESTE,206.4,117.370664
,2022-03-31,61407.0,RIOMAR FORTALEZA,Consumidor Livre,NORDESTE,206.4,127.238439
,2022-04-01,61407.0,RIOMAR FORTALEZA,Consumidor Livre,NORDESTE,206.4,123.622515
,2022-04-02,61407.0,RIOMAR FORTALEZA,Consumidor Livre,NORDESTE,206.4,128.264757
,2022-04-03,61407.0,RIOMAR FORTALEZA,Consumidor Livre,NORDESTE,206.4,104.379228
,2022-04-04,61407.0,RIOMAR FORTALEZA,Consumidor Livre,NORDESTE,206.4,110.667406
,2022-04-05,61407.0,RIOMAR FORTALEZA,Consumidor Livre,NORDESTE,206.4,117.953457
,2022-04-06,61407.0,RIOMAR FORTALEZA,Consumidor Livre,NORDESTE,206.4,122.038248
,2022-04-07,61407.0,RIOMAR FORTALEZA,Consumidor Livre,NORDESTE,206.4,123.58371
,2022-04-08,61407.0,RIOMAR FORTALEZA,Consumidor Livre,NORDESTE,206.4,123.753089
,2022-04-09,61407.0,RIOMAR FORTALEZA,Consumidor Livre,NORDESTE,206.4,134.477146
,2022-04-10,61407.0,RIOMAR FORTALEZA,Consumidor Livre,NORDESTE,206.4,110.682442
,2022-04-11,61407.0,RIOMAR FORTALEZA,Consumidor Livre,NORDESTE,206.4,114.531553
,2022-04-12,61407.0,RIOMAR FORTALEZA,Consumidor Livre,NORDESTE,206.4,122.571947
,2022-04-13,61407.0,RIOMAR FORTALEZA,Consumidor Livre,NORDESTE,206.4,126.554867
,2022-04-14,61407.0,RIOMAR FORTALEZA,Consumidor Livre,NORDESTE,206.4,124.864799
,2022-04-15,61407.0,RIOMAR FORTALEZA,Consumidor Livre,NORDESTE,206.4,101.18948
,2022-04-16,61407.0,RIOMAR FORTALEZA,Consumidor Livre,NORDESTE,206.4,133.061115
,2022-04-17,61407.0,RIOMAR FORTALEZA,Consumidor Livre,NORDESTE,206.4,112.124277
,2022-04-18,61407.0,RIOMAR FORTALEZA,Consumidor Livre,NORDESTE,206.4,118.289139
,2022-04-19,61407.0,RIOMAR FORTALEZA,Consumidor Livre,NORDESTE,206.4,123.819824
,2022-04-20,61407.0,RIOMAR FORTALEZA,Consumidor Livre,NORDESTE,206.4,132.157168
,2022-04-21,61407.0,RIOMAR FORTALEZA,Consumidor Livre,NORDESTE,206.4,126.441807
,2022-04-22,61407.0,RIOMAR FORTALEZA,Consumidor Livre,NORDESTE,206.4,129.755299
,2022-04-23,61407.0,RIOMAR FORTALEZA,Consumidor Livre,NORDESTE,206.4,131.592916
,2022-04-24,61407.0,RIOMAR FORTALEZA,Consumidor Livre,NORDESTE,206.4,110.813873
,2022-04-25,61407.0,RIOMAR FORTALEZA,Consumidor Livre,NORDESTE,206.4,118.814983
,2022-04-26,61407.0,RIOMAR FORTALEZA,Consumidor Livre,NORDESTE,206.4,127.430009
,2022-04-27,61407.0,RIOMAR FORTALEZA,Consumidor Livre,NORDESTE,206.4,123.462201
,2022-04-28,61407.0,RIOMAR FORTALEZA,Consumidor Livre,NORDESTE,206.4,122.656603
,2022-04-29,61407.0,RIOMAR FORTALEZA,Consumidor Livre,NORDESTE,206.4,132.711443
,2022-04-30,61407.0,RIOMAR FORTALEZA,Consumidor Livre,NORDESTE,206.4,135.875412
,2022-05-01,61407.0,RIOMAR FORTALEZA,Consumidor Livre,NORDESTE,206.4,88.876411
,2022-05-02,61407.0,RIOMAR FORTALEZA,Consumidor Livre,NORDESTE,206.4,119.902174
,2022-05-03,61407.0,RIOMAR FORTALEZA,Consumidor Livre,NORDESTE,206.4,131.400797
,2022-05-04,61407.0,RIOMAR FORTALEZA,Consumidor Livre,NORDESTE,206.4,127.034701
,2022-05-05,61407.0,RIOMAR FORTALEZA,Consumidor Livre,NORDESTE,206.4,125.844203
,2022-05-06,61407.0,RIOMAR FORTALEZA,Consumidor Livre,NORDESTE,206.4,127.684963
,2022-05-07,61407.0,RIOMAR FORTALEZA,Consumidor Livre,NORDESTE,206.4,137.233786
,2022-05-08,61407.0,RIOMAR FORTALEZA,Consumidor Livre,NORDESTE,206.4,112.782306
,2022-05-09,61407.0,RIOMAR FORTALEZA,Consumidor Livre,NORDESTE,206.4,119.116693
,2022-05-10,61407.0,RIOMAR FORTALEZA,Consumidor Livre,NORDESTE,206.4,125.45151
,2022-05-11,61407.0,RIOMAR FORTALEZA,Consumidor Livre,NORDESTE,206.4,121.79922
,2022-05-12,61407.0,RIOMAR FORTALEZA,Consumidor Livre,NORDESTE,206.4,123.611372
,2022-05-13,61407.0,RIOMAR FORTALEZA,Consumidor Livre,NORDESTE,206.4,130.325913
,2022-05-14,61407.0,RIOMAR FORTALEZA,Consumidor Livre,NORDESTE,206.4,140.714759
,2022-05-15,61407.0,RIOMAR FORTALEZA,Consumidor Livre,NORDESTE,206.4,116.499833
,2022-05-16,61407.0,RIOMAR FORTALEZA,Consumidor Livre,NORDESTE,206.4,120.946229
,2022-05-17,61407.0,RIOMAR FORTALEZA,Consumidor Livre,NORDESTE,206.4,128.013031
,2022-05-18,61407.0,RIOMAR FORTALEZA,Consumidor Livre,NORDESTE,206.4,129.228994
,2022-05-19,61407.0,RIOMAR FORTALEZA,Consumidor Livre,NORDESTE,206.4,128.392965
,2022-05-20,61407.0,RIOMAR FORTALEZA,Consumidor Livre,NORDESTE,206.4,130.583503
,2022-05-21,61407.0,RIOMAR FORTALEZA,Consumidor Livre,NORDESTE,206.4,135.510024
,2022-05-22,61407.0,RIOMAR FORTALEZA,Consumidor Livre,NORDESTE,206.4,103.538235
,2022-05-23,61407.0,RIOMAR FORTALEZA,Consumidor Livre,NORDESTE,206.4,125.509871
,2022-05-24,61407.0,RIOMAR FORTALEZA,Consumidor Livre,NORDESTE,206.4,122.806494
,2022-05-25,61407.0,RIOMAR FORTALEZA,Consumidor Livre,NORDESTE,206.4,125.894506
,2022-05-26,61407.0,RIOMAR FORTALEZA,Consumidor Livre,NORDESTE,206.4,128.104938
,2022-05-27,61407.0,RIOMAR FORTALEZA,Consumidor Livre,NORDESTE,206.4,125.608825
,2022-05-28,61407.0,RIOMAR FORTALEZA,Consumidor Livre,NORDESTE,206.4,129.963438
,2022-05-29,61407.0,RIOMAR FORTALEZA,Consumidor Livre,NORDESTE,206.4,109.566529
,2022-05-30,61407.0,RIOMAR FORTALEZA,Consumidor Livre,NORDESTE,206.4,110.383988
,2022-05-31,61407.0,RIOMAR FORTALEZA,Consumidor Livre,NORDESTE,206.4,127.153444
,2022-06-01,61407.0,RIOMAR FORTALEZA,Consumidor Livre,NORDESTE,206.4,120.337677
,2022-06-02,61407.0,RIOMAR FORTALEZA,Consumidor Livre,NORDESTE,206.4,122.465913
,2022-06-03,61407.0,RIOMAR FORTALEZA,Consumidor Livre,NORDESTE,206.4,125.553955
,2022-06-04,61407.0,RIOMAR FORTALEZA,Consumidor Livre,NORDESTE,206.4,130.441122
,2022-06-05,61407.0,RIOMAR FORTALEZA,Consumidor Livre,NORDESTE,206.4,112.231501
,2022-06-06,61407.0,RIOMAR FORTALEZA,Consumidor Livre,NORDESTE,206.4,118.711715
,2022-06-07,61407.0,RIOMAR FORTALEZA,Consumidor Livre,NORDESTE,206.4,122.126837
,2022-06-08,61407.0,RIOMAR FORTALEZA,Consumidor Livre,NORDESTE,206.4,122.832131
,2022-06-09,61407.0,RIOMAR FORTALEZA,Consumidor Livre,NORDESTE,206.4,127.580893
,2022-06-10,61407.0,RIOMAR FORTALEZA,Consumidor Livre,NORDESTE,206.4,124.518626
,2022-06-11,61407.0,RIOMAR FORTALEZA,Consumidor Livre,NORDESTE,206.4,128.663882
,2022-06-12,61407.0,RIOMAR FORTALEZA,Consumidor Livre,NORDESTE,206.4,114.187507
,2022-06-13,61407.0,RIOMAR FORTALEZA,Consumidor Livre,NORDESTE,206.4,117.17344
,2022-06-14,61407.0,RIOMAR FORTALEZA,Consumidor Livre,NORDESTE,206.4,122.176504
,2022-06-15,61407.0,RIOMAR FORTALEZA,Consumidor Livre,NORDESTE,206.4,121.56122
,2022-06-16,61407.0,RIOMAR FORTALEZA,Consumidor Livre,NORDESTE,206.4,118.274559
,2022-06-17,61407.0,RIOMAR FORTALEZA,Consumidor Livre,NORDESTE,206.4,118.812651
,2022-06-18,61407.0,RIOMAR FORTALEZA,Consumidor Livre,NORDESTE,206.4,127.934397
,2022-06-19,61407.0,RIOMAR FORTALEZA,Consumidor Livre,NORDESTE,206.4,110.120958
,2022-06-20,61407.0,RIOMAR FORTALEZA,Consumidor Livre,NORDESTE,206.4,116.30311
,2022-06-21,61407.0,RIOMAR FORTALEZA,Consumidor Livre,NORDESTE,206.4,120.21789
,2022-06-22,61407.0,RIOMAR FORTALEZA,Consumidor Livre,NORDESTE,206.4,119.071015
,2022-06-23,61407.0,RIOMAR FORTALEZA,Consumidor Livre,NORDESTE,206.4,114.102967
,2022-06-24,61407.0,RIOMAR FORTALEZA,Consumidor Livre,NORDESTE,206.4,124.26477
,2022-06-25,61407.0,RIOMAR FORTALEZA,Consumidor Livre,NORDESTE,206.4,123.520059
,2022-06-26,61407.0,RIOMAR FORTALEZA,Consumidor Livre,NORDESTE,206.4,104.176824
,2022-06-27,61407.0,RIOMAR FORTALEZA,Consumidor Livre,NORDESTE,206.4,114.955796
,2022-06-28,61407.0,RIOMAR FORTALEZA,Consumidor Livre,NORDESTE,206.4,117.200018
,2022-06-29,61407.0,RIOMAR FORTALEZA,Consumidor Livre,NORDESTE,206.4,119.526075
,2022-06-30,61407.0,RIOMAR FORTALEZA,Consumidor Livre,NORDESTE,206.4,116.722924
,2022-07-01,61407.0,RIOMAR FORTALEZA,Consumidor Livre,NORDESTE,206.4,122.720442
,2022-07-02,61407.0,RIOMAR FORTALEZA,Consumidor Livre,NORDESTE,206.4,127.571834
,2022-07-03,61407.0,RIOMAR FORTALEZA,Consumidor Livre,NORDESTE,206.4,102.823125
,2022-07-04,61407.0,RIOMAR FORTALEZA,Consumidor Livre,NORDESTE,206.4,110.579286
,2022-07-05,61407.0,RIOMAR FORTALEZA,Consumidor Livre,NORDESTE,206.4,115.335353
,2022-07-06,61407.0,RIOMAR FORTALEZA,Consumidor Livre,NORDESTE,206.4,116.131402
,2022-07-07,61407.0,RIOMAR FORTALEZA,Consumidor Livre,NORDESTE,206.4,115.367072
,2022-07-08,61407.0,RIOMAR FORTALEZA,Consumidor Livre,NORDESTE,206.4,117.848549
,2022-07-09,61407.0,RIOMAR FORTALEZA,Consumidor Livre,NORDESTE,206.4,122.009369
,2022-07-10,61407.0,RIOMAR FORTALEZA,Consumidor Livre,NORDESTE,206.4,100.786927
,2022-07-11,61407.0,RIOMAR FORTALEZA,Consumidor Livre,NORDESTE,206.4,109.775451
,2022-07-12,61407.0,RIOMAR FORTALEZA,Consumidor Livre,NORDESTE,206.4,115.31678
,2022-07-13,61407.0,RIOMAR FORTALEZA,Consumidor Livre,NORDESTE,206.4,118.847592
,2022-07-14,61407.0,RIOMAR FORTALEZA,Consumidor Livre,NORDESTE,206.4,118.959391
,2022-07-15,61407.0,RIOMAR FORTALEZA,Consumidor Livre,NORDESTE,206.4,116.512396
,2022-07-16,61407.0,RIOMAR FORTALEZA,Consumidor Livre,NORDESTE,206.4,125.377733
,2022-07-17,61407.0,RIOMAR FORTALEZA,Consumidor Livre,NORDESTE,206.4,107.139981
,2022-07-18,61407.0,RIOMAR FORTALEZA,Consumidor Livre,NORDESTE,206.4,113.871436
,2022-07-19,61407.0,RIOMAR FORTALEZA,Consumidor Livre,NORDESTE,206.4,118.817945
,2022-07-20,61407.0,RIOMAR FORTALEZA,Consumidor Livre,NORDESTE,206.4,116.789345
,2022-07-21,61407.0,RIOMAR FORTALEZA,Consumidor Livre,NORDESTE,206.4,114.202142
,2022-07-22,61407.0,RIOMAR FORTALEZA,Consumidor Livre,NORDESTE,206.4,114.242873
,2022-07-23,61407.0,RIOMAR FORTALEZA,Consumidor Livre,NORDESTE,206.4,123.737827
,2022-07-24,61407.0,RIOMAR FORTALEZA,Consumidor Livre,NORDESTE,206.4,105.20093
,2022-07-25,61407.0,RIOMAR FORTALEZA,Consumidor Livre,NORDESTE,206.4,109.576131
,2022-07-26,61407.0,RIOMAR FORTALEZA,Consumidor Livre,NORDESTE,206.4,113.813294
,2022-07-27,61407.0,RIOMAR FORTALEZA,Consumidor Livre,NORDESTE,206.4,114.100881
,2022-07-28,61407.0,RIOMAR FORTALEZA,Consumidor Livre,NORDESTE,206.4,112.545786
,2022-07-29,61407.0,RIOMAR FORTALEZA,Consumidor Livre,NORDESTE,206.4,116.216058
,2022-07-30,61407.0,RIOMAR FORTALEZA,Consumidor Livre,NORDESTE,206.4,123.942521
,2022-07-31,61407.0,RIOMAR FORTALEZA,Consumidor Livre,NORDESTE,206.4,103.887059
,2022-08-01,61407.0,RIOMAR FORTALEZA,Consumidor Livre,NORDESTE,206.4,108.421201
,2022-08-02,61407.0,RIOMAR FORTALEZA,Consumidor Livre,NORDESTE,206.4,112.096716
,2022-08-03,61407.0,RIOMAR FORTALEZA,Consumidor Livre,NORDESTE,206.4,112.797147
,2022-08-04,61407.0,RIOMAR FORTALEZA,Consumidor Livre,NORDESTE,206.4,111.747849
,2022-08-05,61407.0,RIOMAR FORTALEZA,Consumidor Livre,NORDESTE,206.4,115.655941
,2022-08-06,61407.0,RIOMAR FORTALEZA,Consumidor Livre,NORDESTE,206.4,121.477527
,2022-08-07,61407.0,RIOMAR FORTALEZA,Consumidor Livre,NORDESTE,206.4,105.394636
,2022-08-08,61407.0,RIOMAR FORTALEZA,Consumidor Livre,NORDESTE,206.4,107.449336
,2022-08-09,61407.0,RIOMAR FORTALEZA,Consumidor Livre,NORDESTE,206.4,114.950581
,2022-08-10,61407.0,RIOMAR FORTALEZA,Consumidor Livre,NORDESTE,206.4,112.546063
,2022-08-11,61407.0,RIOMAR FORTALEZA,Consumidor Livre,NORDESTE,206.4,120.5329
,2022-08-12,61407.0,RIOMAR FORTALEZA,Consumidor Livre,NORDESTE,206.4,119.67599
,2022-08-13,61407.0,RIOMAR FORTALEZA,Consumidor Livre,NORDESTE,206.4,126.951498
,2022-08-14,61407.0,RIOMAR FORTALEZA,Consumidor Livre,NORDESTE,206.4,97.946374
,2022-08-15,61407.0,RIOMAR FORTALEZA,Consumidor Livre,NORDESTE,206.4,107.211522
,2022-08-16,61407.0,RIOMAR FORTALEZA,Consumidor Livre,NORDESTE,206.4,110.153933
,2022-08-17,61407.0,RIOMAR FORTALEZA,Consumidor Livre,NORDESTE,206.4,112.977212
,2022-08-18,61407.0,RIOMAR FORTALEZA,Consumidor Livre,NORDESTE,206.4,114.186797
,2022-08-19,61407.0,RIOMAR FORTALEZA,Consumidor Livre,NORDESTE,206.4,115.723074
,2022-08-20,61407.0,RIOMAR FORTALEZA,Consumidor Livre,NORDESTE,206.4,120.964317
,2022-08-21,61407.0,RIOMAR FORTALEZA,Consumidor Livre,NORDESTE,206.4,99.366626
,2022-08-22,61407.0,RIOMAR FORTALEZA,Consumidor Livre,NORDESTE,206.4,107.401624
,2022-08-23,61407.0,RIOMAR FORTALEZA,Consumidor Livre,NORDESTE,206.4,113.321153
,2022-08-24,61407.0,RIOMAR FORTALEZA,Consumidor Livre,NORDESTE,206.4,114.074262
,2022-08-25,61407.0,RIOMAR FORTALEZA,Consumidor Livre,NORDESTE,206.4,113.629564
,2022-08-26,61407.0,RIOMAR FORTALEZA,Consumidor Livre,NORDESTE,206.4,112.498794
,2022-08-27,61407.0,RIOMAR FORTALEZA,Consumidor Livre,NORDESTE,206.4,122.442585
,2022-08-28,61407.0,RIOMAR FORTALEZA,Consumidor Livre,NORDESTE,206.4,101.349402
,2022-08-29,61407.0,RIOMAR FORTALEZA,Consumidor Livre,NORDESTE,206.4,107.457683
,2022-08-30,61407.0,RIOMAR FORTALEZA,Consumidor Livre,NORDESTE,206.4,113.365325
,2022-08-31,61407.0,RIOMAR FORTALEZA,Consumidor Livre,NORDESTE,206.4,112.196436
,2022-09-01,61407.0,RIOMAR FORTALEZA,Consumidor Livre,NORDESTE,206.4,113.470285
,2022-09-02,61407.0,RIOMAR FORTALEZA,Consumidor Livre,NORDESTE,206.4,115.513586
,2022-09-03,61407.0,RIOMAR FORTALEZA,Consumidor Livre,NORDESTE,206.4,119.562806
,2022-09-04,61407.0,RIOMAR FORTALEZA,Consumidor Livre,NORDESTE,206.4,102.053821
,2022-09-05,61407.0,RIOMAR FORTALEZA,Consumidor Livre,NORDESTE,206.4,108.489973
,2022-09-06,61407.0,RIOMAR FORTALEZA,Consumidor Livre,NORDESTE,206.4,115.932441
,2022-09-07,61407.0,RIOMAR FORTALEZA,Consumidor Livre,NORDESTE,206.4,111.304008
,2022-09-08,61407.0,RIOMAR FORTALEZA,Consumidor Livre,NORDESTE,206.4,111.563572
,2022-09-09,61407.0,RIOMAR FORTALEZA,Consumidor Livre,NORDESTE,206.4,113.747473
,2022-09-10,61407.0,RIOMAR FORTALEZA,Consumidor Livre,NORDESTE,206.4,117.447226
,2022-09-11,61407.0,RIOMAR FORTALEZA,Consumidor Livre,NORDESTE,206.4,101.643793
,2022-09-12,61407.0,RIOMAR FORTALEZA,Consumidor Livre,NORDESTE,206.4,107.868791
,2022-09-13,61407.0,RIOMAR FORTALEZA,Consumidor Livre,NORDESTE,206.4,112.531798
,2022-09-14,61407.0,RIOMAR FORTALEZA,Consumidor Livre,NORDESTE,206.4,113.119152
,2022-09-15,61407.0,RIOMAR FORTALEZA,Consumidor Livre,NORDESTE,206.4,116.650273
,2022-09-16,61407.0,RIOMAR FORTALEZA,Consumidor Livre,NORDESTE,206.4,116.146232
,2022-09-17,61407.0,RIOMAR FORTALEZA,Consumidor Livre,NORDESTE,206.4,122.477851
,2022-09-18,61407.0,RIOMAR FORTALEZA,Consumidor Livre,NORDESTE,206.4,104.181213
,2022-09-19,61407.0,RIOMAR FORTALEZA,Consumidor Livre,NORDESTE,206.4,109.709296
,2022-09-20,61407.0,RIOMAR FORTALEZA,Consumidor Livre,NORDESTE,206.4,114.807146
,2022-09-21,61407.0,RIOMAR FORTALEZA,Consumidor Livre,NORDESTE,206.4,113.499467
,2022-09-22,61407.0,RIOMAR FORTALEZA,Consumidor Livre,NORDESTE,206.4,110.890766
,2022-09-23,61407.0,RIOMAR FORTALEZA,Consumidor Livre,NORDESTE,206.4,119.520646
,2022-09-24,61407.0,RIOMAR FORTALEZA,Consumidor Livre,NORDESTE,206.4,123.70371
,2022-09-25,61407.0,RIOMAR FORTALEZA,Consumidor Livre,NORDESTE,206.4,98.90511
,2022-09-26,61407.0,RIOMAR FORTALEZA,Consumidor Livre,NORDESTE,206.4,84.779366
,2022-09-27,61407.0,RIOMAR FORTALEZA,Consumidor Livre,NORDESTE,206.4,113.534766
,2022-09-28,61407.0,RIOMAR FORTALEZA,Consumidor Livre,NORDESTE,206.4,114.500007
,2022-09-29,61407.0,RIOMAR FORTALEZA,Consumidor Livre,NORDESTE,206.4,112.920261
,2022-09-30,61407.0,RIOMAR FORTALEZA,Consumidor Livre,NORDESTE,206.4,115.851756
,2022-10-01,61407.0,RIOMAR FORTALEZA,Consumidor Livre,NORDESTE,206.4,118.392607
,2022-10-02,61407.0,RIOMAR FORTALEZA,Consumidor Livre,NORDESTE,206.4,91.300388
,2022-10-03,61407.0,RIOMAR FORTALEZA,Consumidor Livre,NORDESTE,206.4,108.442529
,2022-10-04,61407.0,RIOMAR FORTALEZA,Consumidor Livre,NORDESTE,206.4,114.407437
,2022-10-05,61407.0,RIOMAR FORTALEZA,Consumidor Livre,NORDESTE,206.4,115.04035
,2022-10-06,61407.0,RIOMAR FORTALEZA,Consumidor Livre,NORDESTE,206.4,118.209396
,2022-10-07,61407.0,RIOMAR FORTALEZA,Consumidor Livre,NORDESTE,206.4,120.275959
,2022-10-08,61407.0,RIOMAR FORTALEZA,Consumidor Livre,NORDESTE,206.4,120.447175
,2022-10-09,61407.0,RIOMAR FORTALEZA,Consumidor Livre,NORDESTE,206.4,108.823692
,2022-10-10,61407.0,RIOMAR FORTALEZA,Consumidor Livre,NORDESTE,206.4,111.622826
,2022-10-11,61407.0,RIOMAR FORTALEZA,Consumidor Livre,NORDESTE,206.4,116.109049
,2022-10-12,61407.0,RIOMAR FORTALEZA,Consumidor Livre,NORDESTE,206.4,115.685222
,2022-10-13,61407.0,RIOMAR FORTALEZA,Consumidor Livre,NORDESTE,206.4,116.999955
,2022-10-14,61407.0,RIOMAR FORTALEZA,Consumidor Livre,NORDESTE,206.4,118.215025
,2022-10-15,61407.0,RIOMAR FORTALEZA,Consumidor Livre,NORDESTE,206.4,124.506481
,2022-10-16,61407.0,RIOMAR FORTALEZA,Consumidor Livre,NORDESTE,206.4,102.322088
,2022-10-17,61407.0,RIOMAR FORTALEZA,Consumidor Livre,NORDESTE,206.4,111.541373
,2022-10-18,61407.0,RIOMAR FORTALEZA,Consumidor Livre,NORDESTE,206.4,116.872297
,2022-10-19,61407.0,RIOMAR FORTALEZA,Consumidor Livre,NORDESTE,206.4,118.266978
,2022-10-20,61407.0,RIOMAR FORTALEZA,Consumidor Livre,NORDESTE,206.4,119.76323
,2022-10-21,61407.0,RIOMAR FORTALEZA,Consumidor Livre,NORDESTE,206.4,115.205704
,2022-10-22,61407.0,RIOMAR FORTALEZA,Consumidor Livre,NORDESTE,206.4,127.373793
,2022-10-23,61407.0,RIOMAR FORTALEZA,Consumidor Livre,NORDESTE,206.4,102.499389
,2022-10-24,61407.0,RIOMAR FORTALEZA,Consumidor Livre,NORDESTE,206.4,103.737732
,2022-10-25,61407.0,RIOMAR FORTALEZA,Consumidor Livre,NORDESTE,206.4,118.765639
,2022-10-26,61407.0,RIOMAR FORTALEZA,Consumidor Livre,NORDESTE,206.4,116.075973
,2022-10-27,61407.0,RIOMAR FORTALEZA,Consumidor Livre,NORDESTE,206.4,117.641863
,2022-10-28,61407.0,RIOMAR FORTALEZA,Consumidor Livre,NORDESTE,206.4,115.609726
,2022-10-29,61407.0,RIOMAR FORTALEZA,Consumidor Livre,NORDESTE,206.4,124.082262
,2022-10-30,61407.0,RIOMAR FORTALEZA,Consumidor Livre,NORDESTE,206.4,84.610739
,2022-10-31,61407.0,RIOMAR FORTALEZA,Consumidor Livre,NORDESTE,206.4,109.505691
,2022-11-01,61407.0,RIOMAR FORTALEZA,Consumidor Livre,NORDESTE,206.4,114.722435
,2022-11-02,61407.0,RIOMAR FORTALEZA,Consumidor Livre,NORDESTE,206.4,114.458933
,2022-11-03,61407.0,RIOMAR FORTALEZA,Consumidor Livre,NORDESTE,206.4,117.702078
,2022-11-04,61407.0,RIOMAR FORTALEZA,Consumidor Livre,NORDESTE,206.4,117.268105
,2022-11-05,61407.0,RIOMAR FORTALEZA,Consumidor Livre,NORDESTE,206.4,127.889141
,2022-11-06,61407.0,RIOMAR FORTALEZA,Consumidor Livre,NORDESTE,206.4,107.129874
,2022-11-07,61407.0,RIOMAR FORTALEZA,Consumidor Livre,NORDESTE,206.4,109.7916
,2022-11-08,61407.0,RIOMAR FORTALEZA,Consumidor Livre,NORDESTE,206.4,114.284225
,2022-11-09,61407.0,RIOMAR FORTALEZA,Consumidor Livre,NORDESTE,206.4,112.198078
,2022-11-10,61407.0,RIOMAR FORTALEZA,Consumidor Livre,NORDESTE,206.4,120.576238
,2022-11-11,61407.0,RIOMAR FORTALEZA,Consumidor Livre,NORDESTE,206.4,117.483604
,2022-11-12,61407.0,RIOMAR FORTALEZA,Consumidor Livre,NORDESTE,206.4,123.983111
,2022-11-13,61407.0,RIOMAR FORTALEZA,Consumidor Livre,NORDESTE,206.4,100.729508
,2022-11-14,61407.0,RIOMAR FORTALEZA,Consumidor Livre,NORDESTE,206.4,109.621476
,2022-11-15,61407.0,RIOMAR FORTALEZA,Consumidor Livre,NORDESTE,206.4,113.467797
,2022-11-16,61407.0,RIOMAR FORTALEZA,Consumidor Livre,NORDESTE,206.4,113.147327
,2022-11-17,61407.0,RIOMAR FORTALEZA,Consumidor Livre,NORDESTE,206.4,115.179054
,2022-11-18,61407.0,RIOMAR FORTALEZA,Consumidor Livre,NORDESTE,206.4,116.879798
,2022-11-19,61407.0,RIOMAR FORTALEZA,Consumidor Livre,NORDESTE,206.4,120.283329
,2022-11-20,61407.0,RIOMAR FORTALEZA,Consumidor Livre,NORDESTE,206.4,106.519999
,2022-11-21,61407.0,RIOMAR FORTALEZA,Consumidor Livre,NORDESTE,206.4,106.702189
,2022-11-22,61407.0,RIOMAR FORTALEZA,Consumidor Livre,NORDESTE,206.4,116.312068
,2022-11-23,61407.0,RIOMAR FORTALEZA,Consumidor Livre,NORDESTE,206.4,116.115103
,2022-11-24,61407.0,RIOMAR FORTALEZA,Consumidor Livre,NORDESTE,206.4,112.911751
,2022-11-25,61407.0,RIOMAR FORTALEZA,Consumidor Livre,NORDESTE,206.4,119.345095
,2022-11-26,61407.0,RIOMAR FORTALEZA,Consumidor Livre,NORDESTE,206.4,125.396836
,2022-11-27,61407.0,RIOMAR FORTALEZA,Consumidor Livre,NORDESTE,206.4,105.237809
,2022-11-28,61407.0,RIOMAR FORTALEZA,Consumidor Livre,NORDESTE,206.4,105.158586
,2022-11-29,61407.0,RIOMAR FORTALEZA,Consumidor Livre,NORDESTE,206.4,117.894056
,2022-11-30,61407.0,RIOMAR FORTALEZA,Consumidor Livre,NORDESTE,206.4,113.827456
,2022-12-01,61407.0,RIOMAR FORTALEZA,Consumidor Livre,NORDESTE,206.4,117.180531
,2022-12-02,61407.0,RIOMAR FORTALEZA,Consumidor Livre,NORDESTE,206.4,114.534224
,2022-12-03,61407.0,RIOMAR FORTALEZA,Consumidor Livre,NORDESTE,206.4,124.148303
,2022-12-04,61407.0,RIOMAR FORTALEZA,Consumidor Livre,NORDESTE,206.4,102.71917
,2022-12-05,61407.0,RIOMAR FORTALEZA,Consumidor Livre,NORDESTE,206.4,105.15682
,2022-12-06,61407.0,RIOMAR FORTALEZA,Consumidor Livre,NORDESTE,206.4,111.974134
,2022-12-07,61407.0,RIOMAR FORTALEZA,Consumidor Livre,NORDESTE,206.4,118.720653
,2022-12-08,61407.0,RIOMAR FORTALEZA,Consumidor Livre,NORDESTE,206.4,120.86372
,2022-12-09,61407.0,RIOMAR FORTALEZA,Consumidor Livre,NORDESTE,206.4,113.359567
,2022-12-10,61407.0,RIOMAR FORTALEZA,Consumidor Livre,NORDESTE,206.4,126.877861
,2022-12-11,61407.0,RIOMAR FORTALEZA,Consumidor Livre,NORDESTE,206.4,107.022187
,2022-12-12,61407.0,RIOMAR FORTALEZA,Consumidor Livre,NORDESTE,206.4,112.692973
,2022-12-13,61407.0,RIOMAR FORTALEZA,Consumidor Livre,NORDESTE,206.4,117.998252
,2022-12-14,61407.0,RIOMAR FORTALEZA,Consumidor Livre,NORDESTE,206.4,121.507348
,2022-12-15,61407.0,RIOMAR FORTALEZA,Consumidor Livre,NORDESTE,206.4,121.858814
,2022-12-16,61407.0,RIOMAR FORTALEZA,Consumidor Livre,NORDESTE,206.4,122.630385
,2022-12-17,61407.0,RIOMAR FORTALEZA,Consumidor Livre,NORDESTE,206.4,130.997311
,2022-12-18,61407.0,RIOMAR FORTALEZA,Consumidor Livre,NORDESTE,206.4,109.304347
,2022-12-19,61407.0,RIOMAR FORTALEZA,Consumidor Livre,NORDESTE,206.4,118.01536
,2022-12-20,61407.0,RIOMAR FORTALEZA,Consumidor Livre,NORDESTE,206.4,125.026822
,2022-12-21,61407.0,RIOMAR FORTALEZA,Consumidor Livre,NORDESTE,206.4,128.655027
,2022-12-22,61407.0,RIOMAR FORTALEZA,Consumidor Livre,NORDESTE,206.4,129.361636
,2022-12-23,61407.0,RIOMAR FORTALEZA,Consumidor Livre,NORDESTE,206.4,129.670245
,2022-12-24,61407.0,RIOMAR FORTALEZA,Consumidor Livre,NORDESTE,206.4,104.886465
,2022-12-25,61407.0,RIOMAR FORTALEZA,Consumidor Livre,NORDESTE,206.4,73.48375
,2022-12-26,61407.0,RIOMAR FORTALEZA,Consumidor Livre,NORDESTE,206.4,113.405386
,2022-12-27,61407.0,RIOMAR FORTALEZA,Consumidor Livre,NORDESTE,206.4,124.137813
,2022-12-28,61407.0,RIOMAR FORTALEZA,Consumidor Livre,NORDESTE,206.4,123.176564
,2022-12-29,61407.0,RIOMAR FORTALEZA,Consumidor Livre,NORDESTE,206.4,122.771482
,2022-12-30,61407.0,RIOMAR FORTALEZA,Consumidor Livre,NORDESTE,206.4,121.462621
,2022-12-31,61407.0,RIOMAR FORTALEZA,Consumidor Livre,NORDESTE,206.4,107.547983
,2023-01-01,61407.0,RIOMAR FORTALEZA,Consumidor Livre,NORDESTE,206.4,73.754496
,2023-01-02,61407.0,RIOMAR FORTALEZA,Consumidor Livre,NORDESTE,206.4,111.647633
,2023-01-03,61407.0,RIOMAR FORTALEZA,Consumidor Livre,NORDESTE,206.4,126.605047
,2023-01-04,61407.0,RIOMAR FORTALEZA,Consumidor Livre,NORDESTE,206.4,127.04634
,2023-01-05,61407.0,RIOMAR FORTALEZA,Consumidor Livre,NORDESTE,206.4,123.743451
,2023-01-06,61407.0,RIOMAR FORTALEZA,Consumidor Livre,NORDESTE,206.4,121.004521
,2023-01-07,61407.0,RIOMAR FORTALEZA,Consumidor Livre,NORDESTE,206.4,131.058291
,2023-01-08,61407.0,RIOMAR FORTALEZA,Consumidor Livre,NORDESTE,206.4,108.843716
,2023-01-09,61407.0,RIOMAR FORTALEZA,Consumidor Livre,NORDESTE,206.4,115.719611
,2023-01-10,61407.0,RIOMAR FORTALEZA,Consumidor Livre,NORDESTE,206.4,123.251331
,2023-01-11,61407.0,RIOMAR FORTALEZA,Consumidor Livre,NORDESTE,206.4,122.022673
,2023-01-12,61407.0,RIOMAR FORTALEZA,Consumidor Livre,NORDESTE,206.4,124.571552
,2023-01-13,61407.0,RIOMAR FORTALEZA,Consumidor Livre,NORDESTE,206.4,124.482026
,2023-01-14,61407.0,RIOMAR FORTALEZA,Consumidor Livre,NORDESTE,206.4,126.803357
,2023-01-15,61407.0,RIOMAR FORTALEZA,Consumidor Livre,NORDESTE,206.4,105.934955
,2023-01-16,61407.0,RIOMAR FORTALEZA,Consumidor Livre,NORDESTE,206.4,114.828058
,2023-01-17,61407.0,RIOMAR FORTALEZA,Consumidor Livre,NORDESTE,206.4,115.175991
,2023-01-18,61407.0,RIOMAR FORTALEZA,Consumidor Livre,NORDESTE,206.4,122.212991
,2023-01-19,61407.0,RIOMAR FORTALEZA,Consumidor Livre,NORDESTE,206.4,114.229998
,2023-01-20,61407.0,RIOMAR FORTALEZA,Consumidor Livre,NORDESTE,206.4,119.556557
,2023-01-21,61407.0,RIOMAR FORTALEZA,Consumidor Livre,NORDESTE,206.4,124.83387
,2023-01-22,61407.0,RIOMAR FORTALEZA,Consumidor Livre,NORDESTE,206.4,107.896896
,2023-01-23,61407.0,RIOMAR FORTALEZA,Consumidor Livre,NORDESTE,206.4,114.07868
,2023-01-24,61407.0,RIOMAR FORTALEZA,Consumidor Livre,NORDESTE,206.4,116.83241
,2023-01-25,61407.0,RIOMAR FORTALEZA,Consumidor Livre,NORDESTE,206.4,112.246954
,2023-01-26,61407.0,RIOMAR FORTALEZA,Consumidor Livre,NORDESTE,206.4,117.390698
,2023-01-27,61407.0,RIOMAR FORTALEZA,Consumidor Livre,NORDESTE,206.4,117.701312
,2023-01-28,61407.0,RIOMAR FORTALEZA,Consumidor Livre,NORDESTE,206.4,127.054066
,2023-01-29,61407.0,RIOMAR FORTALEZA,Consumidor Livre,NORDESTE,206.4,104.667049
,2023-01-30,61407.0,RIOMAR FORTALEZA,Consumidor Livre,NORDESTE,206.4,109.878897
,2023-01-31,61407.0,RIOMAR FORTALEZA,Consumidor Livre,NORDESTE,206.4,117.183275
,2023-02-01,61407.0,RIOMAR FORTALEZA,Consumidor Livre,NORDESTE,206.4,122.329017
,2023-02-02,61407.0,RIOMAR FORTALEZA,Consumidor Livre,NORDESTE,206.4,116.81448
,2023-02-03,61407.0,RIOMAR FORTALEZA,Consumidor Livre,NORDESTE,206.4,122.015427
,2023-02-04,61407.0,RIOMAR FORTALEZA,Consumidor Livre,NORDESTE,206.4,128.790892
,2023-02-05,61407.0,RIOMAR FORTALEZA,Consumidor Livre,NORDESTE,206.4,109.588654
,2023-02-06,61407.0,RIOMAR FORTALEZA,Consumidor Livre,NORDESTE,206.4,111.810058
,2023-02-07,61407.0,RIOMAR FORTALEZA,Consumidor Livre,NORDESTE,206.4,118.292647
,2023-02-08,61407.0,RIOMAR FORTALEZA,Consumidor Livre,NORDESTE,206.4,116.959672
,2023-02-09,61407.0,RIOMAR FORTALEZA,Consumidor Livre,NORDESTE,206.4,116.444116
,2023-02-10,61407.0,RIOMAR FORTALEZA,Consumidor Livre,NORDESTE,206.4,120.990459
,2023-02-11,61407.0,RIOMAR FORTALEZA,Consumidor Livre,NORDESTE,206.4,128.103728
,2023-02-12,61407.0,RIOMAR FORTALEZA,Consumidor Livre,NORDESTE,206.4,106.907229
,2023-02-13,61407.0,RIOMAR FORTALEZA,Consumidor Livre,NORDESTE,206.4,113.208158
,2023-02-14,61407.0,RIOMAR FORTALEZA,Consumidor Livre,NORDESTE,206.4,122.803498
,2023-02-15,61407.0,RIOMAR FORTALEZA,Consumidor Livre,NORDESTE,206.4,117.203716
,2023-02-16,61407.0,RIOMAR FORTALEZA,Consumidor Livre,NORDESTE,206.4,119.229316
,2023-02-17,61407.0,RIOMAR FORTALEZA,Consumidor Livre,NORDESTE,206.4,121.916129
,2023-02-18,61407.0,RIOMAR FORTALEZA,Consumidor Livre,NORDESTE,206.4,123.990629
,2023-02-19,61407.0,RIOMAR FORTALEZA,Consumidor Livre,NORDESTE,206.4,86.97735
,2023-02-20,61407.0,RIOMAR FORTALEZA,Consumidor Livre,NORDESTE,206.4,80.188564
,2023-02-21,61407.0,RIOMAR FORTALEZA,Consumidor Livre,NORDESTE,206.4,87.530665
,2023-02-22,61407.0,RIOMAR FORTALEZA,Consumidor Livre,NORDESTE,206.4,117.26362
,2023-02-23,61407.0,RIOMAR FORTALEZA,Consumidor Livre,NORDESTE,206.4,118.396123
,2023-02-24,61407.0,RIOMAR FORTALEZA,Consumidor Livre,NORDESTE,206.4,116.25498
,2023-02-25,61407.0,RIOMAR FORTALEZA,Consumidor Livre,NORDESTE,206.4,123.830873
,2023-02-26,61407.0,RIOMAR FORTALEZA,Consumidor Livre,NORDESTE,206.4,106.504388
,2023-02-27,61407.0,RIOMAR FORTALEZA,Consumidor Livre,NORDESTE,206.4,113.7656
,2023-02-28,61407.0,RIOMAR FORTALEZA,Consumidor Livre,NORDESTE,206.4,119.797621
,2023-03-01,61407.0,RIOMAR FORTALEZA,Consumidor Livre,NORDESTE,206.4,125.711864
,2023-03-02,61407.0,RIOMAR FORTALEZA,Consumidor Livre,NORDESTE,206.4,123.562592
,2023-03-03,61407.0,RIOMAR FORTALEZA,Consumidor Livre,NORDESTE,206.4,111.497959
,2023-03-04,61407.0,RIOMAR FORTALEZA,Consumidor Livre,NORDESTE,206.4,116.29998
,2023-03-05,61407.0,RIOMAR FORTALEZA,Consumidor Livre,NORDESTE,206.4,111.632606
,2023-03-06,61407.0,RIOMAR FORTALEZA,Consumidor Livre,NORDESTE,206.4,113.744615
,2023-03-07,61407.0,RIOMAR FORTALEZA,Consumidor Livre,NORDESTE,206.4,121.363026
,2023-03-08,61407.0,RIOMAR FORTALEZA,Consumidor Livre,NORDESTE,206.4,120.1113
,2023-03-09,61407.0,RIOMAR FORTALEZA,Consumidor Livre,NORDESTE,206.4,120.440217
,2023-03-10,61407.0,RIOMAR FORTALEZA,Consumidor Livre,NORDESTE,206.4,124.028722
,2023-03-11,61407.0,RIOMAR FORTALEZA,Consumidor Livre,NORDESTE,206.4,134.092967
,2023-03-12,61407.0,RIOMAR FORTALEZA,Consumidor Livre,NORDESTE,206.4,112.172048
,2023-03-13,61407.0,RIOMAR FORTALEZA,Consumidor Livre,NORDESTE,206.4,118.221758
,2023-03-14,61407.0,RIOMAR FORTALEZA,Consumidor Livre,NORDESTE,206.4,118.434362
,2023-03-15,61407.0,RIOMAR FORTALEZA,Consumidor Livre,NORDESTE,206.4,122.129528
,2023-03-16,61407.0,RIOMAR FORTALEZA,Consumidor Livre,NORDESTE,206.4,121.60247
,2023-03-17,61407.0,RIOMAR FORTALEZA,Consumidor Livre,NORDESTE,206.4,122.807833
,2023-03-18,61407.0,RIOMAR FORTALEZA,Consumidor Livre,NORDESTE,206.4,131.840632
,2023-03-19,61407.0,RIOMAR FORTALEZA,Consumidor Livre,NORDESTE,206.4,110.305267
,2023-03-20,61407.0,RIOMAR FORTALEZA,Consumidor Livre,NORDESTE,206.4,110.803228
,2023-03-21,61407.0,RIOMAR FORTALEZA,Consumidor Livre,NORDESTE,206.4,121.381721
,2023-03-22,61407.0,RIOMAR FORTALEZA,Consumidor Livre,NORDESTE,206.4,115.782687
,2023-03-23,61407.0,RIOMAR FORTALEZA,Consumidor Livre,NORDESTE,206.4,121.103878
,2023-03-24,61407.0,RIOMAR FORTALEZA,Consumidor Livre,NORDESTE,206.4,127.219775
,2023-03-25,61407.0,RIOMAR FORTALEZA,Consumidor Livre,NORDESTE,206.4,136.603224
,2023-03-26,61407.0,RIOMAR FORTALEZA,Consumidor Livre,NORDESTE,206.4,109.932968
,2023-03-27,61407.0,RIOMAR FORTALEZA,Consumidor Livre,NORDESTE,206.4,114.878483
,2023-03-28,61407.0,RIOMAR FORTALEZA,Consumidor Livre,NORDESTE,206.4,119.178939
,2023-03-29,61407.0,RIOMAR FORTALEZA,Consumidor Livre,NORDESTE,206.4,121.815941
,2023-03-30,61407.0,RIOMAR FORTALEZA,Consumidor Livre,NORDESTE,206.4,118.838118
,2023-03-31,61407.0,RIOMAR FORTALEZA,Consumidor Livre,NORDESTE,206.4,127.315579
,2023-04-01,61407.0,RIOMAR FORTALEZA,Consumidor Livre,NORDESTE,206.4,127.791381
,2023-04-02,61407.0,RIOMAR FORTALEZA,Consumidor Livre,NORDESTE,206.4,106.72077
,2023-04-03,61407.0,RIOMAR FORTALEZA,Consumidor Livre,NORDESTE,206.4,113.867266
,2023-04-04,61407.0,RIOMAR FORTALEZA,Consumidor Livre,NORDESTE,206.4,121.800882
,2023-04-05,61407.0,RIOMAR FORTALEZA,Consumidor Livre,NORDESTE,206.4,122.521372
,2023-04-06,61407.0,RIOMAR FORTALEZA,Consumidor Livre,NORDESTE,206.4,126.619137
,2023-04-07,61407.0,RIOMAR FORTALEZA,Consumidor Livre,NORDESTE,206.4,91.476915
,2023-04-08,61407.0,RIOMAR FORTALEZA,Consumidor Livre,NORDESTE,206.4,129.202761
,2023-04-09,61407.0,RIOMAR FORTALEZA,Consumidor Livre,NORDESTE,206.4,106.991236
,2023-04-10,61407.0,RIOMAR FORTALEZA,Consumidor Livre,NORDESTE,206.4,112.916211
,2023-04-11,61407.0,RIOMAR FORTALEZA,Consumidor Livre,NORDESTE,206.4,122.811263
,2023-04-12,61407.0,RIOMAR FORTALEZA,Consumidor Livre,NORDESTE,206.4,119.965013
,2023-04-13,61407.0,RIOMAR FORTALEZA,Consumidor Livre,NORDESTE,206.4,127.047579
,2023-04-14,61407.0,RIOMAR FORTALEZA,Consumidor Livre,NORDESTE,206.4,121.746088
,2023-04-15,61407.0,RIOMAR FORTALEZA,Consumidor Livre,NORDESTE,206.4,127.479691
,2023-04-16,61407.0,RIOMAR FORTALEZA,Consumidor Livre,NORDESTE,206.4,115.90956
,2023-04-17,61407.0,RIOMAR FORTALEZA,Consumidor Livre,NORDESTE,206.4,115.705873
,2023-04-18,61407.0,RIOMAR FORTALEZA,Consumidor Livre,NORDESTE,206.4,122.004109
,2023-04-19,61407.0,RIOMAR FORTALEZA,Consumidor Livre,NORDESTE,206.4,124.583274
,2023-04-20,61407.0,RIOMAR FORTALEZA,Consumidor Livre,NORDESTE,206.4,126.352582
,2023-04-21,61407.0,RIOMAR FORTALEZA,Consumidor Livre,NORDESTE,206.4,122.646452
,2023-04-22,61407.0,RIOMAR FORTALEZA,Consumidor Livre,NORDESTE,206.4,136.63549700000002
,2023-04-23,61407.0,RIOMAR FORTALEZA,Consumidor Livre,NORDESTE,206.4,113.797176
,2023-04-24,61407.0,RIOMAR FORTALEZA,Consumidor Livre,NORDESTE,206.4,120.712341
,2023-04-25,61407.0,RIOMAR FORTALEZA,Consumidor Livre,NORDESTE,206.4,126.20639
,2023-04-26,61407.0,RIOMAR FORTALEZA,Consumidor Livre,NORDESTE,206.4,126.531041
,2023-04-27,61407.0,RIOMAR FORTALEZA,Consumidor Livre,NORDESTE,206.4,122.816028
,2023-04-28,61407.0,RIOMAR FORTALEZA,Consumidor Livre,NORDESTE,206.4,125.860496
,2023-04-29,61407.0,RIOMAR FORTALEZA,Consumidor Livre,NORDESTE,206.4,126.388264
,2023-04-30,61407.0,RIOMAR FORTALEZA,Consumidor Livre,NORDESTE,206.4,118.678095
,2023-05-01,61407.0,RIOMAR FORTALEZA,Consumidor Livre,NORDESTE,206.4,84.558366
,2023-05-02,61407.0,RIOMAR FORTALEZA,Consumidor Livre,NORDESTE,206.4,125.484313
,2023-05-03,61407.0,RIOMAR FORTALEZA,Consumidor Livre,NORDESTE,206.4,124.902338
,2023-05-04,61407.0,RIOMAR FORTALEZA,Consumidor Livre,NORDESTE,206.4,126.161615
,2023-05-05,61407.0,RIOMAR FORTALEZA,Consumidor Livre,NORDESTE,206.4,126.967847
,2023-05-06,61407.0,RIOMAR FORTALEZA,Consumidor Livre,NORDESTE,206.4,135.24311699999998
,2023-05-07,61407.0,RIOMAR FORTALEZA,Consumidor Livre,NORDESTE,206.4,111.994467
,2023-05-08,61407.0,RIOMAR FORTALEZA,Consumidor Livre,NORDESTE,206.4,121.552706
,2023-05-09,61407.0,RIOMAR FORTALEZA,Consumidor Livre,NORDESTE,206.4,129.974232
,2023-05-10,61407.0,RIOMAR FORTALEZA,Consumidor Livre,NORDESTE,206.4,123.678982
,2023-05-11,61407.0,RIOMAR FORTALEZA,Consumidor Livre,NORDESTE,206.4,126.852648
,2023-05-12,61407.0,RIOMAR FORTALEZA,Consumidor Livre,NORDESTE,206.4,128.319945
,2023-05-13,61407.0,RIOMAR FORTALEZA,Consumidor Livre,NORDESTE,206.4,138.682498
,2023-05-14,61407.0,RIOMAR FORTALEZA,Consumidor Livre,NORDESTE,206.4,120.899345
,2023-05-15,61407.0,RIOMAR FORTALEZA,Consumidor Livre,NORDESTE,206.4,125.522889
,2023-05-16,61407.0,RIOMAR FORTALEZA,Consumidor Livre,NORDESTE,206.4,122.065786
,2023-05-17,61407.0,RIOMAR FORTALEZA,Consumidor Livre,NORDESTE,206.4,123.929832
,2023-05-18,61407.0,RIOMAR FORTALEZA,Consumidor Livre,NORDESTE,206.4,130.570292
,2023-05-19,61407.0,RIOMAR FORTALEZA,Consumidor Livre,NORDESTE,206.4,128.061454
,2023-05-20,61407.0,RIOMAR FORTALEZA,Consumidor Livre,NORDESTE,206.4,134.659459
,2023-05-21,61407.0,RIOMAR FORTALEZA,Consumidor Livre,NORDESTE,206.4,114.14367
,2023-05-22,61407.0,RIOMAR FORTALEZA,Consumidor Livre,NORDESTE,206.4,124.300205
,2023-05-23,61407.0,RIOMAR FORTALEZA,Consumidor Livre,NORDESTE,206.4,126.395006
,2023-05-24,61407.0,RIOMAR FORTALEZA,Consumidor Livre,NORDESTE,206.4,128.34948
,2023-05-25,61407.0,RIOMAR FORTALEZA,Consumidor Livre,NORDESTE,206.4,127.093096
,2023-05-26,61407.0,RIOMAR FORTALEZA,Consumidor Livre,NORDESTE,206.4,128.95033999999998
,2023-05-27,61407.0,RIOMAR FORTALEZA,Consumidor Livre,NORDESTE,206.4,134.49998
,2023-05-28,61407.0,RIOMAR FORTALEZA,Consumidor Livre,NORDESTE,206.4,121.697232
,2023-05-29,61407.0,RIOMAR FORTALEZA,Consumidor Livre,NORDESTE,206.4,119.977483
,2023-05-30,61407.0,RIOMAR FORTALEZA,Consumidor Livre,NORDESTE,206.4,120.825957
,2023-05-31,61407.0,RIOMAR FORTALEZA,Consumidor Livre,NORDESTE,206.4,127.310791
,2023-06-01,61407.0,RIOMAR FORTALEZA,Consumidor Livre,NORDESTE,206.4,127.460904
,2023-06-02,61407.0,RIOMAR FORTALEZA,Consumidor Livre,NORDESTE,206.4,127.98828
,2023-06-03,61407.0,RIOMAR FORTALEZA,Consumidor Livre,NORDESTE,206.4,138.36928
,2023-06-04,61407.0,RIOMAR FORTALEZA,Consumidor Livre,NORDESTE,206.4,114.118859
,2023-06-05,61407.0,RIOMAR FORTALEZA,Consumidor Livre,NORDESTE,206.4,122.871449
,2023-06-06,61407.0,RIOMAR FORTALEZA,Consumidor Livre,NORDESTE,206.4,123.494288
,2023-06-07,61407.0,RIOMAR FORTALEZA,Consumidor Livre,NORDESTE,206.4,125.590125
,2023-06-08,61407.0,RIOMAR FORTALEZA,Consumidor Livre,NORDESTE,206.4,126.928459
,2023-06-09,61407.0,RIOMAR FORTALEZA,Consumidor Livre,NORDESTE,206.4,129.206484
,2023-06-10,61407.0,RIOMAR FORTALEZA,Consumidor Livre,NORDESTE,206.4,135.200727
,2023-06-11,61407.0,RIOMAR FORTALEZA,Consumidor Livre,NORDESTE,206.4,117.014454
,2023-06-12,61407.0,RIOMAR FORTALEZA,Consumidor Livre,NORDESTE,206.4,121.384614
,2023-06-13,61407.0,RIOMAR FORTALEZA,Consumidor Livre,NORDESTE,206.4,127.656879
,2023-06-14,61407.0,RIOMAR FORTALEZA,Consumidor Livre,NORDESTE,206.4,122.772856
,2023-06-15,61407.0,RIOMAR FORTALEZA,Consumidor Livre,NORDESTE,206.4,121.990087
,2023-06-16,61407.0,RIOMAR FORTALEZA,Consumidor Livre,NORDESTE,206.4,129.989671
,2023-06-17,61407.0,RIOMAR FORTALEZA,Consumidor Livre,NORDESTE,206.4,134.899576
,2023-06-18,61407.0,RIOMAR FORTALEZA,Consumidor Livre,NORDESTE,206.4,114.616531
,2023-06-19,61407.0,RIOMAR FORTALEZA,Consumidor Livre,NORDESTE,206.4,120.802764
,2023-06-20,61407.0,RIOMAR FORTALEZA,Consumidor Livre,NORDESTE,206.4,125.524552
,2023-06-21,61407.0,RIOMAR FORTALEZA,Consumidor Livre,NORDESTE,206.4,126.779526
,2023-06-22,61407.0,RIOMAR FORTALEZA,Consumidor Livre,NORDESTE,206.4,129.881701
,2023-06-23,61407.0,RIOMAR FORTALEZA,Consumidor Livre,NORDESTE,206.4,126.25405
,2023-06-24,61407.0,RIOMAR FORTALEZA,Consumidor Livre,NORDESTE,206.4,130.424936
,2023-06-25,61407.0,RIOMAR FORTALEZA,Consumidor Livre,NORDESTE,206.4,114.561643
,2023-06-26,61407.0,RIOMAR FORTALEZA,Consumidor Livre,NORDESTE,206.4,120.217395
,2023-06-27,61407.0,RIOMAR FORTALEZA,Consumidor Livre,NORDESTE,206.4,124.484618
,2023-06-28,61407.0,RIOMAR FORTALEZA,Consumidor Livre,NORDESTE,206.4,123.96147
,2023-06-29,61407.0,RIOMAR FORTALEZA,Consumidor Livre,NORDESTE,206.4,128.028094
,2023-06-30,61407.0,RIOMAR FORTALEZA,Consumidor Livre,NORDESTE,206.4,127.505037
,2023-07-01,61407.0,RIOMAR FORTALEZA,Consumidor Livre,NORDESTE,206.4,126.458437
,2023-07-02,61407.0,RIOMAR FORTALEZA,Consumidor Livre,NORDESTE,206.4,111.556864
,2023-07-03,61407.0,RIOMAR FORTALEZA,Consumidor Livre,NORDESTE,206.4,120.580068
,2023-07-04,61407.0,RIOMAR FORTALEZA,Consumidor Livre,NORDESTE,206.4,125.685829
,2023-07-05,61407.0,RIOMAR FORTALEZA,Consumidor Livre,NORDESTE,206.4,125.350037
,2023-07-06,61407.0,RIOMAR FORTALEZA,Consumidor Livre,NORDESTE,206.4,126.330477
,2023-07-07,61407.0,RIOMAR FORTALEZA,Consumidor Livre,NORDESTE,206.4,127.433208
,2023-07-08,61407.0,RIOMAR FORTALEZA,Consumidor Livre,NORDESTE,206.4,131.554773
,2023-07-09,61407.0,RIOMAR FORTALEZA,Consumidor Livre,NORDESTE,206.4,116.150423
,2023-07-10,61407.0,RIOMAR FORTALEZA,Consumidor Livre,NORDESTE,206.4,119.525646
,2023-07-11,61407.0,RIOMAR FORTALEZA,Consumidor Livre,NORDESTE,206.4,124.776968
,2023-07-12,61407.0,RIOMAR FORTALEZA,Consumidor Livre,NORDESTE,206.4,121.914041
,2023-07-13,61407.0,RIOMAR FORTALEZA,Consumidor Livre,NORDESTE,206.4,130.692995
,2023-07-14,61407.0,RIOMAR FORTALEZA,Consumidor Livre,NORDESTE,206.4,130.333399
,2023-07-15,61407.0,RIOMAR FORTALEZA,Consumidor Livre,NORDESTE,206.4,130.536826
,2023-07-16,61407.0,RIOMAR FORTALEZA,Consumidor Livre,NORDESTE,206.4,116.277316
,2023-07-17,61407.0,RIOMAR FORTALEZA,Consumidor Livre,NORDESTE,206.4,122.61041
,2023-07-18,61407.0,RIOMAR FORTALEZA,Consumidor Livre,NORDESTE,206.4,123.149124
,2023-07-19,61407.0,RIOMAR FORTALEZA,Consumidor Livre,NORDESTE,206.4,128.690408
,2023-07-20,61407.0,RIOMAR FORTALEZA,Consumidor Livre,NORDESTE,206.4,126.183772
,2023-07-21,61407.0,RIOMAR FORTALEZA,Consumidor Livre,NORDESTE,206.4,128.218706
,2023-07-22,61407.0,RIOMAR FORTALEZA,Consumidor Livre,NORDESTE,206.4,129.607503
,2023-07-23,61407.0,RIOMAR FORTALEZA,Consumidor Livre,NORDESTE,206.4,111.774489
,2023-07-24,61407.0,RIOMAR FORTALEZA,Consumidor Livre,NORDESTE,206.4,120.148136
,2023-07-25,61407.0,RIOMAR FORTALEZA,Consumidor Livre,NORDESTE,206.4,124.916095
,2023-07-26,61407.0,RIOMAR FORTALEZA,Consumidor Livre,NORDESTE,206.4,122.094084
,2023-07-27,61407.0,RIOMAR FORTALEZA,Consumidor Livre,NORDESTE,206.4,127.425126
,2023-07-28,61407.0,RIOMAR FORTALEZA,Consumidor Livre,NORDESTE,206.4,119.773736
,2023-07-29,61407.0,RIOMAR FORTALEZA,Consumidor Livre,NORDESTE,206.4,133.092796
,2023-07-30,61407.0,RIOMAR FORTALEZA,Consumidor Livre,NORDESTE,206.4,114.345444
,2023-07-31,61407.0,RIOMAR FORTALEZA,Consumidor Livre,NORDESTE,206.4,125.550864
,2023-08-01,61407.0,RIOMAR FORTALEZA,Consumidor Livre,NORDESTE,206.4,118.991988
,2023-08-02,61407.0,RIOMAR FORTALEZA,Consumidor Livre,NORDESTE,206.4,119.137265
,2023-08-03,61407.0,RIOMAR FORTALEZA,Consumidor Livre,NORDESTE,206.4,118.958931
,2023-08-04,61407.0,RIOMAR FORTALEZA,Consumidor Livre,NORDESTE,206.4,122.072425
,2023-08-05,61407.0,RIOMAR FORTALEZA,Consumidor Livre,NORDESTE,206.4,125.777569
,2023-08-06,61407.0,RIOMAR FORTALEZA,Consumidor Livre,NORDESTE,206.4,106.606779
,2023-08-07,61407.0,RIOMAR FORTALEZA,Consumidor Livre,NORDESTE,206.4,115.964986
,2023-08-08,61407.0,RIOMAR FORTALEZA,Consumidor Livre,NORDESTE,206.4,117.948008
,2023-08-09,61407.0,RIOMAR FORTALEZA,Consumidor Livre,NORDESTE,206.4,116.914851
,2023-08-10,61407.0,RIOMAR FORTALEZA,Consumidor Livre,NORDESTE,206.4,118.926639
,2023-08-11,61407.0,RIOMAR FORTALEZA,Consumidor Livre,NORDESTE,206.4,120.305947
,2023-08-12,61407.0,RIOMAR FORTALEZA,Consumidor Livre,NORDESTE,206.4,124.175914
,2023-08-13,61407.0,RIOMAR FORTALEZA,Consumidor Livre,NORDESTE,206.4,105.304751
,2023-08-14,61407.0,RIOMAR FORTALEZA,Consumidor Livre,NORDESTE,206.4,112.193004
,2023-08-15,61407.0,RIOMAR FORTALEZA,Consumidor Livre,NORDESTE,206.4,107.002413
,2023-08-16,61407.0,RIOMAR FORTALEZA,Consumidor Livre,NORDESTE,206.4,118.936805
,2023-08-17,61407.0,RIOMAR FORTALEZA,Consumidor Livre,NORDESTE,206.4,120.3713
,2023-08-18,61407.0,RIOMAR FORTALEZA,Consumidor Livre,NORDESTE,206.4,118.511335
,2023-08-19,61407.0,RIOMAR FORTALEZA,Consumidor Livre,NORDESTE,206.4,124.455394
,2023-08-20,61407.0,RIOMAR FORTALEZA,Consumidor Livre,NORDESTE,206.4,106.506496
,2023-08-21,61407.0,RIOMAR FORTALEZA,Consumidor Livre,NORDESTE,206.4,115.14003
,2023-08-22,61407.0,RIOMAR FORTALEZA,Consumidor Livre,NORDESTE,206.4,118.507979
,2023-08-23,61407.0,RIOMAR FORTALEZA,Consumidor Livre,NORDESTE,206.4,120.212768
,2023-08-24,61407.0,RIOMAR FORTALEZA,Consumidor Livre,NORDESTE,206.4,118.439497
,2023-08-25,61407.0,RIOMAR FORTALEZA,Consumidor Livre,NORDESTE,206.4,122.474457
,2023-08-26,61407.0,RIOMAR FORTALEZA,Consumidor Livre,NORDESTE,206.4,123.832613
,2023-08-27,61407.0,RIOMAR FORTALEZA,Consumidor Livre,NORDESTE,206.4,105.955424
,2023-08-28,61407.0,RIOMAR FORTALEZA,Consumidor Livre,NORDESTE,206.4,113.154969
,2023-08-29,61407.0,RIOMAR FORTALEZA,Consumidor Livre,NORDESTE,206.4,117.678296
,2023-08-30,61407.0,RIOMAR FORTALEZA,Consumidor Livre,NORDESTE,206.4,121.996559
,2023-08-31,61407.0,RIOMAR FORTALEZA,Consumidor Livre,NORDESTE,206.4,120.686135
,2023-09-01,61407.0,RIOMAR FORTALEZA,Consumidor Livre,NORDESTE,206.4,117.729723
,2023-09-02,61407.0,RIOMAR FORTALEZA,Consumidor Livre,NORDESTE,206.4,124.63625
,2023-09-03,61407.0,RIOMAR FORTALEZA,Consumidor Livre,NORDESTE,206.4,104.97697
,2023-09-04,61407.0,RIOMAR FORTALEZA,Consumidor Livre,NORDESTE,206.4,113.345651
,2023-09-05,61407.0,RIOMAR FORTALEZA,Consumidor Livre,NORDESTE,206.4,116.441722
,2023-09-06,61407.0,RIOMAR FORTALEZA,Consumidor Livre,NORDESTE,206.4,118.232499
,2023-09-07,61407.0,RIOMAR FORTALEZA,Consumidor Livre,NORDESTE,206.4,117.657245
,2023-09-08,61407.0,RIOMAR FORTALEZA,Consumidor Livre,NORDESTE,206.4,121.745742
,2023-09-09,61407.0,RIOMAR FORTALEZA,Consumidor Livre,NORDESTE,206.4,123.60478
,2023-09-10,61407.0,RIOMAR FORTALEZA,Consumidor Livre,NORDESTE,206.4,106.004547
,2023-09-11,61407.0,RIOMAR FORTALEZA,Consumidor Livre,NORDESTE,206.4,114.229879
,2023-09-12,61407.0,RIOMAR FORTALEZA,Consumidor Livre,NORDESTE,206.4,116.256565
,2023-09-13,61407.0,RIOMAR FORTALEZA,Consumidor Livre,NORDESTE,206.4,117.342172
,2023-09-14,61407.0,RIOMAR FORTALEZA,Consumidor Livre,NORDESTE,206.4,116.5816
,2023-09-15,61407.0,RIOMAR FORTALEZA,Consumidor Livre,NORDESTE,206.4,114.697081
,2023-09-16,61407.0,RIOMAR FORTALEZA,Consumidor Livre,NORDESTE,206.4,124.519184
,2023-09-17,61407.0,RIOMAR FORTALEZA,Consumidor Livre,NORDESTE,206.4,105.037564
,2023-09-18,61407.0,RIOMAR FORTALEZA,Consumidor Livre,NORDESTE,206.4,113.226395
,2023-09-19,61407.0,RIOMAR FORTALEZA,Consumidor Livre,NORDESTE,206.4,117.711399
,2023-09-20,61407.0,RIOMAR FORTALEZA,Consumidor Livre,NORDESTE,206.4,121.375141
,2023-09-21,61407.0,RIOMAR FORTALEZA,Consumidor Livre,NORDESTE,206.4,120.410867
,2023-09-22,61407.0,RIOMAR FORTALEZA,Consumidor Livre,NORDESTE,206.4,120.774411
,2023-09-23,61407.0,RIOMAR FORTALEZA,Consumidor Livre,NORDESTE,206.4,124.82432
,2023-09-24,61407.0,RIOMAR FORTALEZA,Consumidor Livre,NORDESTE,206.4,106.215693
,2023-09-25,61407.0,RIOMAR FORTALEZA,Consumidor Livre,NORDESTE,206.4,83.026119
,2023-09-26,61407.0,RIOMAR FORTALEZA,Consumidor Livre,NORDESTE,206.4,116.488598
,2023-09-27,61407.0,RIOMAR FORTALEZA,Consumidor Livre,NORDESTE,206.4,123.518881
,2023-09-28,61407.0,RIOMAR FORTALEZA,Consumidor Livre,NORDESTE,206.4,119.162452
,2023-09-29,61407.0,RIOMAR FORTALEZA,Consumidor Livre,NORDESTE,206.4,121.061764
,2023-09-30,61407.0,RIOMAR FORTALEZA,Consumidor Livre,NORDESTE,206.4,121.879872
,2023-10-01,61407.0,RIOMAR FORTALEZA,Consumidor Livre,NORDESTE,206.4,106.773342
,2023-10-02,61407.0,RIOMAR FORTALEZA,Consumidor Livre,NORDESTE,206.4,114.808136
,2023-10-03,61407.0,RIOMAR FORTALEZA,Consumidor Livre,NORDESTE,206.4,118.563572
,2023-10-04,61407.0,RIOMAR FORTALEZA,Consumidor Livre,NORDESTE,206.4,115.831777
,2023-10-05,61407.0,RIOMAR FORTALEZA,Consumidor Livre,NORDESTE,206.4,120.741426
,2023-10-06,61407.0,RIOMAR FORTALEZA,Consumidor Livre,NORDESTE,206.4,120.072982
,2023-10-07,61407.0,RIOMAR FORTALEZA,Consumidor Livre,NORDESTE,206.4,128.580775
,2023-10-08,61407.0,RIOMAR FORTALEZA,Consumidor Livre,NORDESTE,206.4,113.653667
,2023-10-09,61407.0,RIOMAR FORTALEZA,Consumidor Livre,NORDESTE,206.4,106.08414
,2023-10-10,61407.0,RIOMAR FORTALEZA,Consumidor Livre,NORDESTE,206.4,119.429728
,2023-10-11,61407.0,RIOMAR FORTALEZA,Consumidor Livre,NORDESTE,206.4,120.212947
,2023-10-12,61407.0,RIOMAR FORTALEZA,Consumidor Livre,NORDESTE,206.4,123.126355
,2023-10-13,61407.0,RIOMAR FORTALEZA,Consumidor Livre,NORDESTE,206.4,123.849452
,2023-10-14,61407.0,RIOMAR FORTALEZA,Consumidor Livre,NORDESTE,206.4,131.489897
,2023-10-15,61407.0,RIOMAR FORTALEZA,Consumidor Livre,NORDESTE,206.4,108.728768
,2023-10-16,61407.0,RIOMAR FORTALEZA,Consumidor Livre,NORDESTE,206.4,115.523869
,2023-10-17,61407.0,RIOMAR FORTALEZA,Consumidor Livre,NORDESTE,206.4,117.522845
,2023-10-18,61407.0,RIOMAR FORTALEZA,Consumidor Livre,NORDESTE,206.4,118.363191
,2023-10-19,61407.0,RIOMAR FORTALEZA,Consumidor Livre,NORDESTE,206.4,122.474231
,2023-10-20,61407.0,RIOMAR FORTALEZA,Consumidor Livre,NORDESTE,206.4,122.718037
,2023-10-21,61407.0,RIOMAR FORTALEZA,Consumidor Livre,NORDESTE,206.4,129.607036
,2023-10-22,61407.0,RIOMAR FORTALEZA,Consumidor Livre,NORDESTE,206.4,111.365809
,2023-10-23,61407.0,RIOMAR FORTALEZA,Consumidor Livre,NORDESTE,206.4,116.144766
,2023-10-24,61407.0,RIOMAR FORTALEZA,Consumidor Livre,NORDESTE,206.4,116.798868
,2023-10-25,61407.0,RIOMAR FORTALEZA,Consumidor Livre,NORDESTE,206.4,120.172945
,2023-10-26,61407.0,RIOMAR FORTALEZA,Consumidor Livre,NORDESTE,206.4,123.268394
,2023-10-27,61407.0,RIOMAR FORTALEZA,Consumidor Livre,NORDESTE,206.4,121.629035
,2023-10-28,61407.0,RIOMAR FORTALEZA,Consumidor Livre,NORDESTE,206.4,129.269418
,2023-10-29,61407.0,RIOMAR FORTALEZA,Consumidor Livre,NORDESTE,206.4,108.647878
,2023-10-30,61407.0,RIOMAR FORTALEZA,Consumidor Livre,NORDESTE,206.4,115.06523
,2023-10-31,61407.0,RIOMAR FORTALEZA,Consumidor Livre,NORDESTE,206.4,119.248732
,2023-11-01,61407.0,RIOMAR FORTALEZA,Consumidor Livre,NORDESTE,206.4,120.669694
,2023-11-02,61407.0,RIOMAR FORTALEZA,Consumidor Livre,NORDESTE,206.4,122.427258
,2023-11-03,61407.0,RIOMAR FORTALEZA,Consumidor Livre,NORDESTE,206.4,122.335531
,2023-11-04,61407.0,RIOMAR FORTALEZA,Consumidor Livre,NORDESTE,206.4,128.313245
,2023-11-05,61407.0,RIOMAR FORTALEZA,Consumidor Livre,NORDESTE,206.4,108.752599
,2023-11-06,61407.0,RIOMAR FORTALEZA,Consumidor Livre,NORDESTE,206.4,115.540243
,2023-11-07,61407.0,RIOMAR FORTALEZA,Consumidor Livre,NORDESTE,206.4,121.212899
,2023-11-08,61407.0,RIOMAR FORTALEZA,Consumidor Livre,NORDESTE,206.4,120.41928
,2023-11-09,61407.0,RIOMAR FORTALEZA,Consumidor Livre,NORDESTE,206.4,123.084195
,2023-11-10,61407.0,RIOMAR FORTALEZA,Consumidor Livre,NORDESTE,206.4,122.424697
,2023-11-11,61407.0,RIOMAR FORTALEZA,Consumidor Livre,NORDESTE,206.4,128.819037
,2023-11-12,61407.0,RIOMAR FORTALEZA,Consumidor Livre,NORDESTE,206.4,107.350979
,2023-11-13,61407.0,RIOMAR FORTALEZA,Consumidor Livre,NORDESTE,206.4,115.233743
,2023-11-14,61407.0,RIOMAR FORTALEZA,Consumidor Livre,NORDESTE,206.4,124.738776
,2023-11-15,61407.0,RIOMAR FORTALEZA,Consumidor Livre,NORDESTE,206.4,111.603868
,2023-11-16,61407.0,RIOMAR FORTALEZA,Consumidor Livre,NORDESTE,206.4,128.283185
,2023-11-17,61407.0,RIOMAR FORTALEZA,Consumidor Livre,NORDESTE,206.4,123.754053
,2023-11-18,61407.0,RIOMAR FORTALEZA,Consumidor Livre,NORDESTE,206.4,132.680693
,2023-11-19,61407.0,RIOMAR FORTALEZA,Consumidor Livre,NORDESTE,206.4,120.339516
,2023-11-20,61407.0,RIOMAR FORTALEZA,Consumidor Livre,NORDESTE,206.4,121.508211
,2023-11-21,61407.0,RIOMAR FORTALEZA,Consumidor Livre,NORDESTE,206.4,124.005029
,2023-11-22,61407.0,RIOMAR FORTALEZA,Consumidor Livre,NORDESTE,206.4,126.325483
,2023-11-23,61407.0,RIOMAR FORTALEZA,Consumidor Livre,NORDESTE,206.4,126.310814
,2023-11-24,61407.0,RIOMAR FORTALEZA,Consumidor Livre,NORDESTE,206.4,128.937324
,2023-11-25,61407.0,RIOMAR FORTALEZA,Consumidor Livre,NORDESTE,206.4,132.282014
,2023-11-26,61407.0,RIOMAR FORTALEZA,Consumidor Livre,NORDESTE,206.4,114.062644
,2023-11-27,61407.0,RIOMAR FORTALEZA,Consumidor Livre,NORDESTE,206.4,116.709684
,2023-11-28,61407.0,RIOMAR FORTALEZA,Consumidor Livre,NORDESTE,206.4,121.417002
,2023-11-29,61407.0,RIOMAR FORTALEZA,Consumidor Livre,NORDESTE,206.4,122.498503
,2023-11-30,61407.0,RIOMAR FORTALEZA,Consumidor Livre,NORDESTE,206.4,122.55555
,2023-12-01,61407.0,RIOMAR FORTALEZA,Consumidor Livre,NORDESTE,206.4,124.0067
,2023-12-02,61407.0,RIOMAR FORTALEZA,Consumidor Livre,NORDESTE,206.4,129.632997
,2023-12-03,61407.0,RIOMAR FORTALEZA,Consumidor Livre,NORDESTE,206.4,115.094584
,2023-12-04,61407.0,RIOMAR FORTALEZA,Consumidor Livre,NORDESTE,206.4,119.790737
,2023-12-05,61407.0,RIOMAR FORTALEZA,Consumidor Livre,NORDESTE,206.4,125.226352
,2023-12-06,61407.0,RIOMAR FORTALEZA,Consumidor Livre,NORDESTE,206.4,125.355571
,2023-12-07,61407.0,RIOMAR FORTALEZA,Consumidor Livre,NORDESTE,206.4,126.181274
,2023-12-08,61407.0,RIOMAR FORTALEZA,Consumidor Livre,NORDESTE,206.4,124.972936
,2023-12-09,61407.0,RIOMAR FORTALEZA,Consumidor Livre,NORDESTE,206.4,134.035543
,2023-12-10,61407.0,RIOMAR FORTALEZA,Consumidor Livre,NORDESTE,206.4,111.488421
,2023-12-11,61407.0,RIOMAR FORTALEZA,Consumidor Livre,NORDESTE,206.4,116.466079
,2023-12-12,61407.0,RIOMAR FORTALEZA,Consumidor Livre,NORDESTE,206.4,123.769685
,2023-12-13,61407.0,RIOMAR FORTALEZA,Consumidor Livre,NORDESTE,206.4,126.152139
,2023-12-14,61407.0,RIOMAR FORTALEZA,Consumidor Livre,NORDESTE,206.4,125.400863
,2023-12-15,61407.0,RIOMAR FORTALEZA,Consumidor Livre,NORDESTE,206.4,123.177016
,2023-12-16,61407.0,RIOMAR FORTALEZA,Consumidor Livre,NORDESTE,206.4,137.42344
,2023-12-17,61407.0,RIOMAR FORTALEZA,Consumidor Livre,NORDESTE,206.4,116.855244
,2023-12-18,61407.0,RIOMAR FORTALEZA,Consumidor Livre,NORDESTE,206.4,119.347175
,2023-12-19,61407.0,RIOMAR FORTALEZA,Consumidor Livre,NORDESTE,206.4,125.19787
,2023-12-20,61407.0,RIOMAR FORTALEZA,Consumidor Livre,NORDESTE,206.4,133.629573
,2023-12-21,61407.0,RIOMAR FORTALEZA,Consumidor Livre,NORDESTE,206.4,138.338247
,2023-12-22,61407.0,RIOMAR FORTALEZA,Consumidor Livre,NORDESTE,206.4,135.256027
,2023-12-23,61407.0,RIOMAR FORTALEZA,Consumidor Livre,NORDESTE,206.4,142.444512
,2023-12-24,61407.0,RIOMAR FORTALEZA,Consumidor Livre,NORDESTE,206.4,104.650928
,2023-12-25,61407.0,RIOMAR FORTALEZA,Consumidor Livre,NORDESTE,206.4,77.748247
,2023-12-26,61407.0,RIOMAR FORTALEZA,Consumidor Livre,NORDESTE,206.4,128.597259
,2023-12-27,61407.0,RIOMAR FORTALEZA,Consumidor Livre,NORDESTE,206.4,133.863424
,2023-12-28,61407.0,RIOMAR FORTALEZA,Consumidor Livre,NORDESTE,206.4,134.237819
,2023-12-29,61407.0,RIOMAR FORTALEZA,Consumidor Livre,NORDESTE,206.4,133.067587
,2023-12-30,61407.0,RIOMAR FORTALEZA,Consumidor Livre,NORDESTE,206.4,137.811718
,2023-12-31,61407.0,RIOMAR FORTALEZA,Consumidor Livre,NORDESTE,206.4,103.561105
,2024-01-01,61407.0,RIOMAR FORTALEZA,Consumidor Livre,NORDESTE,206.4,76.355406
,2024-01-02,61407.0,RIOMAR FORTALEZA,Consumidor Livre,NORDESTE,206.4,119.43605
,2024-01-03,61407.0,RIOMAR FORTALEZA,Consumidor Livre,NORDESTE,206.4,130.271182
,2024-01-04,61407.0,RIOMAR FORTALEZA,Consumidor Livre,NORDESTE,206.4,129.397575
,2024-01-05,61407.0,RIOMAR FORTALEZA,Consumidor Livre,NORDESTE,206.4,129.134457
,2024-01-06,61407.0,RIOMAR FORTALEZA,Consumidor Livre,NORDESTE,206.4,137.00708500000002
,2024-01-07,61407.0,RIOMAR FORTALEZA,Consumidor Livre,NORDESTE,206.4,117.78388
,2024-01-08,61407.0,RIOMAR FORTALEZA,Consumidor Livre,NORDESTE,206.4,121.34423
,2024-01-09,61407.0,RIOMAR FORTALEZA,Consumidor Livre,NORDESTE,206.4,127.986835
,2024-01-10,61407.0,RIOMAR FORTALEZA,Consumidor Livre,NORDESTE,206.4,129.487973
,2024-01-11,61407.0,RIOMAR FORTALEZA,Consumidor Livre,NORDESTE,206.4,129.544297
,2024-01-12,61407.0,RIOMAR FORTALEZA,Consumidor Livre,NORDESTE,206.4,128.988098
,2024-01-13,61407.0,RIOMAR FORTALEZA,Consumidor Livre,NORDESTE,206.4,139.141083
,2024-01-14,61407.0,RIOMAR FORTALEZA,Consumidor Livre,NORDESTE,206.4,116.296327
,2024-01-15,61407.0,RIOMAR FORTALEZA,Consumidor Livre,NORDESTE,206.4,119.090071
,2024-01-16,61407.0,RIOMAR FORTALEZA,Consumidor Livre,NORDESTE,206.4,128.274156
,2024-01-17,61407.0,RIOMAR FORTALEZA,Consumidor Livre,NORDESTE,206.4,128.428298
,2024-01-18,61407.0,RIOMAR FORTALEZA,Consumidor Livre,NORDESTE,206.4,128.189014
,2024-01-19,61407.0,RIOMAR FORTALEZA,Consumidor Livre,NORDESTE,206.4,128.642553
,2024-01-20,61407.0,RIOMAR FORTALEZA,Consumidor Livre,NORDESTE,206.4,138.26397
,2024-01-21,61407.0,RIOMAR FORTALEZA,Consumidor Livre,NORDESTE,206.4,119.974225
,2024-01-22,61407.0,RIOMAR FORTALEZA,Consumidor Livre,NORDESTE,206.4,124.055572
,2024-01-23,61407.0,RIOMAR FORTALEZA,Consumidor Livre,NORDESTE,206.4,127.544771
,2024-01-24,61407.0,RIOMAR FORTALEZA,Consumidor Livre,NORDESTE,206.4,129.502651
,2024-01-25,61407.0,RIOMAR FORTALEZA,Consumidor Livre,NORDESTE,206.4,129.235507
,2024-01-26,61407.0,RIOMAR FORTALEZA,Consumidor Livre,NORDESTE,206.4,131.452648
,2024-01-27,61407.0,RIOMAR FORTALEZA,Consumidor Livre,NORDESTE,206.4,139.555199
,2024-01-28,61407.0,RIOMAR FORTALEZA,Consumidor Livre,NORDESTE,206.4,122.810652
,2024-01-29,61407.0,RIOMAR FORTALEZA,Consumidor Livre,NORDESTE,206.4,119.046261
,2024-01-30,61407.0,RIOMAR FORTALEZA,Consumidor Livre,NORDESTE,206.4,130.63692
,2024-01-31,61407.0,RIOMAR FORTALEZA,Consumidor Livre,NORDESTE,206.4,130.69253799999998
,2024-02-01,61407.0,RIOMAR FORTALEZA,Consumidor Livre,NORDESTE,206.4,132.394025
,2024-02-02,61407.0,RIOMAR FORTALEZA,Consumidor Livre,NORDESTE,206.4,130.526113
,2024-02-03,61407.0,RIOMAR FORTALEZA,Consumidor Livre,NORDESTE,206.4,138.22625
,2024-02-04,61407.0,RIOMAR FORTALEZA,Consumidor Livre,NORDESTE,206.4,116.505807
,2024-02-05,61407.0,RIOMAR FORTALEZA,Consumidor Livre,NORDESTE,206.4,124.453811
,2024-02-06,61407.0,RIOMAR FORTALEZA,Consumidor Livre,NORDESTE,206.4,130.173658
,2024-02-07,61407.0,RIOMAR FORTALEZA,Consumidor Livre,NORDESTE,206.4,132.52678
,2024-02-08,61407.0,RIOMAR FORTALEZA,Consumidor Livre,NORDESTE,206.4,131.378119
,2024-02-09,61407.0,RIOMAR FORTALEZA,Consumidor Livre,NORDESTE,206.4,134.923219
,2024-02-10,61407.0,RIOMAR FORTALEZA,Consumidor Livre,NORDESTE,206.4,128.838841
,2024-02-11,61407.0,RIOMAR FORTALEZA,Consumidor Livre,NORDESTE,206.4,84.313147
,2024-02-12,61407.0,RIOMAR FORTALEZA,Consumidor Livre,NORDESTE,206.4,88.235475
,2024-02-13,61407.0,RIOMAR FORTALEZA,Consumidor Livre,NORDESTE,206.4,90.028222
,2024-02-14,61407.0,RIOMAR FORTALEZA,Consumidor Livre,NORDESTE,206.4,125.18911
,2024-02-15,61407.0,RIOMAR FORTALEZA,Consumidor Livre,NORDESTE,206.4,125.464106
,2024-02-16,61407.0,RIOMAR FORTALEZA,Consumidor Livre,NORDESTE,206.4,128.780965
,2024-02-17,61407.0,RIOMAR FORTALEZA,Consumidor Livre,NORDESTE,206.4,140.0931
,2024-02-18,61407.0,RIOMAR FORTALEZA,Consumidor Livre,NORDESTE,206.4,115.385313
,2024-02-19,61407.0,RIOMAR FORTALEZA,Consumidor Livre,NORDESTE,206.4,119.168391
,2024-02-20,61407.0,RIOMAR FORTALEZA,Consumidor Livre,NORDESTE,206.4,125.913097
,2024-02-21,61407.0,RIOMAR FORTALEZA,Consumidor Livre,NORDESTE,206.4,124.267486
,2024-02-22,61407.0,RIOMAR FORTALEZA,Consumidor Livre,NORDESTE,206.4,125.072329
,2024-02-23,61407.0,RIOMAR FORTALEZA,Consumidor Livre,NORDESTE,206.4,126.141809
,2024-02-24,61407.0,RIOMAR FORTALEZA,Consumidor Livre,NORDESTE,206.4,136.483408
,2024-02-25,61407.0,RIOMAR FORTALEZA,Consumidor Livre,NORDESTE,206.4,123.586762
,2024-02-26,61407.0,RIOMAR FORTALEZA,Consumidor Livre,NORDESTE,206.4,114.773309
,2024-02-27,61407.0,RIOMAR FORTALEZA,Consumidor Livre,NORDESTE,206.4,123.091638
,2024-02-28,61407.0,RIOMAR FORTALEZA,Consumidor Livre,NORDESTE,206.4,122.402143
,2024-02-29,61407.0,RIOMAR FORTALEZA,Consumidor Livre,NORDESTE,206.4,121.764214
202403.0,2024-03-01,61407.0,RIOMAR FORTALEZA,Consumidor Livre,NORDESTE,206.4,127.021058
202403.0,2024-03-02,61407.0,RIOMAR FORTALEZA,Consumidor Livre,NORDESTE,206.4,135.832475
202403.0,2024-03-03,61407.0,RIOMAR FORTALEZA,Consumidor Livre,NORDESTE,206.4,111.914576
202403.0,2024-03-04,61407.0,RIOMAR FORTALEZA,Consumidor Livre,NORDESTE,206.4,117.209347
202403.0,2024-03-05,61407.0,RIOMAR FORTALEZA,Consumidor Livre,NORDESTE,206.4,127.414096
202403.0,2024-03-06,61407.0,RIOMAR FORTALEZA,Consumidor Livre,NORDESTE,206.4,125.489795
202403.0,2024-03-07,61407.0,RIOMAR FORTALEZA,Consumidor Livre,NORDESTE,206.4,122.940633
202403.0,2024-03-08,61407.0,RIOMAR FORTALEZA,Consumidor Livre,NORDESTE,206.4,125.428474
202403.0,2024-03-09,61407.0,RIOMAR FORTALEZA,Consumidor Livre,NORDESTE,206.4,134.087836
202403.0,2024-03-10,61407.0,RIOMAR FORTALEZA,Consumidor Livre,NORDESTE,206.4,114.96367
202403.0,2024-03-11,61407.0,RIOMAR FORTALEZA,Consumidor Livre,NORDESTE,206.4,118.452473
202403.0,2024-03-12,61407.0,RIOMAR FORTALEZA,Consumidor Livre,NORDESTE,206.4,128.633461
202403.0,2024-03-13,61407.0,RIOMAR FORTALEZA,Consumidor Livre,NORDESTE,206.4,128.379696
202403.0,2024-03-14,61407.0,RIOMAR FORTALEZA,Consumidor Livre,NORDESTE,206.4,131.635519
202403.0,2024-03-15,61407.0,RIOMAR FORTALEZA,Consumidor Livre,NORDESTE,206.4,126.761731
202403.0,2024-03-16,61407.0,RIOMAR FORTALEZA,Consumidor Livre,NORDESTE,206.4,133.893198
202403.0,2024-03-17,61407.0,RIOMAR FORTALEZA,Consumidor Livre,NORDESTE,206.4,108.19216
202403.0,2024-03-18,61407.0,RIOMAR FORTALEZA,Consumidor Livre,NORDESTE,206.4,120.408836
202403.0,2024-03-19,61407.0,RIOMAR FORTALEZA,Consumidor Livre,NORDESTE,206.4,120.031075
202403.0,2024-03-20,61407.0,RIOMAR FORTALEZA,Consumidor Livre,NORDESTE,206.4,127.294126
202403.0,2024-03-21,61407.0,RIOMAR FORTALEZA,Consumidor Livre,NORDESTE,206.4,126.708659
202403.0,2024-03-22,61407.0,RIOMAR FORTALEZA,Consumidor Livre,NORDESTE,206.4,126.446537
202403.0,2024-03-23,61407.0,RIOMAR FORTALEZA,Consumidor Livre,NORDESTE,206.4,131.806463
202403.0,2024-03-24,61407.0,RIOMAR FORTALEZA,Consumidor Livre,NORDESTE,206.4,115.19751
202403.0,2024-03-25,61407.0,RIOMAR FORTALEZA,Consumidor Livre,NORDESTE,206.4,118.931557
202403.0,2024-03-26,61407.0,RIOMAR FORTALEZA,Consumidor Livre,NORDESTE,206.4,124.492633
202403.0,2024-03-27,61407.0,RIOMAR FORTALEZA,Consumidor Livre,NORDESTE,206.4,123.841425
202403.0,2024-03-28,61407.0,RIOMAR FORTALEZA,Consumidor Livre,NORDESTE,206.4,125.607704
202403.0,2024-03-29,61407.0,RIOMAR FORTALEZA,Consumidor Livre,NORDESTE,206.4,91.888308
202403.0,2024-03-30,61407.0,RIOMAR FORTALEZA,Consumidor Livre,NORDESTE,206.4,126.374728
202403.0,2024-03-31,61407.0,RIOMAR FORTALEZA,Consumidor Livre,NORDESTE,206.4,112.410214
202404.0,2024-04-01,61407.0,RIOMAR FORTALEZA,Consumidor Livre,NORDESTE,206.4,114.633993
202404.0,2024-04-02,61407.0,RIOMAR FORTALEZA,Consumidor Livre,NORDESTE,206.4,127.258252
202404.0,2024-04-03,61407.0,RIOMAR FORTALEZA,Consumidor Livre,NORDESTE,206.4,127.04595
202404.0,2024-04-04,61407.0,RIOMAR FORTALEZA,Consumidor Livre,NORDESTE,206.4,120.052942
202404.0,2024-04-05,61407.0,RIOMAR FORTALEZA,Consumidor Livre,NORDESTE,206.4,129.654675
202404.0,2024-04-06,61407.0,RIOMAR FORTALEZA,Consumidor Livre,NORDESTE,206.4,137.585834
202404.0,2024-04-07,61407.0,RIOMAR FORTALEZA,Consumidor Livre,NORDESTE,206.4,112.195206
202404.0,2024-04-08,61407.0,RIOMAR FORTALEZA,Consumidor Livre,NORDESTE,206.4,120.600246
202404.0,2024-04-09,61407.0,RIOMAR FORTALEZA,Consumidor Livre,NORDESTE,206.4,123.717594
202404.0,2024-04-10,61407.0,RIOMAR FORTALEZA,Consumidor Livre,NORDESTE,206.4,123.013594
202404.0,2024-04-11,61407.0,RIOMAR FORTALEZA,Consumidor Livre,NORDESTE,206.4,124.391244
202404.0,2024-04-12,61407.0,RIOMAR FORTALEZA,Consumidor Livre,NORDESTE,206.4,124.626475
202404.0,2024-04-13,61407.0,RIOMAR FORTALEZA,Consumidor Livre,NORDESTE,206.4,136.200411
202404.0,2024-04-14,61407.0,RIOMAR FORTALEZA,Consumidor Livre,NORDESTE,206.4,116.342517
202404.0,2024-04-15,61407.0,RIOMAR FORTALEZA,Consumidor Livre,NORDESTE,206.4,121.791813
202404.0,2024-04-16,61407.0,RIOMAR FORTALEZA,Consumidor Livre,NORDESTE,206.4,125.391982
202404.0,2024-04-17,61407.0,RIOMAR FORTALEZA,Consumidor Livre,NORDESTE,206.4,125.346634
202404.0,2024-04-18,61407.0,RIOMAR FORTALEZA,Consumidor Livre,NORDESTE,206.4,127.729121
202404.0,2024-04-19,61407.0,RIOMAR FORTALEZA,Consumidor Livre,NORDESTE,206.4,127.245269
202404.0,2024-04-20,61407.0,RIOMAR FORTALEZA,Consumidor Livre,NORDESTE,206.4,132.591545
202404.0,2024-04-21,61407.0,RIOMAR FORTALEZA,Consumidor Livre,NORDESTE,206.4,112.230275
202404.0,2024-04-22,61407.0,RIOMAR FORTALEZA,Consumidor Livre,NORDESTE,206.4,113.901602
202404.0,2024-04-23,61407.0,RIOMAR FORTALEZA,Consumidor Livre,NORDESTE,206.4,124.463461
202404.0,2024-04-24,61407.0,RIOMAR FORTALEZA,Consumidor Livre,NORDESTE,206.4,127.744047
202404.0,2024-04-25,61407.0,RIOMAR FORTALEZA,Consumidor Livre,NORDESTE,206.4,130.071032
202404.0,2024-04-26,61407.0,RIOMAR FORTALEZA,Consumidor Livre,NORDESTE,206.4,130.341174
202404.0,2024-04-27,61407.0,RIOMAR FORTALEZA,Consumidor Livre,NORDESTE,206.4,135.725111
202404.0,2024-04-28,61407.0,RIOMAR FORTALEZA,Consumidor Livre,NORDESTE,206.4,120.478397
202404.0,2024-04-29,61407.0,RIOMAR FORTALEZA,Consumidor Livre,NORDESTE,206.4,123.756147
202404.0,2024-04-30,61407.0,RIOMAR FORTALEZA,Consumidor Livre,NORDESTE,206.4,123.992626
202405.0,2024-05-01,61407.0,RIOMAR FORTALEZA,Consumidor Livre,NORDESTE,206.4,97.09698
202405.0,2024-05-02,61407.0,RIOMAR FORTALEZA,Consumidor Livre,NORDESTE,206.4,120.578916
202405.0,2024-05-03,61407.0,RIOMAR FORTALEZA,Consumidor Livre,NORDESTE,206.4,131.538179
202405.0,2024-05-04,61407.0,RIOMAR FORTALEZA,Consumidor Livre,NORDESTE,206.4,133.875965
202405.0,2024-05-05,61407.0,RIOMAR FORTALEZA,Consumidor Livre,NORDESTE,206.4,115.576379
202405.0,2024-05-06,61407.0,RIOMAR FORTALEZA,Consumidor Livre,NORDESTE,206.4,121.078133
202405.0,2024-05-07,61407.0,RIOMAR FORTALEZA,Consumidor Livre,NORDESTE,206.4,128.259204
202405.0,2024-05-08,61407.0,RIOMAR FORTALEZA,Consumidor Livre,NORDESTE,206.4,127.074467
202405.0,2024-05-09,61407.0,RIOMAR FORTALEZA,Consumidor Livre,NORDESTE,206.4,129.741111
202405.0,2024-05-10,61407.0,RIOMAR FORTALEZA,Consumidor Livre,NORDESTE,206.4,131.803626
202405.0,2024-05-11,61407.0,RIOMAR FORTALEZA,Consumidor Livre,NORDESTE,206.4,140.046695
202405.0,2024-05-12,61407.0,RIOMAR FORTALEZA,Consumidor Livre,NORDESTE,206.4,119.390127
202405.0,2024-05-13,61407.0,RIOMAR FORTALEZA,Consumidor Livre,NORDESTE,206.4,122.239272
202405.0,2024-05-14,61407.0,RIOMAR FORTALEZA,Consumidor Livre,NORDESTE,206.4,126.803871
202405.0,2024-05-15,61407.0,RIOMAR FORTALEZA,Consumidor Livre,NORDESTE,206.4,130.49127
202405.0,2024-05-16,61407.0,RIOMAR FORTALEZA,Consumidor Livre,NORDESTE,206.4,131.386411
202405.0,2024-05-17,61407.0,RIOMAR FORTALEZA,Consumidor Livre,NORDESTE,206.4,128.80899399999998
202405.0,2024-05-18,61407.0,RIOMAR FORTALEZA,Consumidor Livre,NORDESTE,206.4,139.10753400000002
202405.0,2024-05-19,61407.0,RIOMAR FORTALEZA,Consumidor Livre,NORDESTE,206.4,116.318247
202405.0,2024-05-20,61407.0,RIOMAR FORTALEZA,Consumidor Livre,NORDESTE,206.4,121.989436
202405.0,2024-05-21,61407.0,RIOMAR FORTALEZA,Consumidor Livre,NORDESTE,206.4,129.314222
202405.0,2024-05-22,61407.0,RIOMAR FORTALEZA,Consumidor Livre,NORDESTE,206.4,127.851712
202405.0,2024-05-23,61407.0,RIOMAR FORTALEZA,Consumidor Livre,NORDESTE,206.4,129.355962
202405.0,2024-05-24,61407.0,RIOMAR FORTALEZA,Consumidor Livre,NORDESTE,206.4,128.99773
202405.0,2024-05-25,61407.0,RIOMAR FORTALEZA,Consumidor Livre,NORDESTE,206.4,138.05150700000002
202405.0,2024-05-26,61407.0,RIOMAR FORTALEZA,Consumidor Livre,NORDESTE,206.4,114.180663
202405.0,2024-05-27,61407.0,RIOMAR FORTALEZA,Consumidor Livre,NORDESTE,206.4,118.836235
202405.0,2024-05-28,61407.0,RIOMAR FORTALEZA,Consumidor Livre,NORDESTE,206.4,127.474893
202405.0,2024-05-29,61407.0,RIOMAR FORTALEZA,Consumidor Livre,NORDESTE,206.4,122.111093
202405.0,2024-05-30,61407.0,RIOMAR FORTALEZA,Consumidor Livre,NORDESTE,206.4,121.811214
202405.0,2024-05-31,61407.0,RIOMAR FORTALEZA,Consumidor Livre,NORDESTE,206.4,123.448054
202406.0,2024-06-01,61407.0,RIOMAR FORTALEZA,Consumidor Livre,NORDESTE,206.4,134.639634
202406.0,2024-06-02,61407.0,RIOMAR FORTALEZA,Consumidor Livre,NORDESTE,206.4,113.67935
202406.0,2024-06-03,61407.0,RIOMAR FORTALEZA,Consumidor Livre,NORDESTE,206.4,118.310934
202406.0,2024-06-04,61407.0,RIOMAR FORTALEZA,Consumidor Livre,NORDESTE,206.4,125.278063
202406.0,2024-06-05,61407.0,RIOMAR FORTALEZA,Consumidor Livre,NORDESTE,206.4,128.199911
202406.0,2024-06-06,61407.0,RIOMAR FORTALEZA,Consumidor Livre,NORDESTE,206.4,123.875884
202406.0,2024-06-07,61407.0,RIOMAR FORTALEZA,Consumidor Livre,NORDESTE,206.4,132.131972
202406.0,2024-06-08,61407.0,RIOMAR FORTALEZA,Consumidor Livre,NORDESTE,206.4,136.091076
202406.0,2024-06-09,61407.0,RIOMAR FORTALEZA,Consumidor Livre,NORDESTE,206.4,116.452744
202406.0,2024-06-10,61407.0,RIOMAR FORTALEZA,Consumidor Livre,NORDESTE,206.4,119.016018
202406.0,2024-06-11,61407.0,RIOMAR FORTALEZA,Consumidor Livre,NORDESTE,206.4,124.87963
202406.0,2024-06-12,61407.0,RIOMAR FORTALEZA,Consumidor Livre,NORDESTE,206.4,127.013941
202406.0,2024-06-13,61407.0,RIOMAR FORTALEZA,Consumidor Livre,NORDESTE,206.4,123.984873
202406.0,2024-06-14,61407.0,RIOMAR FORTALEZA,Consumidor Livre,NORDESTE,206.4,123.551413
202406.0,2024-06-15,61407.0,RIOMAR FORTALEZA,Consumidor Livre,NORDESTE,206.4,129.989462
202406.0,2024-06-16,61407.0,RIOMAR FORTALEZA,Consumidor Livre,NORDESTE,206.4,107.379996
202406.0,2024-06-17,61407.0,RIOMAR FORTALEZA,Consumidor Livre,NORDESTE,206.4,114.52649
202406.0,2024-06-18,61407.0,RIOMAR FORTALEZA,Consumidor Livre,NORDESTE,206.4,122.654428
202406.0,2024-06-19,61407.0,RIOMAR FORTALEZA,Consumidor Livre,NORDESTE,206.4,124.489624
202406.0,2024-06-20,61407.0,RIOMAR FORTALEZA,Consumidor Livre,NORDESTE,206.4,123.736733
202406.0,2024-06-21,61407.0,RIOMAR FORTALEZA,Consumidor Livre,NORDESTE,206.4,123.517127
202406.0,2024-06-22,61407.0,RIOMAR FORTALEZA,Consumidor Livre,NORDESTE,206.4,132.09287
202406.0,2024-06-23,61407.0,RIOMAR FORTALEZA,Consumidor Livre,NORDESTE,206.4,114.447666
202406.0,2024-06-24,61407.0,RIOMAR FORTALEZA,Consumidor Livre,NORDESTE,206.4,115.923804
202406.0,2024-06-25,61407.0,RIOMAR FORTALEZA,Consumidor Livre,NORDESTE,206.4,120.062206
202406.0,2024-06-26,61407.0,RIOMAR FORTALEZA,Consumidor Livre,NORDESTE,206.4,124.52651
202406.0,2024-06-27,61407.0,RIOMAR FORTALEZA,Consumidor Livre,NORDESTE,206.4,124.216243
202406.0,2024-06-28,61407.0,RIOMAR FORTALEZA,Consumidor Livre,NORDESTE,206.4,126.877044
202406.0,2024-06-29,61407.0,RIOMAR FORTALEZA,Consumidor Livre,NORDESTE,206.4,130.142843
202406.0,2024-06-30,61407.0,RIOMAR FORTALEZA,Consumidor Livre,NORDESTE,206.4,113.431257
202407.0,2024-07-01,61407.0,RIOMAR FORTALEZA,Consumidor Livre,NORDESTE,206.4,116.083925
202407.0,2024-07-02,61407.0,RIOMAR FORTALEZA,Consumidor Livre,NORDESTE,206.4,129.054491
202407.0,2024-07-03,61407.0,RIOMAR FORTALEZA,Consumidor Livre,NORDESTE,206.4,126.039935
202407.0,2024-07-04,61407.0,RIOMAR FORTALEZA,Consumidor Livre,NORDESTE,206.4,127.359566
202407.0,2024-07-05,61407.0,RIOMAR FORTALEZA,Consumidor Livre,NORDESTE,206.4,127.357408
202407.0,2024-07-06,61407.0,RIOMAR FORTALEZA,Consumidor Livre,NORDESTE,206.4,138.200881
202407.0,2024-07-07,61407.0,RIOMAR FORTALEZA,Consumidor Livre,NORDESTE,206.4,117.591224
202407.0,2024-07-08,61407.0,RIOMAR FORTALEZA,Consumidor Livre,NORDESTE,206.4,120.662494
202407.0,2024-07-09,61407.0,RIOMAR FORTALEZA,Consumidor Livre,NORDESTE,206.4,125.856626
202407.0,2024-07-10,61407.0,RIOMAR FORTALEZA,Consumidor Livre,NORDESTE,206.4,131.32559700000002
202407.0,2024-07-11,61407.0,RIOMAR FORTALEZA,Consumidor Livre,NORDESTE,206.4,125.841812
202407.0,2024-07-12,61407.0,RIOMAR FORTALEZA,Consumidor Livre,NORDESTE,206.4,131.517931
202407.0,2024-07-13,61407.0,RIOMAR FORTALEZA,Consumidor Livre,NORDESTE,206.4,134.172924
202407.0,2024-07-14,61407.0,RIOMAR FORTALEZA,Consumidor Livre,NORDESTE,206.4,112.973425
202407.0,2024-07-15,61407.0,RIOMAR FORTALEZA,Consumidor Livre,NORDESTE,206.4,120.513321
202407.0,2024-07-16,61407.0,RIOMAR FORTALEZA,Consumidor Livre,NORDESTE,206.4,122.291664
202407.0,2024-07-17,61407.0,RIOMAR FORTALEZA,Consumidor Livre,NORDESTE,206.4,123.906825
202407.0,2024-07-18,61407.0,RIOMAR FORTALEZA,Consumidor Livre,NORDESTE,206.4,124.63253
202407.0,2024-07-19,61407.0,RIOMAR FORTALEZA,Consumidor Livre,NORDESTE,206.4,125.185085
202407.0,2024-07-20,61407.0,RIOMAR FORTALEZA,Consumidor Livre,NORDESTE,206.4,130.14403
202407.0,2024-07-21,61407.0,RIOMAR FORTALEZA,Consumidor Livre,NORDESTE,206.4,111.868552
202407.0,2024-07-22,61407.0,RIOMAR FORTALEZA,Consumidor Livre,NORDESTE,206.4,120.288058
202407.0,2024-07-23,61407.0,RIOMAR FORTALEZA,Consumidor Livre,NORDESTE,206.4,121.932008
202407.0,2024-07-24,61407.0,RIOMAR FORTALEZA,Consumidor Livre,NORDESTE,206.4,123.818107
202407.0,2024-07-25,61407.0,RIOMAR FORTALEZA,Consumidor Livre,NORDESTE,206.4,122.228736
202407.0,2024-07-26,61407.0,RIOMAR FORTALEZA,Consumidor Livre,NORDESTE,206.4,123.364433
202407.0,2024-07-27,61407.0,RIOMAR FORTALEZA,Consumidor Livre,NORDESTE,206.4,129.294645
202407.0,2024-07-28,61407.0,RIOMAR FORTALEZA,Consumidor Livre,NORDESTE,206.4,110.607451
202407.0,2024-07-29,61407.0,RIOMAR FORTALEZA,Consumidor Livre,NORDESTE,206.4,117.668206
202407.0,2024-07-30,61407.0,RIOMAR FORTALEZA,Consumidor Livre,NORDESTE,206.4,124.759999
202407.0,2024-07-31,61407.0,RIOMAR FORTALEZA,Consumidor Livre,NORDESTE,206.4,124.919563
202408.0,2024-08-01,61407.0,RIOMAR FORTALEZA,Consumidor Livre,NORDESTE,206.4,124.558252
202408.0,2024-08-02,61407.0,RIOMAR FORTALEZA,Consumidor Livre,NORDESTE,206.4,122.132184
202408.0,2024-08-03,61407.0,RIOMAR FORTALEZA,Consumidor Livre,NORDESTE,206.4,132.208392
202408.0,2024-08-04,61407.0,RIOMAR FORTALEZA,Consumidor Livre,NORDESTE,206.4,109.121537
202408.0,2024-08-05,61407.0,RIOMAR FORTALEZA,Consumidor Livre,NORDESTE,206.4,117.376412
202408.0,2024-08-06,61407.0,RIOMAR FORTALEZA,Consumidor Livre,NORDESTE,206.4,121.099261
202408.0,2024-08-07,61407.0,RIOMAR FORTALEZA,Consumidor Livre,NORDESTE,206.4,120.695616
202408.0,2024-08-08,61407.0,RIOMAR FORTALEZA,Consumidor Livre,NORDESTE,206.4,123.053461
202408.0,2024-08-09,61407.0,RIOMAR FORTALEZA,Consumidor Livre,NORDESTE,206.4,125.169409
202408.0,2024-08-10,61407.0,RIOMAR FORTALEZA,Consumidor Livre,NORDESTE,206.4,123.771305
202408.0,2024-08-11,61407.0,RIOMAR FORTALEZA,Consumidor Livre,NORDESTE,206.4,115.307329
202408.0,2024-08-12,61407.0,RIOMAR FORTALEZA,Consumidor Livre,NORDESTE,206.4,118.354356
202408.0,2024-08-13,61407.0,RIOMAR FORTALEZA,Consumidor Livre,NORDESTE,206.4,123.307867
202408.0,2024-08-14,61407.0,RIOMAR FORTALEZA,Consumidor Livre,NORDESTE,206.4,128.577429
202408.0,2024-08-15,61407.0,RIOMAR FORTALEZA,Consumidor Livre,NORDESTE,206.4,120.787053
202408.0,2024-08-16,61407.0,RIOMAR FORTALEZA,Consumidor Livre,NORDESTE,206.4,126.018946
202408.0,2024-08-17,61407.0,RIOMAR FORTALEZA,Consumidor Livre,NORDESTE,206.4,127.735376
202408.0,2024-08-18,61407.0,RIOMAR FORTALEZA,Consumidor Livre,NORDESTE,206.4,108.810618
202408.0,2024-08-19,61407.0,RIOMAR FORTALEZA,Consumidor Livre,NORDESTE,206.4,115.032416
202408.0,2024-08-20,61407.0,RIOMAR FORTALEZA,Consumidor Livre,NORDESTE,206.4,120.778993
202408.0,2024-08-21,61407.0,RIOMAR FORTALEZA,Consumidor Livre,NORDESTE,206.4,124.422085
202408.0,2024-08-22,61407.0,RIOMAR FORTALEZA,Consumidor Livre,NORDESTE,206.4,123.349972
202408.0,2024-08-23,61407.0,RIOMAR FORTALEZA,Consumidor Livre,NORDESTE,206.4,121.87645
202408.0,2024-08-24,61407.0,RIOMAR FORTALEZA,Consumidor Livre,NORDESTE,206.4,131.027216
202408.0,2024-08-25,61407.0,RIOMAR FORTALEZA,Consumidor Livre,NORDESTE,206.4,109.210067
202408.0,2024-08-26,61407.0,RIOMAR FORTALEZA,Consumidor Livre,NORDESTE,206.4,117.068353
202408.0,2024-08-27,61407.0,RIOMAR FORTALEZA,Consumidor Livre,NORDESTE,206.4,121.334676
202408.0,2024-08-28,61407.0,RIOMAR FORTALEZA,Consumidor Livre,NORDESTE,206.4,122.115324
202408.0,2024-08-29,61407.0,RIOMAR FORTALEZA,Consumidor Livre,NORDESTE,206.4,121.035841
202408.0,2024-08-30,61407.0,RIOMAR FORTALEZA,Consumidor Livre,NORDESTE,206.4,122.822125
202408.0,2024-08-31,61407.0,RIOMAR FORTALEZA,Consumidor Livre,NORDESTE,206.4,126.45161
202409.0,2024-09-01,61407.0,RIOMAR FORTALEZA,Consumidor Livre,NORDESTE,206.4,110.159228
202409.0,2024-09-02,61407.0,RIOMAR FORTALEZA,Consumidor Livre,NORDESTE,206.4,115.540861
202409.0,2024-09-03,61407.0,RIOMAR FORTALEZA,Consumidor Livre,NORDESTE,206.4,120.571031
202409.0,2024-09-04,61407.0,RIOMAR FORTALEZA,Consumidor Livre,NORDESTE,206.4,123.017254
202409.0,2024-09-05,61407.0,RIOMAR FORTALEZA,Consumidor Livre,NORDESTE,206.4,125.489266
202409.0,2024-09-06,61407.0,RIOMAR FORTALEZA,Consumidor Livre,NORDESTE,206.4,124.112386
202409.0,2024-09-07,61407.0,RIOMAR FORTALEZA,Consumidor Livre,NORDESTE,206.4,128.049009
202409.0,2024-09-08,61407.0,RIOMAR FORTALEZA,Consumidor Livre,NORDESTE,206.4,112.436635
202409.0,2024-09-09,61407.0,RIOMAR FORTALEZA,Consumidor Livre,NORDESTE,206.4,119.176301
202409.0,2024-09-10,61407.0,RIOMAR FORTALEZA,Consumidor Livre,NORDESTE,206.4,125.791191
202409.0,2024-09-11,61407.0,RIOMAR FORTALEZA,Consumidor Livre,NORDESTE,206.4,123.788888
202409.0,2024-09-12,61407.0,RIOMAR FORTALEZA,Consumidor Livre,NORDESTE,206.4,123.44464
202409.0,2024-09-13,61407.0,RIOMAR FORTALEZA,Consumidor Livre,NORDESTE,206.4,122.478039
202409.0,2024-09-14,61407.0,RIOMAR FORTALEZA,Consumidor Livre,NORDESTE,206.4,130.189808
202409.0,2024-09-15,61407.0,RIOMAR FORTALEZA,Consumidor Livre,NORDESTE,206.4,111.283082
202409.0,2024-09-16,61407.0,RIOMAR FORTALEZA,Consumidor Livre,NORDESTE,206.4,119.683203
202409.0,2024-09-17,61407.0,RIOMAR FORTALEZA,Consumidor Livre,NORDESTE,206.4,120.643666
202409.0,2024-09-18,61407.0,RIOMAR FORTALEZA,Consumidor Livre,NORDESTE,206.4,122.754572
202409.0,2024-09-19,61407.0,RIOMAR FORTALEZA,Consumidor Livre,NORDESTE,206.4,125.986019
202409.0,2024-09-20,61407.0,RIOMAR FORTALEZA,Consumidor Livre,NORDESTE,206.4,127.49375
202409.0,2024-09-21,61407.0,RIOMAR FORTALEZA,Consumidor Livre,NORDESTE,206.4,129.743075
202409.0,2024-09-22,61407.0,RIOMAR FORTALEZA,Consumidor Livre,NORDESTE,206.4,113.096166
202409.0,2024-09-23,61407.0,RIOMAR FORTALEZA,Consumidor Livre,NORDESTE,206.4,88.54661
202409.0,2024-09-24,61407.0,RIOMAR FORTALEZA,Consumidor Livre,NORDESTE,206.4,121.935165
202409.0,2024-09-25,61407.0,RIOMAR FORTALEZA,Consumidor Livre,NORDESTE,206.4,126.541498
202409.0,2024-09-26,61407.0,RIOMAR FORTALEZA,Consumidor Livre,NORDESTE,206.4,125.112643
202409.0,2024-09-27,61407.0,RIOMAR FORTALEZA,Consumidor Livre,NORDESTE,206.4,125.371771
202409.0,2024-09-28,61407.0,RIOMAR FORTALEZA,Consumidor Livre,NORDESTE,206.4,131.728912
202409.0,2024-09-29,61407.0,RIOMAR FORTALEZA,Consumidor Livre,NORDESTE,206.4,111.834583
202409.0,2024-09-30,61407.0,RIOMAR FORTALEZA,Consumidor Livre,NORDESTE,206.4,117.577295
202410.0,2024-10-01,61407.0,RIOMAR FORTALEZA,Consumidor Livre,NORDESTE,206.4,122.996789
202410.0,2024-10-02,61407.0,RIOMAR FORTALEZA,Consumidor Livre,NORDESTE,206.4,126.187193
202410.0,2024-10-03,61407.0,RIOMAR FORTALEZA,Consumidor Livre,NORDESTE,206.4,128.251763
202410.0,2024-10-04,61407.0,RIOMAR FORTALEZA,Consumidor Livre,NORDESTE,206.4,127.891262
202410.0,2024-10-05,61407.0,RIOMAR FORTALEZA,Consumidor Livre,NORDESTE,206.4,135.332534
202410.0,2024-10-06,61407.0,RIOMAR FORTALEZA,Consumidor Livre,NORDESTE,206.4,90.291201
202410.0,2024-10-07,61407.0,RIOMAR FORTALEZA,Consumidor Livre,NORDESTE,206.4,116.162561
202410.0,2024-10-08,61407.0,RIOMAR FORTALEZA,Consumidor Livre,NORDESTE,206.4,126.31368
202410.0,2024-10-09,61407.0,RIOMAR FORTALEZA,Consumidor Livre,NORDESTE,206.4,128.652396
202410.0,2024-10-10,61407.0,RIOMAR FORTALEZA,Consumidor Livre,NORDESTE,206.4,126.192604
202410.0,2024-10-11,61407.0,RIOMAR FORTALEZA,Consumidor Livre,NORDESTE,206.4,128.143167
202410.0,2024-10-12,61407.0,RIOMAR FORTALEZA,Consumidor Livre,NORDESTE,206.4,135.785524
202410.0,2024-10-13,61407.0,RIOMAR FORTALEZA,Consumidor Livre,NORDESTE,206.4,114.882282
202410.0,2024-10-14,61407.0,RIOMAR FORTALEZA,Consumidor Livre,NORDESTE,206.4,119.935933
202410.0,2024-10-15,61407.0,RIOMAR FORTALEZA,Consumidor Livre,NORDESTE,206.4,112.969882
202410.0,2024-10-16,61407.0,RIOMAR FORTALEZA,Consumidor Livre,NORDESTE,206.4,126.198069
202410.0,2024-10-17,61407.0,RIOMAR FORTALEZA,Consumidor Livre,NORDESTE,206.4,125.380421
202410.0,2024-10-18,61407.0,RIOMAR FORTALEZA,Consumidor Livre,NORDESTE,206.4,126.743097
202410.0,2024-10-19,61407.0,RIOMAR FORTALEZA,Consumidor Livre,NORDESTE,206.4,133.530068
202410.0,2024-10-20,61407.0,RIOMAR FORTALEZA,Consumidor Livre,NORDESTE,206.4,114.677531
202410.0,2024-10-21,61407.0,RIOMAR FORTALEZA,Consumidor Livre,NORDESTE,206.4,120.373348
202410.0,2024-10-22,61407.0,RIOMAR FORTALEZA,Consumidor Livre,NORDESTE,206.4,125.910081
202410.0,2024-10-23,61407.0,RIOMAR FORTALEZA,Consumidor Livre,NORDESTE,206.4,128.078241
202410.0,2024-10-24,61407.0,RIOMAR FORTALEZA,Consumidor Livre,NORDESTE,206.4,125.226703
202410.0,2024-10-25,61407.0,RIOMAR FORTALEZA,Consumidor Livre,NORDESTE,206.4,129.352877
202410.0,2024-10-26,61407.0,RIOMAR FORTALEZA,Consumidor Livre,NORDESTE,206.4,131.743953
202410.0,2024-10-27,61407.0,RIOMAR FORTALEZA,Consumidor Livre,NORDESTE,206.4,90.541686
202410.0,2024-10-28,61407.0,RIOMAR FORTALEZA,Consumidor Livre,NORDESTE,206.4,119.192437
202410.0,2024-10-29,61407.0,RIOMAR FORTALEZA,Consumidor Livre,NORDESTE,206.4,125.114162
202410.0,2024-10-30,61407.0,RIOMAR FORTALEZA,Consumidor Livre,NORDESTE,206.4,125.354694
202410.0,2024-10-31,61407.0,RIOMAR FORTALEZA,Consumidor Livre,NORDESTE,206.4,124.773923
202411.0,2024-11-01,61407.0,RIOMAR FORTALEZA,Consumidor Livre,NORDESTE,206.4,127.290953
202411.0,2024-11-02,61407.0,RIOMAR FORTALEZA,Consumidor Livre,NORDESTE,206.4,135.228051
202411.0,2024-11-03,61407.0,RIOMAR FORTALEZA,Consumidor Livre,NORDESTE,206.4,113.416581
202411.0,2024-11-04,61407.0,RIOMAR FORTALEZA,Consumidor Livre,NORDESTE,206.4,117.413649
202411.0,2024-11-05,61407.0,RIOMAR FORTALEZA,Consumidor Livre,NORDESTE,206.4,124.440489
202411.0,2024-11-06,61407.0,RIOMAR FORTALEZA,Consumidor Livre,NORDESTE,206.4,125.025924
202411.0,2024-11-07,61407.0,RIOMAR FORTALEZA,Consumidor Livre,NORDESTE,206.4,126.056533
202411.0,2024-11-08,61407.0,RIOMAR FORTALEZA,Consumidor Livre,NORDESTE,206.4,127.115696
202411.0,2024-11-09,61407.0,RIOMAR FORTALEZA,Consumidor Livre,NORDESTE,206.4,136.306243
202411.0,2024-11-10,61407.0,RIOMAR FORTALEZA,Consumidor Livre,NORDESTE,206.4,113.717726
202411.0,2024-11-11,61407.0,RIOMAR FORTALEZA,Consumidor Livre,NORDESTE,206.4,118.742141
202411.0,2024-11-12,61407.0,RIOMAR FORTALEZA,Consumidor Livre,NORDESTE,206.4,123.646525
202411.0,2024-11-13,61407.0,RIOMAR FORTALEZA,Consumidor Livre,NORDESTE,206.4,127.203356
202411.0,2024-11-14,61407.0,RIOMAR FORTALEZA,Consumidor Livre,NORDESTE,206.4,125.662388
202411.0,2024-11-15,61407.0,RIOMAR FORTALEZA,Consumidor Livre,NORDESTE,206.4,122.209189
202411.0,2024-11-16,61407.0,RIOMAR FORTALEZA,Consumidor Livre,NORDESTE,206.4,135.473091
202411.0,2024-11-17,61407.0,RIOMAR FORTALEZA,Consumidor Livre,NORDESTE,206.4,111.214998
202411.0,2024-11-18,61407.0,RIOMAR FORTALEZA,Consumidor Livre,NORDESTE,206.4,118.486539
202411.0,2024-11-19,61407.0,RIOMAR FORTALEZA,Consumidor Livre,NORDESTE,206.4,125.114657
202411.0,2024-11-20,61407.0,RIOMAR FORTALEZA,Consumidor Livre,NORDESTE,206.4,125.591415
202411.0,2024-11-21,61407.0,RIOMAR FORTALEZA,Consumidor Livre,NORDESTE,206.4,126.466757
202411.0,2024-11-22,61407.0,RIOMAR FORTALEZA,Consumidor Livre,NORDESTE,206.4,123.407573
202411.0,2024-11-23,61407.0,RIOMAR FORTALEZA,Consumidor Livre,NORDESTE,206.4,124.119283
202411.0,2024-11-24,61407.0,RIOMAR FORTALEZA,Consumidor Livre,NORDESTE,206.4,109.137396
202411.0,2024-11-25,61407.0,RIOMAR FORTALEZA,Consumidor Livre,NORDESTE,206.4,123.886584
202411.0,2024-11-26,61407.0,RIOMAR FORTALEZA,Consumidor Livre,NORDESTE,206.4,126.072828
202411.0,2024-11-27,61407.0,RIOMAR FORTALEZA,Consumidor Livre,NORDESTE,206.4,127.150084
202411.0,2024-11-28,61407.0,RIOMAR FORTALEZA,Consumidor Livre,NORDESTE,206.4,128.260826
202411.0,2024-11-29,61407.0,RIOMAR FORTALEZA,Consumidor Livre,NORDESTE,206.4,136.328501
202411.0,2024-11-30,61407.0,RIOMAR FORTALEZA,Consumidor Livre,NORDESTE,206.4,142.018389
202412.0,2024-12-01,61407.0,RIOMAR FORTALEZA,Consumidor Livre,NORDESTE,206.4,118.419466
202412.0,2024-12-02,61407.0,RIOMAR FORTALEZA,Consumidor Livre,NORDESTE,206.4,121.579988
202412.0,2024-12-03,61407.0,RIOMAR FORTALEZA,Consumidor Livre,NORDESTE,206.4,126.672618
202412.0,2024-12-04,61407.0,RIOMAR FORTALEZA,Consumidor Livre,NORDESTE,206.4,127.091424
202412.0,2024-12-05,61407.0,RIOMAR FORTALEZA,Consumidor Livre,NORDESTE,206.4,128.185634
202412.0,2024-12-06,61407.0,RIOMAR FORTALEZA,Consumidor Livre,NORDESTE,206.4,125.166347
202412.0,2024-12-07,61407.0,RIOMAR FORTALEZA,Consumidor Livre,NORDESTE,206.4,136.834015
202412.0,2024-12-08,61407.0,RIOMAR FORTALEZA,Consumidor Livre,NORDESTE,206.4,116.652727
202412.0,2024-12-09,61407.0,RIOMAR FORTALEZA,Consumidor Livre,NORDESTE,206.4,120.06902
202412.0,2024-12-10,61407.0,RIOMAR FORTALEZA,Consumidor Livre,NORDESTE,206.4,123.950454
202412.0,2024-12-11,61407.0,RIOMAR FORTALEZA,Consumidor Livre,NORDESTE,206.4,130.04426
202412.0,2024-12-12,61407.0,RIOMAR FORTALEZA,Consumidor Livre,NORDESTE,206.4,131.485264
202412.0,2024-12-13,61407.0,RIOMAR FORTALEZA,Consumidor Livre,NORDESTE,206.4,129.368101
202412.0,2024-12-14,61407.0,RIOMAR FORTALEZA,Consumidor Livre,NORDESTE,206.4,137.092463
202412.0,2024-12-15,61407.0,RIOMAR FORTALEZA,Consumidor Livre,NORDESTE,206.4,118.297389
202412.0,2024-12-16,61407.0,RIOMAR FORTALEZA,Consumidor Livre,NORDESTE,206.4,129.005952
202412.0,2024-12-17,61407.0,RIOMAR FORTALEZA,Consumidor Livre,NORDESTE,206.4,130.198514
202412.0,2024-12-18,61407.0,RIOMAR FORTALEZA,Consumidor Livre,NORDESTE,206.4,134.152826
202412.0,2024-12-19,61407.0,RIOMAR FORTALEZA,Consumidor Livre,NORDESTE,206.4,133.290428
202412.0,2024-12-20,61407.0,RIOMAR FORTALEZA,Consumidor Livre,NORDESTE,206.4,138.877302
202412.0,2024-12-21,61407.0,RIOMAR FORTALEZA,Consumidor Livre,NORDESTE,206.4,147.685081
202412.0,2024-12-22,61407.0,RIOMAR FORTALEZA,Consumidor Livre,NORDESTE,206.4,138.683092
202412.0,2024-12-23,61407.0,RIOMAR FORTALEZA,Consumidor Livre,NORDESTE,206.4,135.016437
202412.0,2024-12-24,61407.0,RIOMAR FORTALEZA,Consumidor Livre,NORDESTE,206.4,113.377795
202412.0,2024-12-25,61407.0,RIOMAR FORTALEZA,Consumidor Livre,NORDESTE,206.4,87.922273
202412.0,2024-12-26,61407.0,RIOMAR FORTALEZA,Consumidor Livre,NORDESTE,206.4,129.743246
202412.0,2024-12-27,61407.0,RIOMAR FORTALEZA,Consumidor Livre,NORDESTE,206.4,135.826793
202412.0,2024-12-28,61407.0,RIOMAR FORTALEZA,Consumidor Livre,NORDESTE,206.4,141.920465
202412.0,2024-12-29,61407.0,RIOMAR FORTALEZA,Consumidor Livre,NORDESTE,206.4,121.101324
202412.0,2024-12-30,61407.0,RIOMAR FORTALEZA,Consumidor Livre,NORDESTE,206.4,125.844055
202412.0,2024-12-31,61407.0,RIOMAR FORTALEZA,Consumidor Livre,NORDESTE,206.4,110.820075
202501.0,2025-01-01,61407.0,RIOMAR FORTALEZA,Consumidor Livre,NORDESTE,206.4,85.065303
202501.0,2025-01-02,61407.0,RIOMAR FORTALEZA,Consumidor Livre,NORDESTE,206.4,132.18001
202501.0,2025-01-03,61407.0,RIOMAR FORTALEZA,Consumidor Livre,NORDESTE,206.4,134.942924
202501.0,2025-01-04,61407.0,RIOMAR FORTALEZA,Consumidor Livre,NORDESTE,206.4,140.835837
202501.0,2025-01-05,61407.0,RIOMAR FORTALEZA,Consumidor Livre,NORDESTE,206.4,120.900865
202501.0,2025-01-06,61407.0,RIOMAR FORTALEZA,Consumidor Livre,NORDESTE,206.4,128.975109
202501.0,2025-01-07,61407.0,RIOMAR FORTALEZA,Consumidor Livre,NORDESTE,206.4,134.921658
202501.0,2025-01-08,61407.0,RIOMAR FORTALEZA,Consumidor Livre,NORDESTE,206.4,133.614824
202501.0,2025-01-09,61407.0,RIOMAR FORTALEZA,Consumidor Livre,NORDESTE,206.4,132.676459
202501.0,2025-01-10,61407.0,RIOMAR FORTALEZA,Consumidor Livre,NORDESTE,206.4,136.784049
202501.0,2025-01-11,61407.0,RIOMAR FORTALEZA,Consumidor Livre,NORDESTE,206.4,140.965804
202501.0,2025-01-12,61407.0,RIOMAR FORTALEZA,Consumidor Livre,NORDESTE,206.4,123.144819
202501.0,2025-01-13,61407.0,RIOMAR FORTALEZA,Consumidor Livre,NORDESTE,206.4,124.772601
202501.0,2025-01-14,61407.0,RIOMAR FORTALEZA,Consumidor Livre,NORDESTE,206.4,128.406976
202501.0,2025-01-15,61407.0,RIOMAR FORTALEZA,Consumidor Livre,NORDESTE,206.4,128.213033
202501.0,2025-01-16,61407.0,RIOMAR FORTALEZA,Consumidor Livre,NORDESTE,206.4,129.39489
202501.0,2025-01-17,61407.0,RIOMAR FORTALEZA,Consumidor Livre,NORDESTE,206.4,132.336128
202501.0,2025-01-18,61407.0,RIOMAR FORTALEZA,Consumidor Livre,NORDESTE,206.4,137.329371
202501.0,2025-01-19,61407.0,RIOMAR FORTALEZA,Consumidor Livre,NORDESTE,206.4,115.995464
202501.0,2025-01-20,61407.0,RIOMAR FORTALEZA,Consumidor Livre,NORDESTE,206.4,121.095922
202501.0,2025-01-21,61407.0,RIOMAR FORTALEZA,Consumidor Livre,NORDESTE,206.4,129.288603
202501.0,2025-01-22,61407.0,RIOMAR FORTALEZA,Consumidor Livre,NORDESTE,206.4,127.747243
202501.0,2025-01-23,61407.0,RIOMAR FORTALEZA,Consumidor Livre,NORDESTE,206.4,131.906233
202501.0,2025-01-24,61407.0,RIOMAR FORTALEZA,Consumidor Livre,NORDESTE,206.4,130.437822
202501.0,2025-01-25,61407.0,RIOMAR FORTALEZA,Consumidor Livre,NORDESTE,206.4,137.89264500000002
202501.0,2025-01-26,61407.0,RIOMAR FORTALEZA,Consumidor Livre,NORDESTE,206.4,115.599571
202501.0,2025-01-27,61407.0,RIOMAR FORTALEZA,Consumidor Livre,NORDESTE,206.4,119.526714
202501.0,2025-01-28,61407.0,RIOMAR FORTALEZA,Consumidor Livre,NORDESTE,206.4,127.315111
202501.0,2025-01-29,61407.0,RIOMAR FORTALEZA,Consumidor Livre,NORDESTE,206.4,130.591517
202501.0,2025-01-30,61407.0,RIOMAR FORTALEZA,Consumidor Livre,NORDESTE,206.4,128.481278
202501.0,2025-01-31,61407.0,RIOMAR FORTALEZA,Consumidor Livre,NORDESTE,206.4,133.500948
202502.0,2025-02-01,61407.0,RIOMAR FORTALEZA,Consumidor Livre,NORDESTE,206.4,137.337299
202502.0,2025-02-02,61407.0,RIOMAR FORTALEZA,Consumidor Livre,NORDESTE,206.4,122.007255
202502.0,2025-02-03,61407.0,RIOMAR FORTALEZA,Consumidor Livre,NORDESTE,206.4,124.160792
202502.0,2025-02-04,61407.0,RIOMAR FORTALEZA,Consumidor Livre,NORDESTE,206.4,131.32937
202502.0,2025-02-05,61407.0,RIOMAR FORTALEZA,Consumidor Livre,NORDESTE,206.4,132.313745
202502.0,2025-02-06,61407.0,RIOMAR FORTALEZA,Consumidor Livre,NORDESTE,206.4,129.886188
202502.0,2025-02-07,61407.0,RIOMAR FORTALEZA,Consumidor Livre,NORDESTE,206.4,131.358293
202502.0,2025-02-08,61407.0,RIOMAR FORTALEZA,Consumidor Livre,NORDESTE,206.4,138.706902
202502.0,2025-02-09,61407.0,RIOMAR FORTALEZA,Consumidor Livre,NORDESTE,206.4,119.456175
202502.0,2025-02-10,61407.0,RIOMAR FORTALEZA,Consumidor Livre,NORDESTE,206.4,126.079069
202502.0,2025-02-11,61407.0,RIOMAR FORTALEZA,Consumidor Livre,NORDESTE,206.4,129.604427
202502.0,2025-02-12,61407.0,RIOMAR FORTALEZA,Consumidor Livre,NORDESTE,206.4,133.104959
202502.0,2025-02-13,61407.0,RIOMAR FORTALEZA,Consumidor Livre,NORDESTE,206.4,131.149519
202502.0,2025-02-14,61407.0,RIOMAR FORTALEZA,Consumidor Livre,NORDESTE,206.4,133.260958
202502.0,2025-02-15,61407.0,RIOMAR FORTALEZA,Consumidor Livre,NORDESTE,206.4,138.138887
202502.0,2025-02-16,61407.0,RIOMAR FORTALEZA,Consumidor Livre,NORDESTE,206.4,125.207027
202502.0,2025-02-17,61407.0,RIOMAR FORTALEZA,Consumidor Livre,NORDESTE,206.4,124.548869
202502.0,2025-02-18,61407.0,RIOMAR FORTALEZA,Consumidor Livre,NORDESTE,206.4,129.317381
202502.0,2025-02-19,61407.0,RIOMAR FORTALEZA,Consumidor Livre,NORDESTE,206.4,123.674304
202502.0,2025-02-20,61407.0,RIOMAR FORTALEZA,Consumidor Livre,NORDESTE,206.4,123.998453
202502.0,2025-02-21,61407.0,RIOMAR FORTALEZA,Consumidor Livre,NORDESTE,206.4,127.45717
202502.0,2025-02-22,61407.0,RIOMAR FORTALEZA,Consumidor Livre,NORDESTE,206.4,140.550672
202502.0,2025-02-23,61407.0,RIOMAR FORTALEZA,Consumidor Livre,NORDESTE,206.4,118.885388
202502.0,2025-02-24,61407.0,RIOMAR FORTALEZA,Consumidor Livre,NORDESTE,206.4,119.872092
202502.0,2025-02-25,61407.0,RIOMAR FORTALEZA,Consumidor Livre,NORDESTE,206.4,126.563905
202502.0,2025-02-26,61407.0,RIOMAR FORTALEZA,Consumidor Livre,NORDESTE,206.4,131.910891
202502.0,2025-02-27,61407.0,RIOMAR FORTALEZA,Consumidor Livre,NORDESTE,206.4,132.071898
202502.0,2025-02-28,61407.0,RIOMAR FORTALEZA,Consumidor Livre,NORDESTE,206.4,129.385002
202503.0,2025-03-01,61407.0,RIOMAR FORTALEZA,Consumidor Livre,NORDESTE,206.4,127.054792
202503.0,2025-03-02,61407.0,RIOMAR FORTALEZA,Consumidor Livre,NORDESTE,206.4,103.551459
202503.0,2025-03-03,61407.0,RIOMAR FORTALEZA,Consumidor Livre,NORDESTE,206.4,101.269368
202503.0,2025-03-04,61407.0,RIOMAR FORTALEZA,Consumidor Livre,NORDESTE,206.4,103.519234
202503.0,2025-03-05,61407.0,RIOMAR FORTALEZA,Consumidor Livre,NORDESTE,206.4,125.007652
202503.0,2025-03-06,61407.0,RIOMAR FORTALEZA,Consumidor Livre,NORDESTE,206.4,129.502241
202503.0,2025-03-07,61407.0,RIOMAR FORTALEZA,Consumidor Livre,NORDESTE,206.4,128.738168
202503.0,2025-03-08,61407.0,RIOMAR FORTALEZA,Consumidor Livre,NORDESTE,206.4,136.676166
202503.0,2025-03-09,61407.0,RIOMAR FORTALEZA,Consumidor Livre,NORDESTE,206.4,116.196909
202503.0,2025-03-10,61407.0,RIOMAR FORTALEZA,Consumidor Livre,NORDESTE,206.4,118.021272
202503.0,2025-03-11,61407.0,RIOMAR FORTALEZA,Consumidor Livre,NORDESTE,206.4,119.42349
202503.0,2025-03-12,61407.0,RIOMAR FORTALEZA,Consumidor Livre,NORDESTE,206.4,127.926255
202503.0,2025-03-13,61407.0,RIOMAR FORTALEZA,Consumidor Livre,NORDESTE,206.4,129.234845
202503.0,2025-03-14,61407.0,RIOMAR FORTALEZA,Consumidor Livre,NORDESTE,206.4,128.879169
202503.0,2025-03-15,61407.0,RIOMAR FORTALEZA,Consumidor Livre,NORDESTE,206.4,127.567134
202503.0,2025-03-16,61407.0,RIOMAR FORTALEZA,Consumidor Livre,NORDESTE,206.4,115.474151
202503.0,2025-03-17,61407.0,RIOMAR FORTALEZA,Consumidor Livre,NORDESTE,206.4,118.663761
202503.0,2025-03-18,61407.0,RIOMAR FORTALEZA,Consumidor Livre,NORDESTE,206.4,127.349912
202503.0,2025-03-19,61407.0,RIOMAR FORTALEZA,Consumidor Livre,NORDESTE,206.4,122.255205
202503.0,2025-03-20,61407.0,RIOMAR FORTALEZA,Consumidor Livre,NORDESTE,206.4,127.192235
202503.0,2025-03-21,61407.0,RIOMAR FORTALEZA,Consumidor Livre,NORDESTE,206.4,127.952926
202503.0,2025-03-22,61407.0,RIOMAR FORTALEZA,Consumidor Livre,NORDESTE,206.4,132.441161
202503.0,2025-03-23,61407.0,RIOMAR FORTALEZA,Consumidor Livre,NORDESTE,206.4,121.635093
202503.0,2025-03-24,61407.0,RIOMAR FORTALEZA,Consumidor Livre,NORDESTE,206.4,126.086563
202503.0,2025-03-25,61407.0,RIOMAR FORTALEZA,Consumidor Livre,NORDESTE,206.4,123.222627
202503.0,2025-03-26,61407.0,RIOMAR FORTALEZA,Consumidor Livre,NORDESTE,206.4,129.281831
202503.0,2025-03-27,61407.0,RIOMAR FORTALEZA,Consumidor Livre,NORDESTE,206.4,125.186048
202503.0,2025-03-28,61407.0,RIOMAR FORTALEZA,Consumidor Livre,NORDESTE,206.4,129.635441
202503.0,2025-03-29,61407.0,RIOMAR FORTALEZA,Consumidor Livre,NORDESTE,206.4,134.291568
202503.0,2025-03-30,61407.0,RIOMAR FORTALEZA,Consumidor Livre,NORDESTE,206.4,125.41449
202503.0,2025-03-31,61407.0,RIOMAR FORTALEZA,Consumidor Livre,NORDESTE,206.4,121.437223
202504.0,2025-04-01,61407.0,RIOMAR FORTALEZA,Consumidor Livre,NORDESTE,206.4,127.329069
202504.0,2025-04-02,61407.0,RIOMAR FORTALEZA,Consumidor Livre,NORDESTE,206.4,125.320884
202504.0,2025-04-03,61407.0,RIOMAR FORTALEZA,Consumidor Livre,NORDESTE,206.4,127.814823
202504.0,2025-04-04,61407.0,RIOMAR FORTALEZA,Consumidor Livre,NORDESTE,206.4,127.879983
202504.0,2025-04-05,61407.0,RIOMAR FORTALEZA,Consumidor Livre,NORDESTE,206.4,134.911215
202504.0,2025-04-06,61407.0,RIOMAR FORTALEZA,Consumidor Livre,NORDESTE,206.4,118.622758
202504.0,2025-04-07,61407.0,RIOMAR FORTALEZA,Consumidor Livre,NORDESTE,206.4,123.260853
202504.0,2025-04-08,61407.0,RIOMAR FORTALEZA,Consumidor Livre,NORDESTE,206.4,126.55549
202504.0,2025-04-09,61407.0,RIOMAR FORTALEZA,Consumidor Livre,NORDESTE,206.4,131.249413
202504.0,2025-04-10,61407.0,RIOMAR FORTALEZA,Consumidor Livre,NORDESTE,206.4,131.374144
202504.0,2025-04-11,61407.0,RIOMAR FORTALEZA,Consumidor Livre,NORDESTE,206.4,131.529528
202504.0,2025-04-12,61407.0,RIOMAR FORTALEZA,Consumidor Livre,NORDESTE,206.4,139.248398
202504.0,2025-04-13,61407.0,RIOMAR FORTALEZA,Consumidor Livre,NORDESTE,206.4,118.773496
202504.0,2025-04-14,61407.0,RIOMAR FORTALEZA,Consumidor Livre,NORDESTE,206.4,130.936553
202504.0,2025-04-15,61407.0,RIOMAR FORTALEZA,Consumidor Livre,NORDESTE,206.4,131.250729
202504.0,2025-04-16,61407.0,RIOMAR FORTALEZA,Consumidor Livre,NORDESTE,206.4,130.914678
202504.0,2025-04-17,61407.0,RIOMAR FORTALEZA,Consumidor Livre,NORDESTE,206.4,125.977006
202504.0,2025-04-18,61407.0,RIOMAR FORTALEZA,Consumidor Livre,NORDESTE,206.4,98.003374
202504.0,2025-04-19,61407.0,RIOMAR FORTALEZA,Consumidor Livre,NORDESTE,206.4,141.045748
202504.0,2025-04-20,61407.0,RIOMAR FORTALEZA,Consumidor Livre,NORDESTE,206.4,117.322454
202504.0,2025-04-21,61407.0,RIOMAR FORTALEZA,Consumidor Livre,NORDESTE,206.4,128.984675
202504.0,2025-04-22,61407.0,RIOMAR FORTALEZA,Consumidor Livre,NORDESTE,206.4,124.979059
202504.0,2025-04-23,61407.0,RIOMAR FORTALEZA,Consumidor Livre,NORDESTE,206.4,130.572607
202504.0,2025-04-24,61407.0,RIOMAR FORTALEZA,Consumidor Livre,NORDESTE,206.4,131.639034
202504.0,2025-04-25,61407.0,RIOMAR FORTALEZA,Consumidor Livre,NORDESTE,206.4,131.441787
202504.0,2025-04-26,61407.0,RIOMAR FORTALEZA,Consumidor Livre,NORDESTE,206.4,139.713456
202504.0,2025-04-27,61407.0,RIOMAR FORTALEZA,Consumidor Livre,NORDESTE,206.4,126.358643
202504.0,2025-04-28,61407.0,RIOMAR FORTALEZA,Consumidor Livre,NORDESTE,206.4,122.799947
202504.0,2025-04-29,61407.0,RIOMAR FORTALEZA,Consumidor Livre,NORDESTE,206.4,129.193007
202504.0,2025-04-30,61407.0,RIOMAR FORTALEZA,Consumidor Livre,NORDESTE,206.4,127.876884
202505.0,2025-05-01,61407.0,RIOMAR FORTALEZA,Consumidor Livre,NORDESTE,206.4,104.641598
202505.0,2025-05-02,61407.0,RIOMAR FORTALEZA,Consumidor Livre,NORDESTE,206.4,126.360063
202505.0,2025-05-03,61407.0,RIOMAR FORTALEZA,Consumidor Livre,NORDESTE,206.4,135.756944
202505.0,2025-05-04,61407.0,RIOMAR FORTALEZA,Consumidor Livre,NORDESTE,206.4,121.35677
202505.0,2025-05-05,61407.0,RIOMAR FORTALEZA,Consumidor Livre,NORDESTE,206.4,124.762875
202505.0,2025-05-06,61407.0,RIOMAR FORTALEZA,Consumidor Livre,NORDESTE,206.4,126.534305
202505.0,2025-05-07,61407.0,RIOMAR FORTALEZA,Consumidor Livre,NORDESTE,206.4,130.606852
202505.0,2025-05-08,61407.0,RIOMAR FORTALEZA,Consumidor Livre,NORDESTE,206.4,129.457639
202505.0,2025-05-09,61407.0,RIOMAR FORTALEZA,Consumidor Livre,NORDESTE,206.4,131.960287
202505.0,2025-05-10,61407.0,RIOMAR FORTALEZA,Consumidor Livre,NORDESTE,206.4,131.377654
202505.0,2025-05-11,61407.0,RIOMAR FORTALEZA,Consumidor Livre,NORDESTE,206.4,120.686728
202505.0,2025-05-12,61407.0,RIOMAR FORTALEZA,Consumidor Livre,NORDESTE,206.4,123.329914
202505.0,2025-05-13,61407.0,RIOMAR FORTALEZA,Consumidor Livre,NORDESTE,206.4,129.477682
202505.0,2025-05-14,61407.0,RIOMAR FORTALEZA,Consumidor Livre,NORDESTE,206.4,125.373713
202505.0,2025-05-15,61407.0,RIOMAR FORTALEZA,Consumidor Livre,NORDESTE,206.4,129.776938
202505.0,2025-05-16,61407.0,RIOMAR FORTALEZA,Consumidor Livre,NORDESTE,206.4,131.793334
202505.0,2025-05-17,61407.0,RIOMAR FORTALEZA,Consumidor Livre,NORDESTE,206.4,136.652619
202505.0,2025-05-18,61407.0,RIOMAR FORTALEZA,Consumidor Livre,NORDESTE,206.4,124.558306
202505.0,2025-05-19,61407.0,RIOMAR FORTALEZA,Consumidor Livre,NORDESTE,206.4,122.800834
202505.0,2025-05-20,61407.0,RIOMAR FORTALEZA,Consumidor Livre,NORDESTE,206.4,126.928359
202505.0,2025-05-21,61407.0,RIOMAR FORTALEZA,Consumidor Livre,NORDESTE,206.4,131.691048
202505.0,2025-05-22,61407.0,RIOMAR FORTALEZA,Consumidor Livre,NORDESTE,206.4,130.957928
202505.0,2025-05-23,61407.0,RIOMAR FORTALEZA,Consumidor Livre,NORDESTE,206.4,131.899943
202505.0,2025-05-24,61407.0,RIOMAR FORTALEZA,Consumidor Livre,NORDESTE,206.4,140.097203
202505.0,2025-05-25,61407.0,RIOMAR FORTALEZA,Consumidor Livre,NORDESTE,206.4,122.444549
202505.0,2025-05-26,61407.0,RIOMAR FORTALEZA,Consumidor Livre,NORDESTE,206.4,120.96716
202505.0,2025-05-27,61407.0,RIOMAR FORTALEZA,Consumidor Livre,NORDESTE,206.4,128.111158
202505.0,2025-05-28,61407.0,RIOMAR FORTALEZA,Consumidor Livre,NORDESTE,206.4,126.059804
202505.0,2025-05-29,61407.0,RIOMAR FORTALEZA,Consumidor Livre,NORDESTE,206.4,134.465019
202505.0,2025-05-30,61407.0,RIOMAR FORTALEZA,Consumidor Livre,NORDESTE,206.4,128.920063
202505.0,2025-05-31,61407.0,RIOMAR FORTALEZA,Consumidor Livre,NORDESTE,206.4,143.334117
202506.0,2025-06-01,61407.0,RIOMAR FORTALEZA,Consumidor Livre,NORDESTE,206.4,119.2408
202506.0,2025-06-02,61407.0,RIOMAR FORTALEZA,Consumidor Livre,NORDESTE,206.4,123.520692
202506.0,2025-06-03,61407.0,RIOMAR FORTALEZA,Consumidor Livre,NORDESTE,206.4,126.555415
202506.0,2025-06-04,61407.0,RIOMAR FORTALEZA,Consumidor Livre,NORDESTE,206.4,129.593418
202506.0,2025-06-05,61407.0,RIOMAR FORTALEZA,Consumidor Livre,NORDESTE,206.4,133.592717
202506.0,2025-06-06,61407.0,RIOMAR FORTALEZA,Consumidor Livre,NORDESTE,206.4,132.213261
202506.0,2025-06-07,61407.0,RIOMAR FORTALEZA,Consumidor Livre,NORDESTE,206.4,139.45805099999998
202506.0,2025-06-08,61407.0,RIOMAR FORTALEZA,Consumidor Livre,NORDESTE,206.4,121.807143
202506.0,2025-06-09,61407.0,RIOMAR FORTALEZA,Consumidor Livre,NORDESTE,206.4,124.218638
202506.0,2025-06-10,61407.0,RIOMAR FORTALEZA,Consumidor Livre,NORDESTE,206.4,129.093951
202506.0,2025-06-11,61407.0,RIOMAR FORTALEZA,Consumidor Livre,NORDESTE,206.4,125.512612
202506.0,2025-06-12,61407.0,RIOMAR FORTALEZA,Consumidor Livre,NORDESTE,206.4,128.465665
202506.0,2025-06-13,61407.0,RIOMAR FORTALEZA,Consumidor Livre,NORDESTE,206.4,127.3762
202506.0,2025-06-14,61407.0,RIOMAR FORTALEZA,Consumidor Livre,NORDESTE,206.4,138.70513499999998
202506.0,2025-06-15,61407.0,RIOMAR FORTALEZA,Consumidor Livre,NORDESTE,206.4,120.482266
202506.0,2025-06-16,61407.0,RIOMAR FORTALEZA,Consumidor Livre,NORDESTE,206.4,123.467685
202506.0,2025-06-17,61407.0,RIOMAR FORTALEZA,Consumidor Livre,NORDESTE,206.4,126.163876
202506.0,2025-06-18,61407.0,RIOMAR FORTALEZA,Consumidor Livre,NORDESTE,206.4,123.843139
202506.0,2025-06-19,61407.0,RIOMAR FORTALEZA,Consumidor Livre,NORDESTE,206.4,122.47025
202506.0,2025-06-20,61407.0,RIOMAR FORTALEZA,Consumidor Livre,NORDESTE,206.4,123.504995
202506.0,2025-06-21,61407.0,RIOMAR FORTALEZA,Consumidor Livre,NORDESTE,206.4,129.153218
202506.0,2025-06-22,61407.0,RIOMAR FORTALEZA,Consumidor Livre,NORDESTE,206.4,113.349295
202506.0,2025-06-23,61407.0,RIOMAR FORTALEZA,Consumidor Livre,NORDESTE,206.4,119.251092
202506.0,2025-06-24,61407.0,RIOMAR FORTALEZA,Consumidor Livre,NORDESTE,206.4,125.531185
202506.0,2025-06-25,61407.0,RIOMAR FORTALEZA,Consumidor Livre,NORDESTE,206.4,128.021316
202506.0,2025-06-26,61407.0,RIOMAR FORTALEZA,Consumidor Livre,NORDESTE,206.4,130.327413
202506.0,2025-06-27,61407.0,RIOMAR FORTALEZA,Consumidor Livre,NORDESTE,206.4,127.594293
202506.0,2025-06-28,61407.0,RIOMAR FORTALEZA,Consumidor Livre,NORDESTE,206.4,132.60155
202506.0,2025-06-29,61407.0,RIOMAR FORTALEZA,Consumidor Livre,NORDESTE,206.4,117.024011
202506.0,2025-06-30,61407.0,RIOMAR FORTALEZA,Consumidor Livre,NORDESTE,206.4,121.281477
202507.0,2025-07-01,61407.0,RIOMAR FORTALEZA,Consumidor Livre,NORDESTE,206.4,126.812532
202507.0,2025-07-02,61407.0,RIOMAR FORTALEZA,Consumidor Livre,NORDESTE,206.4,128.550535
202507.0,2025-07-03,61407.0,RIOMAR FORTALEZA,Consumidor Livre,NORDESTE,206.4,124.555652
202507.0,2025-07-04,61407.0,RIOMAR FORTALEZA,Consumidor Livre,NORDESTE,206.4,123.711344
202507.0,2025-07-05,61407.0,RIOMAR FORTALEZA,Consumidor Livre,NORDESTE,206.4,125.006967
202507.0,2025-07-06,61407.0,RIOMAR FORTALEZA,Consumidor Livre,NORDESTE,206.4,123.182907
202507.0,2025-07-07,61407.0,RIOMAR FORTALEZA,Consumidor Livre,NORDESTE,206.4,118.758797
202507.0,2025-07-08,61407.0,RIOMAR FORTALEZA,Consumidor Livre,NORDESTE,206.4,126.533854
202507.0,2025-07-09,61407.0,RIOMAR FORTALEZA,Consumidor Livre,NORDESTE,206.4,126.827581
202507.0,2025-07-10,61407.0,RIOMAR FORTALEZA,Consumidor Livre,NORDESTE,206.4,126.714567
202507.0,2025-07-11,61407.0,RIOMAR FORTALEZA,Consumidor Livre,NORDESTE,206.4,126.607777
202507.0,2025-07-12,61407.0,RIOMAR FORTALEZA,Consumidor Livre,NORDESTE,206.4,135.320422
202507.0,2025-07-13,61407.0,RIOMAR FORTALEZA,Consumidor Livre,NORDESTE,206.4,113.800631
202507.0,2025-07-14,61407.0,RIOMAR FORTALEZA,Consumidor Livre,NORDESTE,206.4,120.092903
202507.0,2025-07-15,61407.0,RIOMAR FORTALEZA,Consumidor Livre,NORDESTE,206.4,124.562097
202507.0,2025-07-16,61407.0,RIOMAR FORTALEZA,Consumidor Livre,NORDESTE,206.4,124.46447
202507.0,2025-07-17,61407.0,RIOMAR FORTALEZA,Consumidor Livre,NORDESTE,206.4,129.272876
202507.0,2025-07-18,61407.0,RIOMAR FORTALEZA,Consumidor Livre,NORDESTE,206.4,129.466774
202507.0,2025-07-19,61407.0,RIOMAR FORTALEZA,Consumidor Livre,NORDESTE,206.4,137.788169
202507.0,2025-07-20,61407.0,RIOMAR FORTALEZA,Consumidor Livre,NORDESTE,206.4,112.871287
202507.0,2025-07-21,61407.0,RIOMAR FORTALEZA,Consumidor Livre,NORDESTE,206.4,119.853044
202507.0,2025-07-22,61407.0,RIOMAR FORTALEZA,Consumidor Livre,NORDESTE,206.4,126.356509
202507.0,2025-07-23,61407.0,RIOMAR FORTALEZA,Consumidor Livre,NORDESTE,206.4,128.499697
202507.0,2025-07-24,61407.0,RIOMAR FORTALEZA,Consumidor Livre,NORDESTE,206.4,127.903499
202507.0,2025-07-25,61407.0,RIOMAR FORTALEZA,Consumidor Livre,NORDESTE,206.4,127.216836
202507.0,2025-07-26,61407.0,RIOMAR FORTALEZA,Consumidor Livre,NORDESTE,206.4,136.035603
202507.0,2025-07-27,61407.0,RIOMAR FORTALEZA,Consumidor Livre,NORDESTE,206.4,116.373767
202507.0,2025-07-28,61407.0,RIOMAR FORTALEZA,Consumidor Livre,NORDESTE,206.4,120.783203
202507.0,2025-07-29,61407.0,RIOMAR FORTALEZA,Consumidor Livre,NORDESTE,206.4,128.216362
202507.0,2025-07-30,61407.0,RIOMAR FORTALEZA,Consumidor Livre,NORDESTE,206.4,126.821416
202507.0,2025-07-31,61407.0,RIOMAR FORTALEZA,Consumidor Livre,NORDESTE,206.4,125.088166
202508.0,2025-08-01,61407.0,RIOMAR FORTALEZA,Consumidor Livre,NORDESTE,206.4,125.059371
202508.0,2025-08-02,61407.0,RIOMAR FORTALEZA,Consumidor Livre,NORDESTE,206.4,133.30364500000002
202508.0,2025-08-03,61407.0,RIOMAR FORTALEZA,Consumidor Livre,NORDESTE,206.4,116.890171
202508.0,2025-08-04,61407.0,RIOMAR FORTALEZA,Consumidor Livre,NORDESTE,206.4,119.537027
202508.0,2025-08-05,61407.0,RIOMAR FORTALEZA,Consumidor Livre,NORDESTE,206.4,121.123017
202508.0,2025-08-06,61407.0,RIOMAR FORTALEZA,Consumidor Livre,NORDESTE,206.4,127.15314
202508.0,2025-08-07,61407.0,RIOMAR FORTALEZA,Consumidor Livre,NORDESTE,206.4,123.149193
202508.0,2025-08-08,61407.0,RIOMAR FORTALEZA,Consumidor Livre,NORDESTE,206.4,128.40303
202508.0,2025-08-09,61407.0,RIOMAR FORTALEZA,Consumidor Livre,NORDESTE,206.4,133.688933
202508.0,2025-08-10,61407.0,RIOMAR FORTALEZA,Consumidor Livre,NORDESTE,206.4,117.080097
202508.0,2025-08-11,61407.0,RIOMAR FORTALEZA,Consumidor Livre,NORDESTE,206.4,115.495003
202508.0,2025-08-12,61407.0,RIOMAR FORTALEZA,Consumidor Livre,NORDESTE,206.4,122.547373
202508.0,2025-08-13,61407.0,RIOMAR FORTALEZA,Consumidor Livre,NORDESTE,206.4,122.933159
202508.0,2025-08-14,61407.0,RIOMAR FORTALEZA,Consumidor Livre,NORDESTE,206.4,123.343662
202508.0,2025-08-15,61407.0,RIOMAR FORTALEZA,Consumidor Livre,NORDESTE,206.4,122.097465
202508.0,2025-08-16,61407.0,RIOMAR FORTALEZA,Consumidor Livre,NORDESTE,206.4,131.418647
202508.0,2025-08-17,61407.0,RIOMAR FORTALEZA,Consumidor Livre,NORDESTE,206.4,110.898366
202508.0,2025-08-18,61407.0,RIOMAR FORTALEZA,Consumidor Livre,NORDESTE,206.4,113.594
202508.0,2025-08-19,61407.0,RIOMAR FORTALEZA,Consumidor Livre,NORDESTE,206.4,123.358261
202508.0,2025-08-20,61407.0,RIOMAR FORTALEZA,Consumidor Livre,NORDESTE,206.4,126.665042
202508.0,2025-08-21,61407.0,RIOMAR FORTALEZA,Consumidor Livre,NORDESTE,206.4,126.347733
202508.0,2025-08-22,61407.0,RIOMAR FORTALEZA,Consumidor Livre,NORDESTE,206.4,126.907878
202508.0,2025-08-23,61407.0,RIOMAR FORTALEZA,Consumidor Livre,NORDESTE,206.4,133.430026
202508.0,2025-08-24,61407.0,RIOMAR FORTALEZA,Consumidor Livre,NORDESTE,206.4,114.585933
202508.0,2025-08-25,61407.0,RIOMAR FORTALEZA,Consumidor Livre,NORDESTE,206.4,114.724961
202508.0,2025-08-26,61407.0,RIOMAR FORTALEZA,Consumidor Livre,NORDESTE,206.4,123.891914
202508.0,2025-08-27,61407.0,RIOMAR FORTALEZA,Consumidor Livre,NORDESTE,206.4,122.548089
202508.0,2025-08-28,61407.0,RIOMAR FORTALEZA,Consumidor Livre,NORDESTE,206.4,123.96434
202508.0,2025-08-29,61407.0,RIOMAR FORTALEZA,Consumidor Livre,NORDESTE,206.4,125.277768
202508.0,2025-08-30,61407.0,RIOMAR FORTALEZA,Consumidor Livre,NORDESTE,206.4,130.009643
202508.0,2025-08-31,61407.0,RIOMAR FORTALEZA,Consumidor Livre,NORDESTE,206.4,112.736209
