MES_REFERENCIA,DATA,CODIGO_PERFIL_AGENTE,SIGLA_PERFIL_AGENTE,CLASSE_PERFIL_AGENTE,SUBMERCADO,CAPACIDADE_CARGA,CONSUMO_CARGA_ACL
,2022-09-01,41563,SPINTECH LIVRE,Consumidor Livre,SUL,43.2,0.203299
,2022-09-02,41563,SPINTECH LIVRE,Consumidor Livre,SUL,43.2,0.19385
,2022-09-03,41563,SPINTECH LIVRE,Consumidor Livre,SUL,43.2,0.199365
,2022-09-04,41563,SPINTECH LIVRE,Consumidor Livre,SUL,43.2,0.186033
,2022-09-05,41563,SPINTECH LIVRE,Consumidor Livre,SUL,43.2,0.31311
,2022-09-06,41563,SPINTECH LIVRE,Consumidor Livre,SUL,43.2,0.392417
,2022-09-07,41563,SPINTECH LIVRE,Consumidor Livre,SUL,43.2,0.250349
,2022-09-08,41563,SPINTECH LIVRE,Consumidor Livre,SUL,43.2,0.269129
,2022-09-09,41563,SPINTECH LIVRE,Consumidor Livre,SUL,43.2,0.280584
,2022-09-10,41563,SPINTECH LIVRE,Consumidor Livre,SUL,43.2,0.276992
,2022-09-11,41563,SPINTECH LIVRE,Consumidor Livre,SUL,43.2,0.238064
,2022-09-12,41563,SPINTECH LIVRE,Consumidor Livre,SUL,43.2,0.25373
,2022-09-13,41563,SPINTECH LIVRE,Consumidor Livre,SUL,43.2,0.2637049999999999
,2022-09-14,41563,SPINTECH LIVRE,Consumidor Livre,SUL,43.2,0.431455
,2022-09-15,41563,SPINTECH LIVRE,Consumidor Livre,SUL,43.2,0.595651
,2022-09-16,41563,SPINTECH LIVRE,Consumidor Livre,SUL,43.2,0.819657
,2022-09-17,41563,SPINTECH LIVRE,Consumidor Livre,SUL,43.2,0.753538
,2022-09-18,41563,SPINTECH LIVRE,Consumidor Livre,SUL,43.2,0.28982
,2022-09-19,41563,SPINTECH LIVRE,Consumidor Livre,SUL,43.2,1.372457
,2022-09-20,41563,SPINTECH LIVRE,Consumidor Livre,SUL,43.2,1.164543
,2022-09-21,41563,SPINTECH LIVRE,Consumidor Livre,SUL,43.2,1.379102
,2022-09-22,41563,SPINTECH LIVRE,Consumidor Livre,SUL,43.2,1.453012
,2022-09-23,41563,SPINTECH LIVRE,Consumidor Livre,SUL,43.2,1.616452
,2022-09-24,41563,SPINTECH LIVRE,Consumidor Livre,SUL,43.2,0.306654
,2022-09-25,41563,SPINTECH LIVRE,Consumidor Livre,SUL,43.2,0.301406
,2022-09-26,41563,SPINTECH LIVRE,Consumidor Livre,SUL,43.2,0.56989
,2022-09-27,41563,SPINTECH LIVRE,Consumidor Livre,SUL,43.2,0.470268
,2022-09-28,41563,SPINTECH LIVRE,Consumidor Livre,SUL,43.2,1.999604
,2022-09-29,41563,SPINTECH LIVRE,Consumidor Livre,SUL,43.2,1.571657
,2022-09-30,41563,SPINTECH LIVRE,Consumidor Livre,SUL,43.2,1.764833
,2022-10-01,41563,SPINTECH LIVRE,Consumidor Livre,SUL,43.2,0.309877
,2022-10-02,41563,SPINTECH LIVRE,Consumidor Livre,SUL,43.2,0.304742
,2022-10-03,41563,SPINTECH LIVRE,Consumidor Livre,SUL,43.2,1.863079
,2022-10-04,41563,SPINTECH LIVRE,Consumidor Livre,SUL,43.2,0.51348
,2022-10-05,41563,SPINTECH LIVRE,Consumidor Livre,SUL,43.2,0.40816
,2022-10-06,41563,SPINTECH LIVRE,Consumidor Livre,SUL,43.2,0.732725
,2022-10-07,41563,SPINTECH LIVRE,Consumidor Livre,SUL,43.2,1.537817
,2022-10-08,41563,SPINTECH LIVRE,Consumidor Livre,SUL,43.2,0.291574
,2022-10-09,41563,SPINTECH LIVRE,Consumidor Livre,SUL,43.2,0.255427
,2022-10-10,41563,SPINTECH LIVRE,Consumidor Livre,SUL,43.2,0.644763
,2022-10-11,41563,SPINTECH LIVRE,Consumidor Livre,SUL,43.2,1.927799
,2022-10-12,41563,SPINTECH LIVRE,Consumidor Livre,SUL,43.2,0.712302
,2022-10-13,41563,SPINTECH LIVRE,Consumidor Livre,SUL,43.2,2.510897
,2022-10-14,41563,SPINTECH LIVRE,Consumidor Livre,SUL,43.2,3.272049
,2022-10-15,41563,SPINTECH LIVRE,Consumidor Livre,SUL,43.2,0.297625
,2022-10-16,41563,SPINTECH LIVRE,Consumidor Livre,SUL,43.2,0.303121
,2022-10-17,41563,SPINTECH LIVRE,Consumidor Livre,SUL,43.2,0.419628
,2022-10-18,41563,SPINTECH LIVRE,Consumidor Livre,SUL,43.2,3.590341
,2022-10-19,41563,SPINTECH LIVRE,Consumidor Livre,SUL,43.2,3.195659
,2022-10-20,41563,SPINTECH LIVRE,Consumidor Livre,SUL,43.2,1.298086
,2022-10-21,41563,SPINTECH LIVRE,Consumidor Livre,SUL,43.2,1.275148
,2022-10-22,41563,SPINTECH LIVRE,Consumidor Livre,SUL,43.2,0.303887
,2022-10-23,41563,SPINTECH LIVRE,Consumidor Livre,SUL,43.2,0.308718
,2022-10-24,41563,SPINTECH LIVRE,Consumidor Livre,SUL,43.2,2.089756
,2022-10-25,41563,SPINTECH LIVRE,Consumidor Livre,SUL,43.2,3.600763
,2022-10-26,41563,SPINTECH LIVRE,Consumidor Livre,SUL,43.2,2.082222
,2022-10-27,41563,SPINTECH LIVRE,Consumidor Livre,SUL,43.2,4.743004
,2022-10-28,41563,SPINTECH LIVRE,Consumidor Livre,SUL,43.2,5.714955
,2022-10-29,41563,SPINTECH LIVRE,Consumidor Livre,SUL,43.2,0.307551
,2022-10-30,41563,SPINTECH LIVRE,Consumidor Livre,SUL,43.2,0.3108889999999999
,2022-10-31,41563,SPINTECH LIVRE,Consumidor Livre,SUL,43.2,2.555568
,2022-11-01,41563,SPINTECH LIVRE,Consumidor Livre,SUL,43.2,4.179794
,2022-11-02,41563,SPINTECH LIVRE,Consumidor Livre,SUL,43.2,0.337897
,2022-11-03,41563,SPINTECH LIVRE,Consumidor Livre,SUL,43.2,4.150085
,2022-11-04,41563,SPINTECH LIVRE,Consumidor Livre,SUL,43.2,7.148579
,2022-11-05,41563,SPINTECH LIVRE,Consumidor Livre,SUL,43.2,0.540232
,2022-11-06,41563,SPINTECH LIVRE,Consumidor Livre,SUL,43.2,0.271468
,2022-11-07,41563,SPINTECH LIVRE,Consumidor Livre,SUL,43.2,0.62513
,2022-11-08,41563,SPINTECH LIVRE,Consumidor Livre,SUL,43.2,0.502382
,2022-11-09,41563,SPINTECH LIVRE,Consumidor Livre,SUL,43.2,4.257381
,2022-11-10,41563,SPINTECH LIVRE,Consumidor Livre,SUL,43.2,3.371306
,2022-11-11,41563,SPINTECH LIVRE,Consumidor Livre,SUL,43.2,4.463707
,2022-11-12,41563,SPINTECH LIVRE,Consumidor Livre,SUL,43.2,0.308636
,2022-11-13,41563,SPINTECH LIVRE,Consumidor Livre,SUL,43.2,0.306408
,2022-11-14,41563,SPINTECH LIVRE,Consumidor Livre,SUL,43.2,0.308283
,2022-11-15,41563,SPINTECH LIVRE,Consumidor Livre,SUL,43.2,0.324957
,2022-11-16,41563,SPINTECH LIVRE,Consumidor Livre,SUL,43.2,3.0555920000000003
,2022-11-17,41563,SPINTECH LIVRE,Consumidor Livre,SUL,43.2,6.457484
,2022-11-18,41563,SPINTECH LIVRE,Consumidor Livre,SUL,43.2,3.483503
,2022-11-19,41563,SPINTECH LIVRE,Consumidor Livre,SUL,43.2,0.338915
,2022-11-20,41563,SPINTECH LIVRE,Consumidor Livre,SUL,43.2,0.32173
,2022-11-21,41563,SPINTECH LIVRE,Consumidor Livre,SUL,43.2,3.173344
,2022-11-22,41563,SPINTECH LIVRE,Consumidor Livre,SUL,43.2,4.936541
,2022-11-23,41563,SPINTECH LIVRE,Consumidor Livre,SUL,43.2,0.568339
,2022-11-24,41563,SPINTECH LIVRE,Consumidor Livre,SUL,43.2,0.329082
,2022-11-25,41563,SPINTECH LIVRE,Consumidor Livre,SUL,43.2,4.141978
,2022-11-26,41563,SPINTECH LIVRE,Consumidor Livre,SUL,43.2,4.944722
,2022-11-27,41563,SPINTECH LIVRE,Consumidor Livre,SUL,43.2,0.328498
,2022-11-28,41563,SPINTECH LIVRE,Consumidor Livre,SUL,43.2,3.0525260000000003
,2022-11-29,41563,SPINTECH LIVRE,Consumidor Livre,SUL,43.2,0.521676
,2022-11-30,41563,SPINTECH LIVRE,Consumidor Livre,SUL,43.2,1.678861
,2022-12-01,41563,SPINTECH LIVRE,Consumidor Livre,SUL,43.2,3.248584
,2022-12-02,41563,SPINTECH LIVRE,Consumidor Livre,SUL,43.2,1.80058
,2022-12-03,41563,SPINTECH LIVRE,Consumidor Livre,SUL,43.2,0.344309
,2022-12-04,41563,SPINTECH LIVRE,Consumidor Livre,SUL,43.2,0.346746
,2022-12-05,41563,SPINTECH LIVRE,Consumidor Livre,SUL,43.2,4.119444
,2022-12-06,41563,SPINTECH LIVRE,Consumidor Livre,SUL,43.2,3.607477
,2022-12-07,41563,SPINTECH LIVRE,Consumidor Livre,SUL,43.2,2.77691
,2022-12-08,41563,SPINTECH LIVRE,Consumidor Livre,SUL,43.2,3.435923
,2022-12-09,41563,SPINTECH LIVRE,Consumidor Livre,SUL,43.2,0.591873
,2022-12-10,41563,SPINTECH LIVRE,Consumidor Livre,SUL,43.2,0.636069
,2022-12-11,41563,SPINTECH LIVRE,Consumidor Livre,SUL,43.2,0.505143
,2022-12-12,41563,SPINTECH LIVRE,Consumidor Livre,SUL,43.2,0.459151
,2022-12-13,41563,SPINTECH LIVRE,Consumidor Livre,SUL,43.2,0.430847
,2022-12-14,41563,SPINTECH LIVRE,Consumidor Livre,SUL,43.2,0.448466
,2022-12-15,41563,SPINTECH LIVRE,Consumidor Livre,SUL,43.2,1.901644
,2022-12-16,41563,SPINTECH LIVRE,Consumidor Livre,SUL,43.2,1.456723
,2022-12-17,41563,SPINTECH LIVRE,Consumidor Livre,SUL,43.2,0.411016
,2022-12-18,41563,SPINTECH LIVRE,Consumidor Livre,SUL,43.2,0.40658
,2022-12-19,41563,SPINTECH LIVRE,Consumidor Livre,SUL,43.2,2.994849
,2022-12-20,41563,SPINTECH LIVRE,Consumidor Livre,SUL,43.2,3.1223490000000003
,2022-12-21,41563,SPINTECH LIVRE,Consumidor Livre,SUL,43.2,2.847848
,2022-12-22,41563,SPINTECH LIVRE,Consumidor Livre,SUL,43.2,3.999913
,2022-12-23,41563,SPINTECH LIVRE,Consumidor Livre,SUL,43.2,4.804207
,2022-12-24,41563,SPINTECH LIVRE,Consumidor Livre,SUL,43.2,0.354217
,2022-12-25,41563,SPINTECH LIVRE,Consumidor Livre,SUL,43.2,0.347753
,2022-12-26,41563,SPINTECH LIVRE,Consumidor Livre,SUL,43.2,3.630794
,2022-12-27,41563,SPINTECH LIVRE,Consumidor Livre,SUL,43.2,5.064079
,2022-12-28,41563,SPINTECH LIVRE,Consumidor Livre,SUL,43.2,3.387802
,2022-12-29,41563,SPINTECH LIVRE,Consumidor Livre,SUL,43.2,2.966026
,2022-12-30,41563,SPINTECH LIVRE,Consumidor Livre,SUL,43.2,6.091707
,2022-12-31,41563,SPINTECH LIVRE,Consumidor Livre,SUL,43.2,0.377571
,2023-01-01,41563,SPINTECH LIVRE,Consumidor Livre,SUL,43.2,0.379138
,2023-01-02,41563,SPINTECH LIVRE,Consumidor Livre,SUL,43.2,5.351181
,2023-01-03,41563,SPINTECH LIVRE,Consumidor Livre,SUL,43.2,3.993176
,2023-01-04,41563,SPINTECH LIVRE,Consumidor Livre,SUL,43.2,6.939482
,2023-01-05,41563,SPINTECH LIVRE,Consumidor Livre,SUL,43.2,5.078376
,2023-01-06,41563,SPINTECH LIVRE,Consumidor Livre,SUL,43.2,0.368893
,2023-01-07,41563,SPINTECH LIVRE,Consumidor Livre,SUL,43.2,0.358599
,2023-01-08,41563,SPINTECH LIVRE,Consumidor Livre,SUL,43.2,0.341652
,2023-01-09,41563,SPINTECH LIVRE,Consumidor Livre,SUL,43.2,3.943611
,2023-01-10,41563,SPINTECH LIVRE,Consumidor Livre,SUL,43.2,6.249194
,2023-01-11,41563,SPINTECH LIVRE,Consumidor Livre,SUL,43.2,5.057201
,2023-01-12,41563,SPINTECH LIVRE,Consumidor Livre,SUL,43.2,5.273035
,2023-01-13,41563,SPINTECH LIVRE,Consumidor Livre,SUL,43.2,6.4981930000000006
,2023-01-14,41563,SPINTECH LIVRE,Consumidor Livre,SUL,43.2,3.012672
,2023-01-15,41563,SPINTECH LIVRE,Consumidor Livre,SUL,43.2,0.353169
,2023-01-16,41563,SPINTECH LIVRE,Consumidor Livre,SUL,43.2,5.888731
,2023-01-17,41563,SPINTECH LIVRE,Consumidor Livre,SUL,43.2,6.03505
,2023-01-18,41563,SPINTECH LIVRE,Consumidor Livre,SUL,43.2,6.359234
,2023-01-19,41563,SPINTECH LIVRE,Consumidor Livre,SUL,43.2,4.894676
,2023-01-20,41563,SPINTECH LIVRE,Consumidor Livre,SUL,43.2,0.51878
,2023-01-21,41563,SPINTECH LIVRE,Consumidor Livre,SUL,43.2,0.351803
,2023-01-22,41563,SPINTECH LIVRE,Consumidor Livre,SUL,43.2,0.344757
,2023-01-23,41563,SPINTECH LIVRE,Consumidor Livre,SUL,43.2,0.417738
,2023-01-24,41563,SPINTECH LIVRE,Consumidor Livre,SUL,43.2,0.39096
,2023-01-25,41563,SPINTECH LIVRE,Consumidor Livre,SUL,43.2,0.361251
,2023-01-26,41563,SPINTECH LIVRE,Consumidor Livre,SUL,43.2,0.366643
,2023-01-27,41563,SPINTECH LIVRE,Consumidor Livre,SUL,43.2,0.6265999999999999
,2023-01-28,41563,SPINTECH LIVRE,Consumidor Livre,SUL,43.2,0.336625
,2023-01-29,41563,SPINTECH LIVRE,Consumidor Livre,SUL,43.2,0.401499
,2023-01-30,41563,SPINTECH LIVRE,Consumidor Livre,SUL,43.2,4.521355
,2023-01-31,41563,SPINTECH LIVRE,Consumidor Livre,SUL,43.2,2.879901
,2023-02-01,41563,SPINTECH LIVRE,Consumidor Livre,SUL,43.2,3.717065
,2023-02-02,41563,SPINTECH LIVRE,Consumidor Livre,SUL,43.2,3.993123
,2023-02-03,41563,SPINTECH LIVRE,Consumidor Livre,SUL,43.2,3.449962
,2023-02-04,41563,SPINTECH LIVRE,Consumidor Livre,SUL,43.2,0.341253
,2023-02-05,41563,SPINTECH LIVRE,Consumidor Livre,SUL,43.2,0.361346
,2023-02-06,41563,SPINTECH LIVRE,Consumidor Livre,SUL,43.2,1.052732
,2023-02-07,41563,SPINTECH LIVRE,Consumidor Livre,SUL,43.2,1.204349
,2023-02-08,41563,SPINTECH LIVRE,Consumidor Livre,SUL,43.2,3.06453
,2023-02-09,41563,SPINTECH LIVRE,Consumidor Livre,SUL,43.2,3.278293
,2023-02-10,41563,SPINTECH LIVRE,Consumidor Livre,SUL,43.2,6.111113
,2023-02-11,41563,SPINTECH LIVRE,Consumidor Livre,SUL,43.2,0.350811
,2023-02-12,41563,SPINTECH LIVRE,Consumidor Livre,SUL,43.2,0.344648
,2023-02-13,41563,SPINTECH LIVRE,Consumidor Livre,SUL,43.2,4.011033
,2023-02-14,41563,SPINTECH LIVRE,Consumidor Livre,SUL,43.2,3.316394
,2023-02-15,41563,SPINTECH LIVRE,Consumidor Livre,SUL,43.2,5.4087380000000005
,2023-02-16,41563,SPINTECH LIVRE,Consumidor Livre,SUL,43.2,4.335953
,2023-02-17,41563,SPINTECH LIVRE,Consumidor Livre,SUL,43.2,5.24629
,2023-02-18,41563,SPINTECH LIVRE,Consumidor Livre,SUL,43.2,5.102671
,2023-02-19,41563,SPINTECH LIVRE,Consumidor Livre,SUL,43.2,0.341317
,2023-02-20,41563,SPINTECH LIVRE,Consumidor Livre,SUL,43.2,5.875764
,2023-02-21,41563,SPINTECH LIVRE,Consumidor Livre,SUL,43.2,4.043228
,2023-02-22,41563,SPINTECH LIVRE,Consumidor Livre,SUL,43.2,4.284633
,2023-02-23,41563,SPINTECH LIVRE,Consumidor Livre,SUL,43.2,3.587464
,2023-02-24,41563,SPINTECH LIVRE,Consumidor Livre,SUL,43.2,6.63485
,2023-02-25,41563,SPINTECH LIVRE,Consumidor Livre,SUL,43.2,5.7006060000000005
,2023-02-26,41563,SPINTECH LIVRE,Consumidor Livre,SUL,43.2,3.48254
,2023-02-27,41563,SPINTECH LIVRE,Consumidor Livre,SUL,43.2,7.973412
,2023-02-28,41563,SPINTECH LIVRE,Consumidor Livre,SUL,43.2,5.892636
,2023-03-01,41563,SPINTECH LIVRE,Consumidor Livre,SUL,43.2,0.933265
,2023-03-02,41563,SPINTECH LIVRE,Consumidor Livre,SUL,43.2,0.716998
,2023-03-03,41563,SPINTECH LIVRE,Consumidor Livre,SUL,43.2,0.987575
,2023-03-04,41563,SPINTECH LIVRE,Consumidor Livre,SUL,43.2,0.337769
,2023-03-05,41563,SPINTECH LIVRE,Consumidor Livre,SUL,43.2,0.333475
,2023-03-06,41563,SPINTECH LIVRE,Consumidor Livre,SUL,43.2,0.848698
,2023-03-07,41563,SPINTECH LIVRE,Consumidor Livre,SUL,43.2,0.850893
,2023-03-08,41563,SPINTECH LIVRE,Consumidor Livre,SUL,43.2,0.79984
,2023-03-09,41563,SPINTECH LIVRE,Consumidor Livre,SUL,43.2,0.584307
,2023-03-10,41563,SPINTECH LIVRE,Consumidor Livre,SUL,43.2,5.89927
,2023-03-11,41563,SPINTECH LIVRE,Consumidor Livre,SUL,43.2,6.0279240000000005
,2023-03-12,41563,SPINTECH LIVRE,Consumidor Livre,SUL,43.2,0.324201
,2023-03-13,41563,SPINTECH LIVRE,Consumidor Livre,SUL,43.2,6.310891
,2023-03-14,41563,SPINTECH LIVRE,Consumidor Livre,SUL,43.2,7.695453
,2023-03-15,41563,SPINTECH LIVRE,Consumidor Livre,SUL,43.2,7.219988
,2023-03-16,41563,SPINTECH LIVRE,Consumidor Livre,SUL,43.2,7.526102
,2023-03-17,41563,SPINTECH LIVRE,Consumidor Livre,SUL,43.2,9.095425
,2023-03-18,41563,SPINTECH LIVRE,Consumidor Livre,SUL,43.2,3.5277420000000004
,2023-03-19,41563,SPINTECH LIVRE,Consumidor Livre,SUL,43.2,0.353524
,2023-03-20,41563,SPINTECH LIVRE,Consumidor Livre,SUL,43.2,1.511399
,2023-03-21,41563,SPINTECH LIVRE,Consumidor Livre,SUL,43.2,4.34436
,2023-03-22,41563,SPINTECH LIVRE,Consumidor Livre,SUL,43.2,6.7585630000000005
,2023-03-23,41563,SPINTECH LIVRE,Consumidor Livre,SUL,43.2,1.279356
,2023-03-24,41563,SPINTECH LIVRE,Consumidor Livre,SUL,43.2,2.658322
,2023-03-25,41563,SPINTECH LIVRE,Consumidor Livre,SUL,43.2,0.341015
,2023-03-26,41563,SPINTECH LIVRE,Consumidor Livre,SUL,43.2,0.328137
,2023-03-27,41563,SPINTECH LIVRE,Consumidor Livre,SUL,43.2,0.7335240000000001
,2023-03-28,41563,SPINTECH LIVRE,Consumidor Livre,SUL,43.2,0.47999
,2023-03-29,41563,SPINTECH LIVRE,Consumidor Livre,SUL,43.2,0.907
,2023-03-30,41563,SPINTECH LIVRE,Consumidor Livre,SUL,43.2,0.791759
,2023-03-31,41563,SPINTECH LIVRE,Consumidor Livre,SUL,43.2,0.892711
,2023-04-01,41563,SPINTECH LIVRE,Consumidor Livre,SUL,43.2,0.332434
,2023-04-02,41563,SPINTECH LIVRE,Consumidor Livre,SUL,43.2,0.33614
,2023-04-03,41563,SPINTECH LIVRE,Consumidor Livre,SUL,43.2,5.089282
,2023-04-04,41563,SPINTECH LIVRE,Consumidor Livre,SUL,43.2,3.2347
,2023-04-05,41563,SPINTECH LIVRE,Consumidor Livre,SUL,43.2,4.878003
,2023-04-06,41563,SPINTECH LIVRE,Consumidor Livre,SUL,43.2,5.368482
,2023-04-07,41563,SPINTECH LIVRE,Consumidor Livre,SUL,43.2,6.386172
,2023-04-08,41563,SPINTECH LIVRE,Consumidor Livre,SUL,43.2,0.340691
,2023-04-09,41563,SPINTECH LIVRE,Consumidor Livre,SUL,43.2,0.326971
,2023-04-10,41563,SPINTECH LIVRE,Consumidor Livre,SUL,43.2,5.466061
,2023-04-11,41563,SPINTECH LIVRE,Consumidor Livre,SUL,43.2,5.37843
,2023-04-12,41563,SPINTECH LIVRE,Consumidor Livre,SUL,43.2,4.343884
,2023-04-13,41563,SPINTECH LIVRE,Consumidor Livre,SUL,43.2,5.631652
,2023-04-14,41563,SPINTECH LIVRE,Consumidor Livre,SUL,43.2,6.4498560000000005
,2023-04-15,41563,SPINTECH LIVRE,Consumidor Livre,SUL,43.2,0.332853
,2023-04-16,41563,SPINTECH LIVRE,Consumidor Livre,SUL,43.2,0.33163
,2023-04-17,41563,SPINTECH LIVRE,Consumidor Livre,SUL,43.2,6.169298
,2023-04-18,41563,SPINTECH LIVRE,Consumidor Livre,SUL,43.2,7.459044
,2023-04-19,41563,SPINTECH LIVRE,Consumidor Livre,SUL,43.2,2.231347
,2023-04-20,41563,SPINTECH LIVRE,Consumidor Livre,SUL,43.2,0.329171
,2023-04-21,41563,SPINTECH LIVRE,Consumidor Livre,SUL,43.2,0.32573
,2023-04-22,41563,SPINTECH LIVRE,Consumidor Livre,SUL,43.2,0.335746
,2023-04-23,41563,SPINTECH LIVRE,Consumidor Livre,SUL,43.2,0.323768
,2023-04-24,41563,SPINTECH LIVRE,Consumidor Livre,SUL,43.2,6.44777
,2023-04-25,41563,SPINTECH LIVRE,Consumidor Livre,SUL,43.2,7.368114
,2023-04-26,41563,SPINTECH LIVRE,Consumidor Livre,SUL,43.2,1.688255
,2023-04-27,41563,SPINTECH LIVRE,Consumidor Livre,SUL,43.2,7.86006
,2023-04-28,41563,SPINTECH LIVRE,Consumidor Livre,SUL,43.2,7.508213
,2023-04-29,41563,SPINTECH LIVRE,Consumidor Livre,SUL,43.2,0.333629
,2023-04-30,41563,SPINTECH LIVRE,Consumidor Livre,SUL,43.2,0.32642
,2023-05-01,41563,SPINTECH LIVRE,Consumidor Livre,SUL,43.2,0.331888
,2023-05-02,41563,SPINTECH LIVRE,Consumidor Livre,SUL,43.2,0.770838
,2023-05-03,41563,SPINTECH LIVRE,Consumidor Livre,SUL,43.2,7.554831
,2023-05-04,41563,SPINTECH LIVRE,Consumidor Livre,SUL,43.2,1.418928
,2023-05-05,41563,SPINTECH LIVRE,Consumidor Livre,SUL,43.2,7.566052
,2023-05-06,41563,SPINTECH LIVRE,Consumidor Livre,SUL,43.2,1.18473
,2023-05-07,41563,SPINTECH LIVRE,Consumidor Livre,SUL,43.2,1.603679
,2023-05-08,41563,SPINTECH LIVRE,Consumidor Livre,SUL,43.2,7.698043
,2023-05-09,41563,SPINTECH LIVRE,Consumidor Livre,SUL,43.2,4.691961
,2023-05-10,41563,SPINTECH LIVRE,Consumidor Livre,SUL,43.2,7.681274
,2023-05-11,41563,SPINTECH LIVRE,Consumidor Livre,SUL,43.2,4.740255
,2023-05-12,41563,SPINTECH LIVRE,Consumidor Livre,SUL,43.2,1.221027
,2023-05-13,41563,SPINTECH LIVRE,Consumidor Livre,SUL,43.2,0.409174
,2023-05-14,41563,SPINTECH LIVRE,Consumidor Livre,SUL,43.2,0.338664
,2023-05-15,41563,SPINTECH LIVRE,Consumidor Livre,SUL,43.2,4.364699
,2023-05-16,41563,SPINTECH LIVRE,Consumidor Livre,SUL,43.2,3.445493
,2023-05-17,41563,SPINTECH LIVRE,Consumidor Livre,SUL,43.2,8.226018
,2023-05-18,41563,SPINTECH LIVRE,Consumidor Livre,SUL,43.2,8.439793
,2023-05-19,41563,SPINTECH LIVRE,Consumidor Livre,SUL,43.2,7.905111
,2023-05-20,41563,SPINTECH LIVRE,Consumidor Livre,SUL,43.2,1.109763
,2023-05-21,41563,SPINTECH LIVRE,Consumidor Livre,SUL,43.2,1.108819
,2023-05-22,41563,SPINTECH LIVRE,Consumidor Livre,SUL,43.2,8.785284
,2023-05-23,41563,SPINTECH LIVRE,Consumidor Livre,SUL,43.2,4.038785
,2023-05-24,41563,SPINTECH LIVRE,Consumidor Livre,SUL,43.2,3.998328
,2023-05-25,41563,SPINTECH LIVRE,Consumidor Livre,SUL,43.2,8.934339999999999
,2023-05-26,41563,SPINTECH LIVRE,Consumidor Livre,SUL,43.2,7.029345
,2023-05-27,41563,SPINTECH LIVRE,Consumidor Livre,SUL,43.2,0.762641
,2023-05-28,41563,SPINTECH LIVRE,Consumidor Livre,SUL,43.2,0.341614
,2023-05-29,41563,SPINTECH LIVRE,Consumidor Livre,SUL,43.2,6.787225
,2023-05-30,41563,SPINTECH LIVRE,Consumidor Livre,SUL,43.2,5.573186
,2023-05-31,41563,SPINTECH LIVRE,Consumidor Livre,SUL,43.2,6.818684
,2023-06-01,41563,SPINTECH LIVRE,Consumidor Livre,SUL,43.2,2.461431
,2023-06-02,41563,SPINTECH LIVRE,Consumidor Livre,SUL,43.2,0.777738
,2023-06-03,41563,SPINTECH LIVRE,Consumidor Livre,SUL,43.2,0.344714
,2023-06-04,41563,SPINTECH LIVRE,Consumidor Livre,SUL,43.2,0.342904
,2023-06-05,41563,SPINTECH LIVRE,Consumidor Livre,SUL,43.2,7.86589
,2023-06-06,41563,SPINTECH LIVRE,Consumidor Livre,SUL,43.2,6.6664
,2023-06-07,41563,SPINTECH LIVRE,Consumidor Livre,SUL,43.2,0.724538
,2023-06-08,41563,SPINTECH LIVRE,Consumidor Livre,SUL,43.2,0.333856
,2023-06-09,41563,SPINTECH LIVRE,Consumidor Livre,SUL,43.2,0.381984
,2023-06-10,41563,SPINTECH LIVRE,Consumidor Livre,SUL,43.2,0.340115
,2023-06-11,41563,SPINTECH LIVRE,Consumidor Livre,SUL,43.2,0.343962
,2023-06-12,41563,SPINTECH LIVRE,Consumidor Livre,SUL,43.2,0.886812
,2023-06-13,41563,SPINTECH LIVRE,Consumidor Livre,SUL,43.2,7.347634
,2023-06-14,41563,SPINTECH LIVRE,Consumidor Livre,SUL,43.2,8.512075
,2023-06-15,41563,SPINTECH LIVRE,Consumidor Livre,SUL,43.2,6.536328
,2023-06-16,41563,SPINTECH LIVRE,Consumidor Livre,SUL,43.2,5.9096
,2023-06-17,41563,SPINTECH LIVRE,Consumidor Livre,SUL,43.2,0.349284
,2023-06-18,41563,SPINTECH LIVRE,Consumidor Livre,SUL,43.2,0.338066
,2023-06-19,41563,SPINTECH LIVRE,Consumidor Livre,SUL,43.2,0.852085
,2023-06-20,41563,SPINTECH LIVRE,Consumidor Livre,SUL,43.2,0.700328
,2023-06-21,41563,SPINTECH LIVRE,Consumidor Livre,SUL,43.2,1.207001
,2023-06-22,41563,SPINTECH LIVRE,Consumidor Livre,SUL,43.2,0.699769
,2023-06-23,41563,SPINTECH LIVRE,Consumidor Livre,SUL,43.2,0.662251
,2023-06-24,41563,SPINTECH LIVRE,Consumidor Livre,SUL,43.2,0.338119
,2023-06-25,41563,SPINTECH LIVRE,Consumidor Livre,SUL,43.2,0.33393
,2023-06-26,41563,SPINTECH LIVRE,Consumidor Livre,SUL,43.2,4.896956
,2023-06-27,41563,SPINTECH LIVRE,Consumidor Livre,SUL,43.2,4.090813
,2023-06-28,41563,SPINTECH LIVRE,Consumidor Livre,SUL,43.2,7.492617
,2023-06-29,41563,SPINTECH LIVRE,Consumidor Livre,SUL,43.2,10.568791
,2023-06-30,41563,SPINTECH LIVRE,Consumidor Livre,SUL,43.2,11.161718
,2023-07-01,41563,SPINTECH LIVRE,Consumidor Livre,SUL,43.2,6.615438
,2023-07-02,41563,SPINTECH LIVRE,Consumidor Livre,SUL,43.2,0.340169
,2023-07-03,41563,SPINTECH LIVRE,Consumidor Livre,SUL,43.2,0.623152
,2023-07-04,41563,SPINTECH LIVRE,Consumidor Livre,SUL,43.2,1.388656
,2023-07-05,41563,SPINTECH LIVRE,Consumidor Livre,SUL,43.2,12.344399
,2023-07-06,41563,SPINTECH LIVRE,Consumidor Livre,SUL,43.2,12.571939
,2023-07-07,41563,SPINTECH LIVRE,Consumidor Livre,SUL,43.2,6.807749
,2023-07-08,41563,SPINTECH LIVRE,Consumidor Livre,SUL,43.2,0.343917
,2023-07-09,41563,SPINTECH LIVRE,Consumidor Livre,SUL,43.2,0.357521
,2023-07-10,41563,SPINTECH LIVRE,Consumidor Livre,SUL,43.2,1.571525
,2023-07-11,41563,SPINTECH LIVRE,Consumidor Livre,SUL,43.2,6.189254
,2023-07-12,41563,SPINTECH LIVRE,Consumidor Livre,SUL,43.2,6.261714
,2023-07-13,41563,SPINTECH LIVRE,Consumidor Livre,SUL,43.2,4.655425
,2023-07-14,41563,SPINTECH LIVRE,Consumidor Livre,SUL,43.2,9.126152
,2023-07-15,41563,SPINTECH LIVRE,Consumidor Livre,SUL,43.2,0.329217
,2023-07-16,41563,SPINTECH LIVRE,Consumidor Livre,SUL,43.2,0.334868
,2023-07-17,41563,SPINTECH LIVRE,Consumidor Livre,SUL,43.2,1.551398
,2023-07-18,41563,SPINTECH LIVRE,Consumidor Livre,SUL,43.2,7.804008
,2023-07-19,41563,SPINTECH LIVRE,Consumidor Livre,SUL,43.2,7.11965
,2023-07-20,41563,SPINTECH LIVRE,Consumidor Livre,SUL,43.2,5.384415
,2023-07-21,41563,SPINTECH LIVRE,Consumidor Livre,SUL,43.2,6.662831
,2023-07-22,41563,SPINTECH LIVRE,Consumidor Livre,SUL,43.2,0.331962
,2023-07-23,41563,SPINTECH LIVRE,Consumidor Livre,SUL,43.2,0.333784
,2023-07-24,41563,SPINTECH LIVRE,Consumidor Livre,SUL,43.2,0.956554
,2023-07-25,41563,SPINTECH LIVRE,Consumidor Livre,SUL,43.2,2.980264
,2023-07-26,41563,SPINTECH LIVRE,Consumidor Livre,SUL,43.2,2.539421
,2023-07-27,41563,SPINTECH LIVRE,Consumidor Livre,SUL,43.2,7.359467
,2023-07-28,41563,SPINTECH LIVRE,Consumidor Livre,SUL,43.2,8.175596
,2023-07-29,41563,SPINTECH LIVRE,Consumidor Livre,SUL,43.2,0.343173
,2023-07-30,41563,SPINTECH LIVRE,Consumidor Livre,SUL,43.2,0.338132
,2023-07-31,41563,SPINTECH LIVRE,Consumidor Livre,SUL,43.2,1.711075
,2023-08-01,41563,SPINTECH LIVRE,Consumidor Livre,SUL,43.2,7.983559
,2023-08-02,41563,SPINTECH LIVRE,Consumidor Livre,SUL,43.2,8.09051
,2023-08-03,41563,SPINTECH LIVRE,Consumidor Livre,SUL,43.2,9.713537
,2023-08-04,41563,SPINTECH LIVRE,Consumidor Livre,SUL,43.2,1.778981
,2023-08-05,41563,SPINTECH LIVRE,Consumidor Livre,SUL,43.2,0.346034
,2023-08-06,41563,SPINTECH LIVRE,Consumidor Livre,SUL,43.2,0.329656
,2023-08-07,41563,SPINTECH LIVRE,Consumidor Livre,SUL,43.2,1.031541
,2023-08-08,41563,SPINTECH LIVRE,Consumidor Livre,SUL,43.2,8.728918
,2023-08-09,41563,SPINTECH LIVRE,Consumidor Livre,SUL,43.2,7.192057
,2023-08-10,41563,SPINTECH LIVRE,Consumidor Livre,SUL,43.2,10.576696
,2023-08-11,41563,SPINTECH LIVRE,Consumidor Livre,SUL,43.2,9.254555
,2023-08-12,41563,SPINTECH LIVRE,Consumidor Livre,SUL,43.2,0.343346
,2023-08-13,41563,SPINTECH LIVRE,Consumidor Livre,SUL,43.2,1.310424
,2023-08-14,41563,SPINTECH LIVRE,Consumidor Livre,SUL,43.2,12.113365
,2023-08-15,41563,SPINTECH LIVRE,Consumidor Livre,SUL,43.2,10.528807
,2023-08-16,41563,SPINTECH LIVRE,Consumidor Livre,SUL,43.2,9.49982
,2023-08-17,41563,SPINTECH LIVRE,Consumidor Livre,SUL,43.2,7.388149999999999
,2023-08-18,41563,SPINTECH LIVRE,Consumidor Livre,SUL,43.2,0.586114
,2023-08-19,41563,SPINTECH LIVRE,Consumidor Livre,SUL,43.2,0.344627
,2023-08-20,41563,SPINTECH LIVRE,Consumidor Livre,SUL,43.2,0.344751
,2023-08-21,41563,SPINTECH LIVRE,Consumidor Livre,SUL,43.2,0.829687
,2023-08-22,41563,SPINTECH LIVRE,Consumidor Livre,SUL,43.2,1.373129
,2023-08-23,41563,SPINTECH LIVRE,Consumidor Livre,SUL,43.2,0.849217
,2023-08-24,41563,SPINTECH LIVRE,Consumidor Livre,SUL,43.2,0.887129
,2023-08-25,41563,SPINTECH LIVRE,Consumidor Livre,SUL,43.2,0.969539
,2023-08-26,41563,SPINTECH LIVRE,Consumidor Livre,SUL,43.2,0.462795
,2023-08-27,41563,SPINTECH LIVRE,Consumidor Livre,SUL,43.2,1.113095
,2023-08-28,41563,SPINTECH LIVRE,Consumidor Livre,SUL,43.2,10.914178
,2023-08-29,41563,SPINTECH LIVRE,Consumidor Livre,SUL,43.2,5.306451
,2023-08-30,41563,SPINTECH LIVRE,Consumidor Livre,SUL,43.2,12.199532
,2023-08-31,41563,SPINTECH LIVRE,Consumidor Livre,SUL,43.2,9.308211
,2023-09-01,41563,SPINTECH LIVRE,Consumidor Livre,SUL,43.2,0.68527
,2023-09-02,41563,SPINTECH LIVRE,Consumidor Livre,SUL,43.2,0.3611499999999999
,2023-09-03,41563,SPINTECH LIVRE,Consumidor Livre,SUL,43.2,0.838641
,2023-09-04,41563,SPINTECH LIVRE,Consumidor Livre,SUL,43.2,10.630115
,2023-09-05,41563,SPINTECH LIVRE,Consumidor Livre,SUL,43.2,9.174898
,2023-09-06,41563,SPINTECH LIVRE,Consumidor Livre,SUL,43.2,8.650306
,2023-09-07,41563,SPINTECH LIVRE,Consumidor Livre,SUL,43.2,0.479403
,2023-09-08,41563,SPINTECH LIVRE,Consumidor Livre,SUL,43.2,0.765983
,2023-09-09,41563,SPINTECH LIVRE,Consumidor Livre,SUL,43.2,0.362485
,2023-09-10,41563,SPINTECH LIVRE,Consumidor Livre,SUL,43.2,1.018307
,2023-09-11,41563,SPINTECH LIVRE,Consumidor Livre,SUL,43.2,9.608205
,2023-09-12,41563,SPINTECH LIVRE,Consumidor Livre,SUL,43.2,8.733822
,2023-09-13,41563,SPINTECH LIVRE,Consumidor Livre,SUL,43.2,9.459922
,2023-09-14,41563,SPINTECH LIVRE,Consumidor Livre,SUL,43.2,1.668895
,2023-09-15,41563,SPINTECH LIVRE,Consumidor Livre,SUL,43.2,1.582411
,2023-09-16,41563,SPINTECH LIVRE,Consumidor Livre,SUL,43.2,0.370489
,2023-09-17,41563,SPINTECH LIVRE,Consumidor Livre,SUL,43.2,0.356613
,2023-09-18,41563,SPINTECH LIVRE,Consumidor Livre,SUL,43.2,0.669906
,2023-09-19,41563,SPINTECH LIVRE,Consumidor Livre,SUL,43.2,1.030903
,2023-09-20,41563,SPINTECH LIVRE,Consumidor Livre,SUL,43.2,1.285944
,2023-09-21,41563,SPINTECH LIVRE,Consumidor Livre,SUL,43.2,10.596032
,2023-09-22,41563,SPINTECH LIVRE,Consumidor Livre,SUL,43.2,11.657179
,2023-09-23,41563,SPINTECH LIVRE,Consumidor Livre,SUL,43.2,7.506463
,2023-09-24,41563,SPINTECH LIVRE,Consumidor Livre,SUL,43.2,0.347438
,2023-09-25,41563,SPINTECH LIVRE,Consumidor Livre,SUL,43.2,1.451431
,2023-09-26,41563,SPINTECH LIVRE,Consumidor Livre,SUL,43.2,11.847398
,2023-09-27,41563,SPINTECH LIVRE,Consumidor Livre,SUL,43.2,14.071571
,2023-09-28,41563,SPINTECH LIVRE,Consumidor Livre,SUL,43.2,13.775902
,2023-09-29,41563,SPINTECH LIVRE,Consumidor Livre,SUL,43.2,14.598156
,2023-09-30,41563,SPINTECH LIVRE,Consumidor Livre,SUL,43.2,1.745465
,2023-10-01,41563,SPINTECH LIVRE,Consumidor Livre,SUL,43.2,1.020402
,2023-10-02,41563,SPINTECH LIVRE,Consumidor Livre,SUL,43.2,15.731535
,2023-10-03,41563,SPINTECH LIVRE,Consumidor Livre,SUL,43.2,11.856841
,2023-10-04,41563,SPINTECH LIVRE,Consumidor Livre,SUL,43.2,15.555055
,2023-10-05,41563,SPINTECH LIVRE,Consumidor Livre,SUL,43.2,4.537396
,2023-10-06,41563,SPINTECH LIVRE,Consumidor Livre,SUL,43.2,4.7377
,2023-10-07,41563,SPINTECH LIVRE,Consumidor Livre,SUL,43.2,0.924088
,2023-10-08,41563,SPINTECH LIVRE,Consumidor Livre,SUL,43.2,1.205428
,2023-10-09,41563,SPINTECH LIVRE,Consumidor Livre,SUL,43.2,15.651996
,2023-10-10,41563,SPINTECH LIVRE,Consumidor Livre,SUL,43.2,13.920541
,2023-10-11,41563,SPINTECH LIVRE,Consumidor Livre,SUL,43.2,7.806452
,2023-10-12,41563,SPINTECH LIVRE,Consumidor Livre,SUL,43.2,16.583016
,2023-10-13,41563,SPINTECH LIVRE,Consumidor Livre,SUL,43.2,1.616893
,2023-10-14,41563,SPINTECH LIVRE,Consumidor Livre,SUL,43.2,0.365226
,2023-10-15,41563,SPINTECH LIVRE,Consumidor Livre,SUL,43.2,0.366364
,2023-10-16,41563,SPINTECH LIVRE,Consumidor Livre,SUL,43.2,2.392337
,2023-10-17,41563,SPINTECH LIVRE,Consumidor Livre,SUL,43.2,3.726584
,2023-10-18,41563,SPINTECH LIVRE,Consumidor Livre,SUL,43.2,9.19893
,2023-10-19,41563,SPINTECH LIVRE,Consumidor Livre,SUL,43.2,16.848086
,2023-10-20,41563,SPINTECH LIVRE,Consumidor Livre,SUL,43.2,3.476009
,2023-10-21,41563,SPINTECH LIVRE,Consumidor Livre,SUL,43.2,0.704896
,2023-10-22,41563,SPINTECH LIVRE,Consumidor Livre,SUL,43.2,7.597592000000001
,2023-10-23,41563,SPINTECH LIVRE,Consumidor Livre,SUL,43.2,10.402841
,2023-10-24,41563,SPINTECH LIVRE,Consumidor Livre,SUL,43.2,3.002971
,2023-10-25,41563,SPINTECH LIVRE,Consumidor Livre,SUL,43.2,8.163603
,2023-10-26,41563,SPINTECH LIVRE,Consumidor Livre,SUL,43.2,17.959035
,2023-10-27,41563,SPINTECH LIVRE,Consumidor Livre,SUL,43.2,12.048625
,2023-10-28,41563,SPINTECH LIVRE,Consumidor Livre,SUL,43.2,1.413745
,2023-10-29,41563,SPINTECH LIVRE,Consumidor Livre,SUL,43.2,1.095876
,2023-10-30,41563,SPINTECH LIVRE,Consumidor Livre,SUL,43.2,13.352974
,2023-10-31,41563,SPINTECH LIVRE,Consumidor Livre,SUL,43.2,3.935544
,2023-11-01,41563,SPINTECH LIVRE,Consumidor Livre,SUL,43.2,5.094523
,2023-11-02,41563,SPINTECH LIVRE,Consumidor Livre,SUL,43.2,2.689044
,2023-11-03,41563,SPINTECH LIVRE,Consumidor Livre,SUL,43.2,15.859073
,2023-11-04,41563,SPINTECH LIVRE,Consumidor Livre,SUL,43.2,8.57128
,2023-11-05,41563,SPINTECH LIVRE,Consumidor Livre,SUL,43.2,7.017045
,2023-11-06,41563,SPINTECH LIVRE,Consumidor Livre,SUL,43.2,20.239142
,2023-11-07,41563,SPINTECH LIVRE,Consumidor Livre,SUL,43.2,11.097714
,2023-11-08,41563,SPINTECH LIVRE,Consumidor Livre,SUL,43.2,3.782772
,2023-11-09,41563,SPINTECH LIVRE,Consumidor Livre,SUL,43.2,2.760279
,2023-11-10,41563,SPINTECH LIVRE,Consumidor Livre,SUL,43.2,1.551517
,2023-11-11,41563,SPINTECH LIVRE,Consumidor Livre,SUL,43.2,1.129008
,2023-11-12,41563,SPINTECH LIVRE,Consumidor Livre,SUL,43.2,1.104126
,2023-11-13,41563,SPINTECH LIVRE,Consumidor Livre,SUL,43.2,10.304644
,2023-11-14,41563,SPINTECH LIVRE,Consumidor Livre,SUL,43.2,9.406948
,2023-11-15,41563,SPINTECH LIVRE,Consumidor Livre,SUL,43.2,9.051943
,2023-11-16,41563,SPINTECH LIVRE,Consumidor Livre,SUL,43.2,3.906107
,2023-11-17,41563,SPINTECH LIVRE,Consumidor Livre,SUL,43.2,1.614629
,2023-11-18,41563,SPINTECH LIVRE,Consumidor Livre,SUL,43.2,2.423282
,2023-11-19,41563,SPINTECH LIVRE,Consumidor Livre,SUL,43.2,9.426178
,2023-11-20,41563,SPINTECH LIVRE,Consumidor Livre,SUL,43.2,3.612311
,2023-11-21,41563,SPINTECH LIVRE,Consumidor Livre,SUL,43.2,10.096364
,2023-11-22,41563,SPINTECH LIVRE,Consumidor Livre,SUL,43.2,14.606707
,2023-11-23,41563,SPINTECH LIVRE,Consumidor Livre,SUL,43.2,18.977048
,2023-11-24,41563,SPINTECH LIVRE,Consumidor Livre,SUL,43.2,10.934325
,2023-11-25,41563,SPINTECH LIVRE,Consumidor Livre,SUL,43.2,8.231592
,2023-11-26,41563,SPINTECH LIVRE,Consumidor Livre,SUL,43.2,0.685712
,2023-11-27,41563,SPINTECH LIVRE,Consumidor Livre,SUL,43.2,1.450111
,2023-11-28,41563,SPINTECH LIVRE,Consumidor Livre,SUL,43.2,2.105384
,2023-11-29,41563,SPINTECH LIVRE,Consumidor Livre,SUL,43.2,11.636321
,2023-11-30,41563,SPINTECH LIVRE,Consumidor Livre,SUL,43.2,11.385512
,2023-12-01,41563,SPINTECH LIVRE,Consumidor Livre,SUL,43.2,15.97399
,2023-12-02,41563,SPINTECH LIVRE,Consumidor Livre,SUL,43.2,7.492472
,2023-12-03,41563,SPINTECH LIVRE,Consumidor Livre,SUL,43.2,14.38748
,2023-12-04,41563,SPINTECH LIVRE,Consumidor Livre,SUL,43.2,10.075027
,2023-12-05,41563,SPINTECH LIVRE,Consumidor Livre,SUL,43.2,13.556867
,2023-12-06,41563,SPINTECH LIVRE,Consumidor Livre,SUL,43.2,9.880613
,2023-12-07,41563,SPINTECH LIVRE,Consumidor Livre,SUL,43.2,10.872173
,2023-12-08,41563,SPINTECH LIVRE,Consumidor Livre,SUL,43.2,8.263145
,2023-12-09,41563,SPINTECH LIVRE,Consumidor Livre,SUL,43.2,6.953115
,2023-12-10,41563,SPINTECH LIVRE,Consumidor Livre,SUL,43.2,0.913931
,2023-12-11,41563,SPINTECH LIVRE,Consumidor Livre,SUL,43.2,10.946332
,2023-12-12,41563,SPINTECH LIVRE,Consumidor Livre,SUL,43.2,17.838297
,2023-12-13,41563,SPINTECH LIVRE,Consumidor Livre,SUL,43.2,14.288248
,2023-12-14,41563,SPINTECH LIVRE,Consumidor Livre,SUL,43.2,12.472159
,2023-12-15,41563,SPINTECH LIVRE,Consumidor Livre,SUL,43.2,8.827066
,2023-12-16,41563,SPINTECH LIVRE,Consumidor Livre,SUL,43.2,0.728104
,2023-12-17,41563,SPINTECH LIVRE,Consumidor Livre,SUL,43.2,0.395182
,2023-12-18,41563,SPINTECH LIVRE,Consumidor Livre,SUL,43.2,6.783401
,2023-12-19,41563,SPINTECH LIVRE,Consumidor Livre,SUL,43.2,14.931728
,2023-12-20,41563,SPINTECH LIVRE,Consumidor Livre,SUL,43.2,14.11679
,2023-12-21,41563,SPINTECH LIVRE,Consumidor Livre,SUL,43.2,14.05024
,2023-12-22,41563,SPINTECH LIVRE,Consumidor Livre,SUL,43.2,2.855974
,2023-12-23,41563,SPINTECH LIVRE,Consumidor Livre,SUL,43.2,0.709278
,2023-12-24,41563,SPINTECH LIVRE,Consumidor Livre,SUL,43.2,0.393683
,2023-12-25,41563,SPINTECH LIVRE,Consumidor Livre,SUL,43.2,1.37116
,2023-12-26,41563,SPINTECH LIVRE,Consumidor Livre,SUL,43.2,9.11991
,2023-12-27,41563,SPINTECH LIVRE,Consumidor Livre,SUL,43.2,10.019228
,2023-12-28,41563,SPINTECH LIVRE,Consumidor Livre,SUL,43.2,11.066864
,2023-12-29,41563,SPINTECH LIVRE,Consumidor Livre,SUL,43.2,6.2830010000000005
,2023-12-30,41563,SPINTECH LIVRE,Consumidor Livre,SUL,43.2,0.814166
,2023-12-31,41563,SPINTECH LIVRE,Consumidor Livre,SUL,43.2,0.390583
,2024-01-01,41563,SPINTECH LIVRE,Consumidor Livre,SUL,43.2,0.395685
,2024-01-02,41563,SPINTECH LIVRE,Consumidor Livre,SUL,43.2,1.117394
,2024-01-03,41563,SPINTECH LIVRE,Consumidor Livre,SUL,43.2,11.881908
,2024-01-04,41563,SPINTECH LIVRE,Consumidor Livre,SUL,43.2,13.757529
,2024-01-05,41563,SPINTECH LIVRE,Consumidor Livre,SUL,43.2,6.263215
,2024-01-06,41563,SPINTECH LIVRE,Consumidor Livre,SUL,43.2,0.951555
,2024-01-07,41563,SPINTECH LIVRE,Consumidor Livre,SUL,43.2,0.361229
,2024-01-08,41563,SPINTECH LIVRE,Consumidor Livre,SUL,43.2,5.599118000000001
,2024-01-09,41563,SPINTECH LIVRE,Consumidor Livre,SUL,43.2,13.759343
,2024-01-10,41563,SPINTECH LIVRE,Consumidor Livre,SUL,43.2,13.438186
,2024-01-11,41563,SPINTECH LIVRE,Consumidor Livre,SUL,43.2,16.549177
,2024-01-12,41563,SPINTECH LIVRE,Consumidor Livre,SUL,43.2,11.059954
,2024-01-13,41563,SPINTECH LIVRE,Consumidor Livre,SUL,43.2,0.797722
,2024-01-14,41563,SPINTECH LIVRE,Consumidor Livre,SUL,43.2,0.383151
,2024-01-15,41563,SPINTECH LIVRE,Consumidor Livre,SUL,43.2,0.800669
,2024-01-16,41563,SPINTECH LIVRE,Consumidor Livre,SUL,43.2,7.248819
,2024-01-17,41563,SPINTECH LIVRE,Consumidor Livre,SUL,43.2,14.412913
,2024-01-18,41563,SPINTECH LIVRE,Consumidor Livre,SUL,43.2,12.658142
,2024-01-19,41563,SPINTECH LIVRE,Consumidor Livre,SUL,43.2,2.362464
,2024-01-20,41563,SPINTECH LIVRE,Consumidor Livre,SUL,43.2,0.654016
,2024-01-21,41563,SPINTECH LIVRE,Consumidor Livre,SUL,43.2,0.395244
,2024-01-22,41563,SPINTECH LIVRE,Consumidor Livre,SUL,43.2,3.417897
,2024-01-23,41563,SPINTECH LIVRE,Consumidor Livre,SUL,43.2,13.283503
,2024-01-24,41563,SPINTECH LIVRE,Consumidor Livre,SUL,43.2,1.946962
,2024-01-25,41563,SPINTECH LIVRE,Consumidor Livre,SUL,43.2,5.933812
,2024-01-26,41563,SPINTECH LIVRE,Consumidor Livre,SUL,43.2,13.932716999999998
,2024-01-27,41563,SPINTECH LIVRE,Consumidor Livre,SUL,43.2,1.299482
,2024-01-28,41563,SPINTECH LIVRE,Consumidor Livre,SUL,43.2,0.397492
,2024-01-29,41563,SPINTECH LIVRE,Consumidor Livre,SUL,43.2,11.159309
,2024-01-30,41563,SPINTECH LIVRE,Consumidor Livre,SUL,43.2,8.345216
,2024-01-31,41563,SPINTECH LIVRE,Consumidor Livre,SUL,43.2,1.611239
,2024-02-01,41563,SPINTECH LIVRE,Consumidor Livre,SUL,43.2,1.428862
,2024-02-02,41563,SPINTECH LIVRE,Consumidor Livre,SUL,43.2,1.172576
,2024-02-03,41563,SPINTECH LIVRE,Consumidor Livre,SUL,43.2,0.576967
,2024-02-04,41563,SPINTECH LIVRE,Consumidor Livre,SUL,43.2,0.370217
,2024-02-05,41563,SPINTECH LIVRE,Consumidor Livre,SUL,43.2,4.872212
,2024-02-06,41563,SPINTECH LIVRE,Consumidor Livre,SUL,43.2,8.888632
,2024-02-07,41563,SPINTECH LIVRE,Consumidor Livre,SUL,43.2,2.786037
,2024-02-08,41563,SPINTECH LIVRE,Consumidor Livre,SUL,43.2,7.707818
,2024-02-09,41563,SPINTECH LIVRE,Consumidor Livre,SUL,43.2,1.414416
,2024-02-10,41563,SPINTECH LIVRE,Consumidor Livre,SUL,43.2,0.3863459999999999
,2024-02-11,41563,SPINTECH LIVRE,Consumidor Livre,SUL,43.2,0.387686
,2024-02-12,41563,SPINTECH LIVRE,Consumidor Livre,SUL,43.2,0.609083
,2024-02-13,41563,SPINTECH LIVRE,Consumidor Livre,SUL,43.2,0.522848
,2024-02-14,41563,SPINTECH LIVRE,Consumidor Livre,SUL,43.2,0.967253
,2024-02-15,41563,SPINTECH LIVRE,Consumidor Livre,SUL,43.2,1.840663
,2024-02-16,41563,SPINTECH LIVRE,Consumidor Livre,SUL,43.2,5.679494
,2024-02-17,41563,SPINTECH LIVRE,Consumidor Livre,SUL,43.2,0.817468
,2024-02-18,41563,SPINTECH LIVRE,Consumidor Livre,SUL,43.2,0.460995
,2024-02-19,41563,SPINTECH LIVRE,Consumidor Livre,SUL,43.2,2.5300130000000003
,2024-02-20,41563,SPINTECH LIVRE,Consumidor Livre,SUL,43.2,5.700039
,2024-02-21,41563,SPINTECH LIVRE,Consumidor Livre,SUL,43.2,7.306732
,2024-02-22,41563,SPINTECH LIVRE,Consumidor Livre,SUL,43.2,10.347821
,2024-02-23,41563,SPINTECH LIVRE,Consumidor Livre,SUL,43.2,4.196201
,2024-02-24,41563,SPINTECH LIVRE,Consumidor Livre,SUL,43.2,0.510317
,2024-02-25,41563,SPINTECH LIVRE,Consumidor Livre,SUL,43.2,0.3713869999999999
,2024-02-26,41563,SPINTECH LIVRE,Consumidor Livre,SUL,43.2,1.936984
,2024-02-27,41563,SPINTECH LIVRE,Consumidor Livre,SUL,43.2,6.491939
,2024-02-28,41563,SPINTECH LIVRE,Consumidor Livre,SUL,43.2,5.292304
,2024-02-29,41563,SPINTECH LIVRE,Consumidor Livre,SUL,43.2,3.477054
202403.0,2024-03-01,41563,SPINTECH LIVRE,Consumidor Livre,SUL,43.2,4.181725
202403.0,2024-03-02,41563,SPINTECH LIVRE,Consumidor Livre,SUL,43.2,0.374081
202403.0,2024-03-03,41563,SPINTECH LIVRE,Consumidor Livre,SUL,43.2,0.359824
202403.0,2024-03-04,41563,SPINTECH LIVRE,Consumidor Livre,SUL,43.2,1.899044
202403.0,2024-03-05,41563,SPINTECH LIVRE,Consumidor Livre,SUL,43.2,1.040314
202403.0,2024-03-06,41563,SPINTECH LIVRE,Consumidor Livre,SUL,43.2,0.897212
202403.0,2024-03-07,41563,SPINTECH LIVRE,Consumidor Livre,SUL,43.2,0.988744
202403.0,2024-03-08,41563,SPINTECH LIVRE,Consumidor Livre,SUL,43.2,0.846888
202403.0,2024-03-09,41563,SPINTECH LIVRE,Consumidor Livre,SUL,43.2,0.439364
202403.0,2024-03-10,41563,SPINTECH LIVRE,Consumidor Livre,SUL,43.2,0.445562
202403.0,2024-03-11,41563,SPINTECH LIVRE,Consumidor Livre,SUL,43.2,0.964189
202403.0,2024-03-12,41563,SPINTECH LIVRE,Consumidor Livre,SUL,43.2,0.823539
202403.0,2024-03-13,41563,SPINTECH LIVRE,Consumidor Livre,SUL,43.2,0.8367330000000001
202403.0,2024-03-14,41563,SPINTECH LIVRE,Consumidor Livre,SUL,43.2,0.289543
202403.0,2024-03-15,41563,SPINTECH LIVRE,Consumidor Livre,SUL,43.2,0.626873
202403.0,2024-03-16,41563,SPINTECH LIVRE,Consumidor Livre,SUL,43.2,0.227314
202403.0,2024-03-17,41563,SPINTECH LIVRE,Consumidor Livre,SUL,43.2,0.226397
202403.0,2024-03-18,41563,SPINTECH LIVRE,Consumidor Livre,SUL,43.2,0.495418
202403.0,2024-03-19,41563,SPINTECH LIVRE,Consumidor Livre,SUL,43.2,0.489091
202403.0,2024-03-20,41563,SPINTECH LIVRE,Consumidor Livre,SUL,43.2,0.228652
202403.0,2024-03-21,41563,SPINTECH LIVRE,Consumidor Livre,SUL,43.2,0.520591
202403.0,2024-03-22,41563,SPINTECH LIVRE,Consumidor Livre,SUL,43.2,0.258439
202403.0,2024-03-23,41563,SPINTECH LIVRE,Consumidor Livre,SUL,43.2,0.221974
202403.0,2024-03-24,41563,SPINTECH LIVRE,Consumidor Livre,SUL,43.2,0.21777
202403.0,2024-03-25,41563,SPINTECH LIVRE,Consumidor Livre,SUL,43.2,0.450817
202403.0,2024-03-26,41563,SPINTECH LIVRE,Consumidor Livre,SUL,43.2,0.338039
202403.0,2024-03-27,41563,SPINTECH LIVRE,Consumidor Livre,SUL,43.2,0.417522
202403.0,2024-03-28,41563,SPINTECH LIVRE,Consumidor Livre,SUL,43.2,0.234755
202403.0,2024-03-29,41563,SPINTECH LIVRE,Consumidor Livre,SUL,43.2,0.23188
202403.0,2024-03-30,41563,SPINTECH LIVRE,Consumidor Livre,SUL,43.2,0.221107
202403.0,2024-03-31,41563,SPINTECH LIVRE,Consumidor Livre,SUL,43.2,0.22108
202404.0,2024-04-01,41563,SPINTECH LIVRE,Consumidor Livre,SUL,43.2,0.240157
202404.0,2024-04-02,41563,SPINTECH LIVRE,Consumidor Livre,SUL,43.2,0.255058
202404.0,2024-04-03,41563,SPINTECH LIVRE,Consumidor Livre,SUL,43.2,0.233456
202404.0,2024-04-04,41563,SPINTECH LIVRE,Consumidor Livre,SUL,43.2,0.280308
202404.0,2024-04-05,41563,SPINTECH LIVRE,Consumidor Livre,SUL,43.2,0.23977
202404.0,2024-04-06,41563,SPINTECH LIVRE,Consumidor Livre,SUL,43.2,0.221531
202404.0,2024-04-07,41563,SPINTECH LIVRE,Consumidor Livre,SUL,43.2,0.222422
202404.0,2024-04-08,41563,SPINTECH LIVRE,Consumidor Livre,SUL,43.2,0.248411
202404.0,2024-04-09,41563,SPINTECH LIVRE,Consumidor Livre,SUL,43.2,0.231851
202404.0,2024-04-10,41563,SPINTECH LIVRE,Consumidor Livre,SUL,43.2,0.25662
202404.0,2024-04-11,41563,SPINTECH LIVRE,Consumidor Livre,SUL,43.2,0.271072
202404.0,2024-04-12,41563,SPINTECH LIVRE,Consumidor Livre,SUL,43.2,0.262883
202404.0,2024-04-13,41563,SPINTECH LIVRE,Consumidor Livre,SUL,43.2,0.236352
202404.0,2024-04-14,41563,SPINTECH LIVRE,Consumidor Livre,SUL,43.2,0.227635
202404.0,2024-04-15,41563,SPINTECH LIVRE,Consumidor Livre,SUL,43.2,0.269893
202404.0,2024-04-16,41563,SPINTECH LIVRE,Consumidor Livre,SUL,43.2,0.250451
202404.0,2024-04-17,41563,SPINTECH LIVRE,Consumidor Livre,SUL,43.2,0.254064
202404.0,2024-04-18,41563,SPINTECH LIVRE,Consumidor Livre,SUL,43.2,0.255851
202404.0,2024-04-19,41563,SPINTECH LIVRE,Consumidor Livre,SUL,43.2,0.231648
202404.0,2024-04-20,41563,SPINTECH LIVRE,Consumidor Livre,SUL,43.2,0.198144
202404.0,2024-04-21,41563,SPINTECH LIVRE,Consumidor Livre,SUL,43.2,0.200456
202404.0,2024-04-22,41563,SPINTECH LIVRE,Consumidor Livre,SUL,43.2,0.240287
202404.0,2024-04-23,41563,SPINTECH LIVRE,Consumidor Livre,SUL,43.2,0.210236
202404.0,2024-04-24,41563,SPINTECH LIVRE,Consumidor Livre,SUL,43.2,0.210283
202404.0,2024-04-25,41563,SPINTECH LIVRE,Consumidor Livre,SUL,43.2,0.249216
202404.0,2024-04-26,41563,SPINTECH LIVRE,Consumidor Livre,SUL,43.2,0.208461
202404.0,2024-04-27,41563,SPINTECH LIVRE,Consumidor Livre,SUL,43.2,0.20934
202404.0,2024-04-28,41563,SPINTECH LIVRE,Consumidor Livre,SUL,43.2,0.197771
202404.0,2024-04-29,41563,SPINTECH LIVRE,Consumidor Livre,SUL,43.2,0.242568
202404.0,2024-04-30,41563,SPINTECH LIVRE,Consumidor Livre,SUL,43.2,0.219652
202405.0,2024-05-01,41563,SPINTECH LIVRE,Consumidor Livre,SUL,43.2,0.222045
202405.0,2024-05-02,41563,SPINTECH LIVRE,Consumidor Livre,SUL,43.2,0.213989
202405.0,2024-05-03,41563,SPINTECH LIVRE,Consumidor Livre,SUL,43.2,0.216462
202405.0,2024-05-04,41563,SPINTECH LIVRE,Consumidor Livre,SUL,43.2,0.213007
202405.0,2024-05-05,41563,SPINTECH LIVRE,Consumidor Livre,SUL,43.2,0.212494
202405.0,2024-05-06,41563,SPINTECH LIVRE,Consumidor Livre,SUL,43.2,0.211343
202405.0,2024-05-07,41563,SPINTECH LIVRE,Consumidor Livre,SUL,43.2,0.204328
202405.0,2024-05-08,41563,SPINTECH LIVRE,Consumidor Livre,SUL,43.2,0.210628
202405.0,2024-05-09,41563,SPINTECH LIVRE,Consumidor Livre,SUL,43.2,0.205053
202405.0,2024-05-10,41563,SPINTECH LIVRE,Consumidor Livre,SUL,43.2,0.225451
202405.0,2024-05-11,41563,SPINTECH LIVRE,Consumidor Livre,SUL,43.2,0.200663
202405.0,2024-05-12,41563,SPINTECH LIVRE,Consumidor Livre,SUL,43.2,0.204745
202405.0,2024-05-13,41563,SPINTECH LIVRE,Consumidor Livre,SUL,43.2,0.218852
202405.0,2024-05-14,41563,SPINTECH LIVRE,Consumidor Livre,SUL,43.2,0.21112
202405.0,2024-05-15,41563,SPINTECH LIVRE,Consumidor Livre,SUL,43.2,0.218093
202405.0,2024-05-16,41563,SPINTECH LIVRE,Consumidor Livre,SUL,43.2,0.210036
202405.0,2024-05-17,41563,SPINTECH LIVRE,Consumidor Livre,SUL,43.2,0.210449
202405.0,2024-05-18,41563,SPINTECH LIVRE,Consumidor Livre,SUL,43.2,0.202024
202405.0,2024-05-19,41563,SPINTECH LIVRE,Consumidor Livre,SUL,43.2,0.202995
202405.0,2024-05-20,41563,SPINTECH LIVRE,Consumidor Livre,SUL,43.2,0.207345
202405.0,2024-05-21,41563,SPINTECH LIVRE,Consumidor Livre,SUL,43.2,0.204753
202405.0,2024-05-22,41563,SPINTECH LIVRE,Consumidor Livre,SUL,43.2,0.208557
202405.0,2024-05-23,41563,SPINTECH LIVRE,Consumidor Livre,SUL,43.2,0.219729
202405.0,2024-05-24,41563,SPINTECH LIVRE,Consumidor Livre,SUL,43.2,0.213761
202405.0,2024-05-25,41563,SPINTECH LIVRE,Consumidor Livre,SUL,43.2,0.198449
202405.0,2024-05-26,41563,SPINTECH LIVRE,Consumidor Livre,SUL,43.2,0.203913
202405.0,2024-05-27,41563,SPINTECH LIVRE,Consumidor Livre,SUL,43.2,0.214055
202405.0,2024-05-28,41563,SPINTECH LIVRE,Consumidor Livre,SUL,43.2,0.213351
202405.0,2024-05-29,41563,SPINTECH LIVRE,Consumidor Livre,SUL,43.2,0.22061
202405.0,2024-05-30,41563,SPINTECH LIVRE,Consumidor Livre,SUL,43.2,0.21056
202405.0,2024-05-31,41563,SPINTECH LIVRE,Consumidor Livre,SUL,43.2,0.236875
202406.0,2024-06-01,41563,SPINTECH LIVRE,Consumidor Livre,SUL,43.2,0.199237
202406.0,2024-06-02,41563,SPINTECH LIVRE,Consumidor Livre,SUL,43.2,0.202203
202406.0,2024-06-03,41563,SPINTECH LIVRE,Consumidor Livre,SUL,43.2,0.20906
202406.0,2024-06-04,41563,SPINTECH LIVRE,Consumidor Livre,SUL,43.2,0.209449
202406.0,2024-06-05,41563,SPINTECH LIVRE,Consumidor Livre,SUL,43.2,0.202042
202406.0,2024-06-06,41563,SPINTECH LIVRE,Consumidor Livre,SUL,43.2,0.208402
202406.0,2024-06-07,41563,SPINTECH LIVRE,Consumidor Livre,SUL,43.2,0.244453
202406.0,2024-06-08,41563,SPINTECH LIVRE,Consumidor Livre,SUL,43.2,0.194539
202406.0,2024-06-09,41563,SPINTECH LIVRE,Consumidor Livre,SUL,43.2,0.202086
202406.0,2024-06-10,41563,SPINTECH LIVRE,Consumidor Livre,SUL,43.2,0.25504
202406.0,2024-06-11,41563,SPINTECH LIVRE,Consumidor Livre,SUL,43.2,0.200248
202406.0,2024-06-12,41563,SPINTECH LIVRE,Consumidor Livre,SUL,43.2,0.200683
202406.0,2024-06-13,41563,SPINTECH LIVRE,Consumidor Livre,SUL,43.2,0.199784
202406.0,2024-06-14,41563,SPINTECH LIVRE,Consumidor Livre,SUL,43.2,0.24762
202406.0,2024-06-15,41563,SPINTECH LIVRE,Consumidor Livre,SUL,43.2,0.206463
202406.0,2024-06-16,41563,SPINTECH LIVRE,Consumidor Livre,SUL,43.2,0.204644
202406.0,2024-06-17,41563,SPINTECH LIVRE,Consumidor Livre,SUL,43.2,0.228596
202406.0,2024-06-18,41563,SPINTECH LIVRE,Consumidor Livre,SUL,43.2,0.244506
202406.0,2024-06-19,41563,SPINTECH LIVRE,Consumidor Livre,SUL,43.2,0.213508
202406.0,2024-06-20,41563,SPINTECH LIVRE,Consumidor Livre,SUL,43.2,0.216169
202406.0,2024-06-21,41563,SPINTECH LIVRE,Consumidor Livre,SUL,43.2,0.216727
202406.0,2024-06-22,41563,SPINTECH LIVRE,Consumidor Livre,SUL,43.2,0.213665
202406.0,2024-06-23,41563,SPINTECH LIVRE,Consumidor Livre,SUL,43.2,0.210179
202406.0,2024-06-24,41563,SPINTECH LIVRE,Consumidor Livre,SUL,43.2,0.254119
202406.0,2024-06-25,41563,SPINTECH LIVRE,Consumidor Livre,SUL,43.2,0.214722
202406.0,2024-06-26,41563,SPINTECH LIVRE,Consumidor Livre,SUL,43.2,0.214711
202406.0,2024-06-27,41563,SPINTECH LIVRE,Consumidor Livre,SUL,43.2,0.206618
202406.0,2024-06-28,41563,SPINTECH LIVRE,Consumidor Livre,SUL,43.2,0.211499
202406.0,2024-06-29,41563,SPINTECH LIVRE,Consumidor Livre,SUL,43.2,0.205777
202406.0,2024-06-30,41563,SPINTECH LIVRE,Consumidor Livre,SUL,43.2,0.232116
202407.0,2024-07-01,41563,SPINTECH LIVRE,Consumidor Livre,SUL,43.2,0.206195
202407.0,2024-07-02,41563,SPINTECH LIVRE,Consumidor Livre,SUL,43.2,0.213278
202407.0,2024-07-03,41563,SPINTECH LIVRE,Consumidor Livre,SUL,43.2,0.20531
202407.0,2024-07-04,41563,SPINTECH LIVRE,Consumidor Livre,SUL,43.2,0.215246
202407.0,2024-07-05,41563,SPINTECH LIVRE,Consumidor Livre,SUL,43.2,0.206585
202407.0,2024-07-06,41563,SPINTECH LIVRE,Consumidor Livre,SUL,43.2,0.226833
202407.0,2024-07-07,41563,SPINTECH LIVRE,Consumidor Livre,SUL,43.2,0.205502
202407.0,2024-07-08,41563,SPINTECH LIVRE,Consumidor Livre,SUL,43.2,0.234011
202407.0,2024-07-09,41563,SPINTECH LIVRE,Consumidor Livre,SUL,43.2,0.208284
202407.0,2024-07-10,41563,SPINTECH LIVRE,Consumidor Livre,SUL,43.2,0.222289
202407.0,2024-07-11,41563,SPINTECH LIVRE,Consumidor Livre,SUL,43.2,0.240832
202407.0,2024-07-12,41563,SPINTECH LIVRE,Consumidor Livre,SUL,43.2,0.253423
202407.0,2024-07-13,41563,SPINTECH LIVRE,Consumidor Livre,SUL,43.2,0.208685
202407.0,2024-07-14,41563,SPINTECH LIVRE,Consumidor Livre,SUL,43.2,0.224611
202407.0,2024-07-15,41563,SPINTECH LIVRE,Consumidor Livre,SUL,43.2,0.210253
202407.0,2024-07-16,41563,SPINTECH LIVRE,Consumidor Livre,SUL,43.2,0.220993
202407.0,2024-07-17,41563,SPINTECH LIVRE,Consumidor Livre,SUL,43.2,0.223466
202407.0,2024-07-18,41563,SPINTECH LIVRE,Consumidor Livre,SUL,43.2,0.240612
202407.0,2024-07-19,41563,SPINTECH LIVRE,Consumidor Livre,SUL,43.2,0.211066
202407.0,2024-07-20,41563,SPINTECH LIVRE,Consumidor Livre,SUL,43.2,0.209103
202407.0,2024-07-21,41563,SPINTECH LIVRE,Consumidor Livre,SUL,43.2,0.203037
202407.0,2024-07-22,41563,SPINTECH LIVRE,Consumidor Livre,SUL,43.2,0.23821
202407.0,2024-07-23,41563,SPINTECH LIVRE,Consumidor Livre,SUL,43.2,0.2261719999999999
202407.0,2024-07-24,41563,SPINTECH LIVRE,Consumidor Livre,SUL,43.2,0.21599
202407.0,2024-07-25,41563,SPINTECH LIVRE,Consumidor Livre,SUL,43.2,0.230893
202407.0,2024-07-26,41563,SPINTECH LIVRE,Consumidor Livre,SUL,43.2,0.223543
202407.0,2024-07-27,41563,SPINTECH LIVRE,Consumidor Livre,SUL,43.2,0.214162
202407.0,2024-07-28,41563,SPINTECH LIVRE,Consumidor Livre,SUL,43.2,0.2029719999999999
202407.0,2024-07-29,41563,SPINTECH LIVRE,Consumidor Livre,SUL,43.2,0.211089
202407.0,2024-07-30,41563,SPINTECH LIVRE,Consumidor Livre,SUL,43.2,0.209539
202407.0,2024-07-31,41563,SPINTECH LIVRE,Consumidor Livre,SUL,43.2,0.201221
202408.0,2024-08-01,41563,SPINTECH LIVRE,Consumidor Livre,SUL,43.2,0.206822
202408.0,2024-08-02,41563,SPINTECH LIVRE,Consumidor Livre,SUL,43.2,0.206277
202408.0,2024-08-03,41563,SPINTECH LIVRE,Consumidor Livre,SUL,43.2,0.195116
202408.0,2024-08-04,41563,SPINTECH LIVRE,Consumidor Livre,SUL,43.2,0.201072
202408.0,2024-08-05,41563,SPINTECH LIVRE,Consumidor Livre,SUL,43.2,0.211542
202408.0,2024-08-06,41563,SPINTECH LIVRE,Consumidor Livre,SUL,43.2,0.202937
202408.0,2024-08-07,41563,SPINTECH LIVRE,Consumidor Livre,SUL,43.2,0.208559
202408.0,2024-08-08,41563,SPINTECH LIVRE,Consumidor Livre,SUL,43.2,0.211155
202408.0,2024-08-09,41563,SPINTECH LIVRE,Consumidor Livre,SUL,43.2,0.207462
202408.0,2024-08-10,41563,SPINTECH LIVRE,Consumidor Livre,SUL,43.2,0.189164
202408.0,2024-08-11,41563,SPINTECH LIVRE,Consumidor Livre,SUL,43.2,0.194854
202408.0,2024-08-12,41563,SPINTECH LIVRE,Consumidor Livre,SUL,43.2,0.218662
202408.0,2024-08-13,41563,SPINTECH LIVRE,Consumidor Livre,SUL,43.2,0.244357
202408.0,2024-08-14,41563,SPINTECH LIVRE,Consumidor Livre,SUL,43.2,0.204345
202408.0,2024-08-15,41563,SPINTECH LIVRE,Consumidor Livre,SUL,43.2,0.206384
202408.0,2024-08-16,41563,SPINTECH LIVRE,Consumidor Livre,SUL,43.2,0.203596
202408.0,2024-08-17,41563,SPINTECH LIVRE,Consumidor Livre,SUL,43.2,0.196204
202408.0,2024-08-18,41563,SPINTECH LIVRE,Consumidor Livre,SUL,43.2,0.199199
202408.0,2024-08-19,41563,SPINTECH LIVRE,Consumidor Livre,SUL,43.2,0.202477
202408.0,2024-08-20,41563,SPINTECH LIVRE,Consumidor Livre,SUL,43.2,0.206367
202408.0,2024-08-21,41563,SPINTECH LIVRE,Consumidor Livre,SUL,43.2,0.223751
202408.0,2024-08-22,41563,SPINTECH LIVRE,Consumidor Livre,SUL,43.2,0.198036
202408.0,2024-08-23,41563,SPINTECH LIVRE,Consumidor Livre,SUL,43.2,0.209429
202408.0,2024-08-24,41563,SPINTECH LIVRE,Consumidor Livre,SUL,43.2,0.202164
202408.0,2024-08-25,41563,SPINTECH LIVRE,Consumidor Livre,SUL,43.2,0.199087
202408.0,2024-08-26,41563,SPINTECH LIVRE,Consumidor Livre,SUL,43.2,0.2042759999999999
202408.0,2024-08-27,41563,SPINTECH LIVRE,Consumidor Livre,SUL,43.2,0.223081
202408.0,2024-08-28,41563,SPINTECH LIVRE,Consumidor Livre,SUL,43.2,0.205656
202408.0,2024-08-29,41563,SPINTECH LIVRE,Consumidor Livre,SUL,43.2,0.209215
202408.0,2024-08-30,41563,SPINTECH LIVRE,Consumidor Livre,SUL,43.2,0.207022
202408.0,2024-08-31,41563,SPINTECH LIVRE,Consumidor Livre,SUL,43.2,0.2048
202409.0,2024-09-01,41563,SPINTECH LIVRE,Consumidor Livre,SUL,43.2,0.205542
202409.0,2024-09-02,41563,SPINTECH LIVRE,Consumidor Livre,SUL,43.2,0.213507
202409.0,2024-09-03,41563,SPINTECH LIVRE,Consumidor Livre,SUL,43.2,0.206132
202409.0,2024-09-04,41563,SPINTECH LIVRE,Consumidor Livre,SUL,43.2,0.210275
202409.0,2024-09-05,41563,SPINTECH LIVRE,Consumidor Livre,SUL,43.2,0.197991
202409.0,2024-09-06,41563,SPINTECH LIVRE,Consumidor Livre,SUL,43.2,0.204828
202409.0,2024-09-07,41563,SPINTECH LIVRE,Consumidor Livre,SUL,43.2,0.202683
202409.0,2024-09-08,41563,SPINTECH LIVRE,Consumidor Livre,SUL,43.2,0.211335
202409.0,2024-09-09,41563,SPINTECH LIVRE,Consumidor Livre,SUL,43.2,0.207867
202409.0,2024-09-10,41563,SPINTECH LIVRE,Consumidor Livre,SUL,43.2,0.183378
202409.0,2024-09-11,41563,SPINTECH LIVRE,Consumidor Livre,SUL,43.2,0.198547
202409.0,2024-09-12,41563,SPINTECH LIVRE,Consumidor Livre,SUL,43.2,0.211999
202409.0,2024-09-13,41563,SPINTECH LIVRE,Consumidor Livre,SUL,43.2,0.185362
202409.0,2024-09-14,41563,SPINTECH LIVRE,Consumidor Livre,SUL,43.2,0.205091
202409.0,2024-09-15,41563,SPINTECH LIVRE,Consumidor Livre,SUL,43.2,0.201131
202409.0,2024-09-16,41563,SPINTECH LIVRE,Consumidor Livre,SUL,43.2,0.21564
202409.0,2024-09-17,41563,SPINTECH LIVRE,Consumidor Livre,SUL,43.2,0.207313
202409.0,2024-09-18,41563,SPINTECH LIVRE,Consumidor Livre,SUL,43.2,0.2134599999999999
202409.0,2024-09-19,41563,SPINTECH LIVRE,Consumidor Livre,SUL,43.2,0.202277
202409.0,2024-09-20,41563,SPINTECH LIVRE,Consumidor Livre,SUL,43.2,0.211469
202409.0,2024-09-21,41563,SPINTECH LIVRE,Consumidor Livre,SUL,43.2,0.204376
202409.0,2024-09-22,41563,SPINTECH LIVRE,Consumidor Livre,SUL,43.2,0.213319
202409.0,2024-09-23,41563,SPINTECH LIVRE,Consumidor Livre,SUL,43.2,0.207696
202409.0,2024-09-24,41563,SPINTECH LIVRE,Consumidor Livre,SUL,43.2,0.20478
202409.0,2024-09-25,41563,SPINTECH LIVRE,Consumidor Livre,SUL,43.2,0.201132
202409.0,2024-09-26,41563,SPINTECH LIVRE,Consumidor Livre,SUL,43.2,0.205709
202409.0,2024-09-27,41563,SPINTECH LIVRE,Consumidor Livre,SUL,43.2,0.200756
202409.0,2024-09-28,41563,SPINTECH LIVRE,Consumidor Livre,SUL,43.2,0.19608
202409.0,2024-09-29,41563,SPINTECH LIVRE,Consumidor Livre,SUL,43.2,0.192264
202409.0,2024-09-30,41563,SPINTECH LIVRE,Consumidor Livre,SUL,43.2,0.242975
202410.0,2024-10-01,41563,SPINTECH LIVRE,Consumidor Livre,SUL,43.2,0.201651
202410.0,2024-10-02,41563,SPINTECH LIVRE,Consumidor Livre,SUL,43.2,0.207924
202410.0,2024-10-03,41563,SPINTECH LIVRE,Consumidor Livre,SUL,43.2,0.189576
202410.0,2024-10-04,41563,SPINTECH LIVRE,Consumidor Livre,SUL,43.2,0.225259
202410.0,2024-10-05,41563,SPINTECH LIVRE,Consumidor Livre,SUL,43.2,0.1974489999999999
202410.0,2024-10-06,41563,SPINTECH LIVRE,Consumidor Livre,SUL,43.2,0.199799
202410.0,2024-10-07,41563,SPINTECH LIVRE,Consumidor Livre,SUL,43.2,0.216216
202410.0,2024-10-08,41563,SPINTECH LIVRE,Consumidor Livre,SUL,43.2,0.19432
202410.0,2024-10-09,41563,SPINTECH LIVRE,Consumidor Livre,SUL,43.2,0.198794
202410.0,2024-10-10,41563,SPINTECH LIVRE,Consumidor Livre,SUL,43.2,0.218502
202410.0,2024-10-11,41563,SPINTECH LIVRE,Consumidor Livre,SUL,43.2,0.202418
202410.0,2024-10-12,41563,SPINTECH LIVRE,Consumidor Livre,SUL,43.2,0.204405
202410.0,2024-10-13,41563,SPINTECH LIVRE,Consumidor Livre,SUL,43.2,0.204892
202410.0,2024-10-14,41563,SPINTECH LIVRE,Consumidor Livre,SUL,43.2,0.205196
202410.0,2024-10-15,41563,SPINTECH LIVRE,Consumidor Livre,SUL,43.2,0.211264
202410.0,2024-10-16,41563,SPINTECH LIVRE,Consumidor Livre,SUL,43.2,0.201888
202410.0,2024-10-17,41563,SPINTECH LIVRE,Consumidor Livre,SUL,43.2,0.202569
202410.0,2024-10-18,41563,SPINTECH LIVRE,Consumidor Livre,SUL,43.2,0.20464
202410.0,2024-10-19,41563,SPINTECH LIVRE,Consumidor Livre,SUL,43.2,0.200437
202410.0,2024-10-20,41563,SPINTECH LIVRE,Consumidor Livre,SUL,43.2,0.205004
202410.0,2024-10-21,41563,SPINTECH LIVRE,Consumidor Livre,SUL,43.2,0.2069679999999999
202410.0,2024-10-22,41563,SPINTECH LIVRE,Consumidor Livre,SUL,43.2,0.20229
202410.0,2024-10-23,41563,SPINTECH LIVRE,Consumidor Livre,SUL,43.2,0.212212
202410.0,2024-10-24,41563,SPINTECH LIVRE,Consumidor Livre,SUL,43.2,0.19757
202410.0,2024-10-25,41563,SPINTECH LIVRE,Consumidor Livre,SUL,43.2,0.207082
202410.0,2024-10-26,41563,SPINTECH LIVRE,Consumidor Livre,SUL,43.2,0.19702
202410.0,2024-10-27,41563,SPINTECH LIVRE,Consumidor Livre,SUL,43.2,0.20177
202410.0,2024-10-28,41563,SPINTECH LIVRE,Consumidor Livre,SUL,43.2,0.232618
202410.0,2024-10-29,41563,SPINTECH LIVRE,Consumidor Livre,SUL,43.2,0.217082
202410.0,2024-10-30,41563,SPINTECH LIVRE,Consumidor Livre,SUL,43.2,0.221635
202410.0,2024-10-31,41563,SPINTECH LIVRE,Consumidor Livre,SUL,43.2,0.224414
202411.0,2024-11-01,41563,SPINTECH LIVRE,Consumidor Livre,SUL,43.2,0.222656
202411.0,2024-11-02,41563,SPINTECH LIVRE,Consumidor Livre,SUL,43.2,0.207653
202411.0,2024-11-03,41563,SPINTECH LIVRE,Consumidor Livre,SUL,43.2,0.200768
202411.0,2024-11-04,41563,SPINTECH LIVRE,Consumidor Livre,SUL,43.2,0.209314
202411.0,2024-11-05,41563,SPINTECH LIVRE,Consumidor Livre,SUL,43.2,0.215756
202411.0,2024-11-06,41563,SPINTECH LIVRE,Consumidor Livre,SUL,43.2,0.216134
202411.0,2024-11-07,41563,SPINTECH LIVRE,Consumidor Livre,SUL,43.2,0.224575
202411.0,2024-11-08,41563,SPINTECH LIVRE,Consumidor Livre,SUL,43.2,0.219607
202411.0,2024-11-09,41563,SPINTECH LIVRE,Consumidor Livre,SUL,43.2,0.220758
202411.0,2024-11-10,41563,SPINTECH LIVRE,Consumidor Livre,SUL,43.2,0.219667
202411.0,2024-11-11,41563,SPINTECH LIVRE,Consumidor Livre,SUL,43.2,0.223049
202411.0,2024-11-12,41563,SPINTECH LIVRE,Consumidor Livre,SUL,43.2,0.225416
202411.0,2024-11-13,41563,SPINTECH LIVRE,Consumidor Livre,SUL,43.2,0.21528
202411.0,2024-11-14,41563,SPINTECH LIVRE,Consumidor Livre,SUL,43.2,0.212885
202411.0,2024-11-15,41563,SPINTECH LIVRE,Consumidor Livre,SUL,43.2,0.211365
202411.0,2024-11-16,41563,SPINTECH LIVRE,Consumidor Livre,SUL,43.2,0.217554
202411.0,2024-11-17,41563,SPINTECH LIVRE,Consumidor Livre,SUL,43.2,0.211894
202411.0,2024-11-18,41563,SPINTECH LIVRE,Consumidor Livre,SUL,43.2,0.21489
202411.0,2024-11-19,41563,SPINTECH LIVRE,Consumidor Livre,SUL,43.2,0.213912
202411.0,2024-11-20,41563,SPINTECH LIVRE,Consumidor Livre,SUL,43.2,0.214983
202411.0,2024-11-21,41563,SPINTECH LIVRE,Consumidor Livre,SUL,43.2,0.218904
202411.0,2024-11-22,41563,SPINTECH LIVRE,Consumidor Livre,SUL,43.2,0.216941
202411.0,2024-11-23,41563,SPINTECH LIVRE,Consumidor Livre,SUL,43.2,0.21522
202411.0,2024-11-24,41563,SPINTECH LIVRE,Consumidor Livre,SUL,43.2,0.214868
202411.0,2024-11-25,41563,SPINTECH LIVRE,Consumidor Livre,SUL,43.2,0.21879
202411.0,2024-11-26,41563,SPINTECH LIVRE,Consumidor Livre,SUL,43.2,0.224757
202411.0,2024-11-27,41563,SPINTECH LIVRE,Consumidor Livre,SUL,43.2,0.218741
202411.0,2024-11-28,41563,SPINTECH LIVRE,Consumidor Livre,SUL,43.2,0.223766
202411.0,2024-11-29,41563,SPINTECH LIVRE,Consumidor Livre,SUL,43.2,0.22111
202411.0,2024-11-30,41563,SPINTECH LIVRE,Consumidor Livre,SUL,43.2,0.217228
202412.0,2024-12-01,41563,SPINTECH LIVRE,Consumidor Livre,SUL,43.2,0.219155
202412.0,2024-12-02,41563,SPINTECH LIVRE,Consumidor Livre,SUL,43.2,0.226048
202412.0,2024-12-03,41563,SPINTECH LIVRE,Consumidor Livre,SUL,43.2,0.218269
202412.0,2024-12-04,41563,SPINTECH LIVRE,Consumidor Livre,SUL,43.2,0.218285
202412.0,2024-12-05,41563,SPINTECH LIVRE,Consumidor Livre,SUL,43.2,0.216432
202412.0,2024-12-06,41563,SPINTECH LIVRE,Consumidor Livre,SUL,43.2,0.227658
202412.0,2024-12-07,41563,SPINTECH LIVRE,Consumidor Livre,SUL,43.2,0.232259
202412.0,2024-12-08,41563,SPINTECH LIVRE,Consumidor Livre,SUL,43.2,0.224124
202412.0,2024-12-09,41563,SPINTECH LIVRE,Consumidor Livre,SUL,43.2,0.224733
202412.0,2024-12-10,41563,SPINTECH LIVRE,Consumidor Livre,SUL,43.2,0.226029
202412.0,2024-12-11,41563,SPINTECH LIVRE,Consumidor Livre,SUL,43.2,0.22614
202412.0,2024-12-12,41563,SPINTECH LIVRE,Consumidor Livre,SUL,43.2,0.225604
202412.0,2024-12-13,41563,SPINTECH LIVRE,Consumidor Livre,SUL,43.2,0.225463
202412.0,2024-12-14,41563,SPINTECH LIVRE,Consumidor Livre,SUL,43.2,0.225775
202412.0,2024-12-15,41563,SPINTECH LIVRE,Consumidor Livre,SUL,43.2,0.226104
202412.0,2024-12-16,41563,SPINTECH LIVRE,Consumidor Livre,SUL,43.2,0.228201
202412.0,2024-12-17,41563,SPINTECH LIVRE,Consumidor Livre,SUL,43.2,0.24447
202412.0,2024-12-18,41563,SPINTECH LIVRE,Consumidor Livre,SUL,43.2,0.219736
202412.0,2024-12-19,41563,SPINTECH LIVRE,Consumidor Livre,SUL,43.2,0.22464
202412.0,2024-12-20,41563,SPINTECH LIVRE,Consumidor Livre,SUL,43.2,0.224837
202412.0,2024-12-21,41563,SPINTECH LIVRE,Consumidor Livre,SUL,43.2,0.226408
202412.0,2024-12-22,41563,SPINTECH LIVRE,Consumidor Livre,SUL,43.2,0.223443
202412.0,2024-12-23,41563,SPINTECH LIVRE,Consumidor Livre,SUL,43.2,0.228649
202412.0,2024-12-24,41563,SPINTECH LIVRE,Consumidor Livre,SUL,43.2,0.225389
202412.0,2024-12-25,41563,SPINTECH LIVRE,Consumidor Livre,SUL,43.2,0.225245
202412.0,2024-12-26,41563,SPINTECH LIVRE,Consumidor Livre,SUL,43.2,0.229893
202412.0,2024-12-27,41563,SPINTECH LIVRE,Consumidor Livre,SUL,43.2,0.234137
202412.0,2024-12-28,41563,SPINTECH LIVRE,Consumidor Livre,SUL,43.2,0.225259
202412.0,2024-12-29,41563,SPINTECH LIVRE,Consumidor Livre,SUL,43.2,0.223404
202412.0,2024-12-30,41563,SPINTECH LIVRE,Consumidor Livre,SUL,43.2,0.253586
202412.0,2024-12-31,41563,SPINTECH LIVRE,Consumidor Livre,SUL,43.2,0.2258399999999999
202501.0,2025-01-01,41563,SPINTECH LIVRE,Consumidor Livre,SUL,43.2,0.228275
202501.0,2025-01-02,41563,SPINTECH LIVRE,Consumidor Livre,SUL,43.2,0.249136
202501.0,2025-01-03,41563,SPINTECH LIVRE,Consumidor Livre,SUL,43.2,0.248469
202501.0,2025-01-04,41563,SPINTECH LIVRE,Consumidor Livre,SUL,43.2,0.225361
202501.0,2025-01-05,41563,SPINTECH LIVRE,Consumidor Livre,SUL,43.2,0.222853
202501.0,2025-01-06,41563,SPINTECH LIVRE,Consumidor Livre,SUL,43.2,0.222747
202501.0,2025-01-07,41563,SPINTECH LIVRE,Consumidor Livre,SUL,43.2,0.250208
202501.0,2025-01-08,41563,SPINTECH LIVRE,Consumidor Livre,SUL,43.2,0.226224
202501.0,2025-01-09,41563,SPINTECH LIVRE,Consumidor Livre,SUL,43.2,0.222204
202501.0,2025-01-10,41563,SPINTECH LIVRE,Consumidor Livre,SUL,43.2,0.223979
202501.0,2025-01-11,41563,SPINTECH LIVRE,Consumidor Livre,SUL,43.2,0.23143
202501.0,2025-01-12,41563,SPINTECH LIVRE,Consumidor Livre,SUL,43.2,0.223207
202501.0,2025-01-13,41563,SPINTECH LIVRE,Consumidor Livre,SUL,43.2,0.262183
202501.0,2025-01-14,41563,SPINTECH LIVRE,Consumidor Livre,SUL,43.2,0.249437
202501.0,2025-01-15,41563,SPINTECH LIVRE,Consumidor Livre,SUL,43.2,0.226566
202501.0,2025-01-16,41563,SPINTECH LIVRE,Consumidor Livre,SUL,43.2,0.227254
202501.0,2025-01-17,41563,SPINTECH LIVRE,Consumidor Livre,SUL,43.2,0.22193
202501.0,2025-01-18,41563,SPINTECH LIVRE,Consumidor Livre,SUL,43.2,0.230113
202501.0,2025-01-19,41563,SPINTECH LIVRE,Consumidor Livre,SUL,43.2,0.22581
202501.0,2025-01-20,41563,SPINTECH LIVRE,Consumidor Livre,SUL,43.2,0.254491
202501.0,2025-01-21,41563,SPINTECH LIVRE,Consumidor Livre,SUL,43.2,0.237563
202501.0,2025-01-22,41563,SPINTECH LIVRE,Consumidor Livre,SUL,43.2,0.224147
202501.0,2025-01-23,41563,SPINTECH LIVRE,Consumidor Livre,SUL,43.2,0.258871
202501.0,2025-01-24,41563,SPINTECH LIVRE,Consumidor Livre,SUL,43.2,0.224933
202501.0,2025-01-25,41563,SPINTECH LIVRE,Consumidor Livre,SUL,43.2,0.222886
202501.0,2025-01-26,41563,SPINTECH LIVRE,Consumidor Livre,SUL,43.2,0.229743
202501.0,2025-01-27,41563,SPINTECH LIVRE,Consumidor Livre,SUL,43.2,0.226789
202501.0,2025-01-28,41563,SPINTECH LIVRE,Consumidor Livre,SUL,43.2,0.243436
202501.0,2025-01-29,41563,SPINTECH LIVRE,Consumidor Livre,SUL,43.2,0.220569
202501.0,2025-01-30,41563,SPINTECH LIVRE,Consumidor Livre,SUL,43.2,0.259303
202501.0,2025-01-31,41563,SPINTECH LIVRE,Consumidor Livre,SUL,43.2,0.228754
202502.0,2025-02-01,41563,SPINTECH LIVRE,Consumidor Livre,SUL,43.2,0.228777
202502.0,2025-02-02,41563,SPINTECH LIVRE,Consumidor Livre,SUL,43.2,0.22877
202502.0,2025-02-03,41563,SPINTECH LIVRE,Consumidor Livre,SUL,43.2,0.226418
202502.0,2025-02-04,41563,SPINTECH LIVRE,Consumidor Livre,SUL,43.2,0.230822
202502.0,2025-02-05,41563,SPINTECH LIVRE,Consumidor Livre,SUL,43.2,0.225028
202502.0,2025-02-06,41563,SPINTECH LIVRE,Consumidor Livre,SUL,43.2,0.226942
202502.0,2025-02-07,41563,SPINTECH LIVRE,Consumidor Livre,SUL,43.2,0.227015
202502.0,2025-02-08,41563,SPINTECH LIVRE,Consumidor Livre,SUL,43.2,0.229632
202502.0,2025-02-09,41563,SPINTECH LIVRE,Consumidor Livre,SUL,43.2,0.223058
202502.0,2025-02-10,41563,SPINTECH LIVRE,Consumidor Livre,SUL,43.2,0.22524
202502.0,2025-02-11,41563,SPINTECH LIVRE,Consumidor Livre,SUL,43.2,0.226223
202502.0,2025-02-12,41563,SPINTECH LIVRE,Consumidor Livre,SUL,43.2,0.229384
202502.0,2025-02-13,41563,SPINTECH LIVRE,Consumidor Livre,SUL,43.2,0.234095
202502.0,2025-02-14,41563,SPINTECH LIVRE,Consumidor Livre,SUL,43.2,0.220715
202502.0,2025-02-15,41563,SPINTECH LIVRE,Consumidor Livre,SUL,43.2,0.228775
202502.0,2025-02-16,41563,SPINTECH LIVRE,Consumidor Livre,SUL,43.2,0.222147
202502.0,2025-02-17,41563,SPINTECH LIVRE,Consumidor Livre,SUL,43.2,0.226903
202502.0,2025-02-18,41563,SPINTECH LIVRE,Consumidor Livre,SUL,43.2,0.222084
202502.0,2025-02-19,41563,SPINTECH LIVRE,Consumidor Livre,SUL,43.2,0.222693
202502.0,2025-02-20,41563,SPINTECH LIVRE,Consumidor Livre,SUL,43.2,0.221035
202502.0,2025-02-21,41563,SPINTECH LIVRE,Consumidor Livre,SUL,43.2,0.222538
202502.0,2025-02-22,41563,SPINTECH LIVRE,Consumidor Livre,SUL,43.2,0.224754
202502.0,2025-02-23,41563,SPINTECH LIVRE,Consumidor Livre,SUL,43.2,0.223308
202502.0,2025-02-24,41563,SPINTECH LIVRE,Consumidor Livre,SUL,43.2,0.220557
202502.0,2025-02-25,41563,SPINTECH LIVRE,Consumidor Livre,SUL,43.2,0.220274
202502.0,2025-02-26,41563,SPINTECH LIVRE,Consumidor Livre,SUL,43.2,0.221561
202502.0,2025-02-27,41563,SPINTECH LIVRE,Consumidor Livre,SUL,43.2,0.23182
202502.0,2025-02-28,41563,SPINTECH LIVRE,Consumidor Livre,SUL,43.2,0.222595
202503.0,2025-03-01,41563,SPINTECH LIVRE,Consumidor Livre,SUL,43.2,0.219244
202503.0,2025-03-02,41563,SPINTECH LIVRE,Consumidor Livre,SUL,43.2,0.217368
202503.0,2025-03-03,41563,SPINTECH LIVRE,Consumidor Livre,SUL,43.2,0.21978
202503.0,2025-03-04,41563,SPINTECH LIVRE,Consumidor Livre,SUL,43.2,0.219713
202503.0,2025-03-05,41563,SPINTECH LIVRE,Consumidor Livre,SUL,43.2,0.249597
202503.0,2025-03-06,41563,SPINTECH LIVRE,Consumidor Livre,SUL,43.2,0.23001
202503.0,2025-03-07,41563,SPINTECH LIVRE,Consumidor Livre,SUL,43.2,0.218045
202503.0,2025-03-08,41563,SPINTECH LIVRE,Consumidor Livre,SUL,43.2,0.218846
202503.0,2025-03-09,41563,SPINTECH LIVRE,Consumidor Livre,SUL,43.2,0.222657
202503.0,2025-03-10,41563,SPINTECH LIVRE,Consumidor Livre,SUL,43.2,0.228817
202503.0,2025-03-11,41563,SPINTECH LIVRE,Consumidor Livre,SUL,43.2,0.238185
202503.0,2025-03-12,41563,SPINTECH LIVRE,Consumidor Livre,SUL,43.2,0.243762
202503.0,2025-03-13,41563,SPINTECH LIVRE,Consumidor Livre,SUL,43.2,0.220486
202503.0,2025-03-14,41563,SPINTECH LIVRE,Consumidor Livre,SUL,43.2,0.229752
202503.0,2025-03-15,41563,SPINTECH LIVRE,Consumidor Livre,SUL,43.2,0.217195
202503.0,2025-03-16,41563,SPINTECH LIVRE,Consumidor Livre,SUL,43.2,0.219927
202503.0,2025-03-17,41563,SPINTECH LIVRE,Consumidor Livre,SUL,43.2,0.222901
202503.0,2025-03-18,41563,SPINTECH LIVRE,Consumidor Livre,SUL,43.2,0.232766
202503.0,2025-03-19,41563,SPINTECH LIVRE,Consumidor Livre,SUL,43.2,0.216201
202503.0,2025-03-20,41563,SPINTECH LIVRE,Consumidor Livre,SUL,43.2,0.239668
202503.0,2025-03-21,41563,SPINTECH LIVRE,Consumidor Livre,SUL,43.2,0.213544
202503.0,2025-03-22,41563,SPINTECH LIVRE,Consumidor Livre,SUL,43.2,0.22922
202503.0,2025-03-23,41563,SPINTECH LIVRE,Consumidor Livre,SUL,43.2,0.215562
202503.0,2025-03-24,41563,SPINTECH LIVRE,Consumidor Livre,SUL,43.2,0.222656
202503.0,2025-03-25,41563,SPINTECH LIVRE,Consumidor Livre,SUL,43.2,0.244543
202503.0,2025-03-26,41563,SPINTECH LIVRE,Consumidor Livre,SUL,43.2,0.210986
202503.0,2025-03-27,41563,SPINTECH LIVRE,Consumidor Livre,SUL,43.2,0.218758
202503.0,2025-03-28,41563,SPINTECH LIVRE,Consumidor Livre,SUL,43.2,0.214156
202503.0,2025-03-29,41563,SPINTECH LIVRE,Consumidor Livre,SUL,43.2,0.221555
202503.0,2025-03-30,41563,SPINTECH LIVRE,Consumidor Livre,SUL,43.2,0.219486
202503.0,2025-03-31,41563,SPINTECH LIVRE,Consumidor Livre,SUL,43.2,0.21586
202504.0,2025-04-01,41563,SPINTECH LIVRE,Consumidor Livre,SUL,43.2,0.22038
202504.0,2025-04-02,41563,SPINTECH LIVRE,Consumidor Livre,SUL,43.2,0.212596
202504.0,2025-04-03,41563,SPINTECH LIVRE,Consumidor Livre,SUL,43.2,0.217124
202504.0,2025-04-04,41563,SPINTECH LIVRE,Consumidor Livre,SUL,43.2,0.22136
202504.0,2025-04-05,41563,SPINTECH LIVRE,Consumidor Livre,SUL,43.2,0.213031
202504.0,2025-04-06,41563,SPINTECH LIVRE,Consumidor Livre,SUL,43.2,0.212058
202504.0,2025-04-07,41563,SPINTECH LIVRE,Consumidor Livre,SUL,43.2,0.220193
202504.0,2025-04-08,41563,SPINTECH LIVRE,Consumidor Livre,SUL,43.2,0.224567
202504.0,2025-04-09,41563,SPINTECH LIVRE,Consumidor Livre,SUL,43.2,0.221706
202504.0,2025-04-10,41563,SPINTECH LIVRE,Consumidor Livre,SUL,43.2,0.221717
202504.0,2025-04-11,41563,SPINTECH LIVRE,Consumidor Livre,SUL,43.2,0.22154
202504.0,2025-04-12,41563,SPINTECH LIVRE,Consumidor Livre,SUL,43.2,0.22091
202504.0,2025-04-13,41563,SPINTECH LIVRE,Consumidor Livre,SUL,43.2,0.23416
202504.0,2025-04-14,41563,SPINTECH LIVRE,Consumidor Livre,SUL,43.2,0.221492
202504.0,2025-04-15,41563,SPINTECH LIVRE,Consumidor Livre,SUL,43.2,0.226681
202504.0,2025-04-16,41563,SPINTECH LIVRE,Consumidor Livre,SUL,43.2,0.226957
202504.0,2025-04-17,41563,SPINTECH LIVRE,Consumidor Livre,SUL,43.2,0.219818
202504.0,2025-04-18,41563,SPINTECH LIVRE,Consumidor Livre,SUL,43.2,0.223805
202504.0,2025-04-19,41563,SPINTECH LIVRE,Consumidor Livre,SUL,43.2,0.2112979999999999
202504.0,2025-04-20,41563,SPINTECH LIVRE,Consumidor Livre,SUL,43.2,0.205399
202504.0,2025-04-21,41563,SPINTECH LIVRE,Consumidor Livre,SUL,43.2,0.225447
202504.0,2025-04-22,41563,SPINTECH LIVRE,Consumidor Livre,SUL,43.2,0.214743
202504.0,2025-04-23,41563,SPINTECH LIVRE,Consumidor Livre,SUL,43.2,0.195112
202504.0,2025-04-24,41563,SPINTECH LIVRE,Consumidor Livre,SUL,43.2,0.204344
202504.0,2025-04-25,41563,SPINTECH LIVRE,Consumidor Livre,SUL,43.2,0.204954
202504.0,2025-04-26,41563,SPINTECH LIVRE,Consumidor Livre,SUL,43.2,0.209381
202504.0,2025-04-27,41563,SPINTECH LIVRE,Consumidor Livre,SUL,43.2,0.190287
202504.0,2025-04-28,41563,SPINTECH LIVRE,Consumidor Livre,SUL,43.2,0.200293
202504.0,2025-04-29,41563,SPINTECH LIVRE,Consumidor Livre,SUL,43.2,0.193981
202504.0,2025-04-30,41563,SPINTECH LIVRE,Consumidor Livre,SUL,43.2,0.194453
202505.0,2025-05-01,41563,SPINTECH LIVRE,Consumidor Livre,SUL,43.2,0.185568
202505.0,2025-05-02,41563,SPINTECH LIVRE,Consumidor Livre,SUL,43.2,0.193431
202505.0,2025-05-03,41563,SPINTECH LIVRE,Consumidor Livre,SUL,43.2,0.192617
202505.0,2025-05-04,41563,SPINTECH LIVRE,Consumidor Livre,SUL,43.2,0.198335
202505.0,2025-05-05,41563,SPINTECH LIVRE,Consumidor Livre,SUL,43.2,0.195161
202505.0,2025-05-06,41563,SPINTECH LIVRE,Consumidor Livre,SUL,43.2,0.224728
202505.0,2025-05-07,41563,SPINTECH LIVRE,Consumidor Livre,SUL,43.2,0.197811
202505.0,2025-05-08,41563,SPINTECH LIVRE,Consumidor Livre,SUL,43.2,0.200913
202505.0,2025-05-09,41563,SPINTECH LIVRE,Consumidor Livre,SUL,43.2,0.206274
202505.0,2025-05-10,41563,SPINTECH LIVRE,Consumidor Livre,SUL,43.2,0.207871
202505.0,2025-05-11,41563,SPINTECH LIVRE,Consumidor Livre,SUL,43.2,0.207487
202505.0,2025-05-12,41563,SPINTECH LIVRE,Consumidor Livre,SUL,43.2,0.204672
202505.0,2025-05-13,41563,SPINTECH LIVRE,Consumidor Livre,SUL,43.2,0.191598
202505.0,2025-05-14,41563,SPINTECH LIVRE,Consumidor Livre,SUL,43.2,0.202259
202505.0,2025-05-15,41563,SPINTECH LIVRE,Consumidor Livre,SUL,43.2,0.194922
202505.0,2025-05-16,41563,SPINTECH LIVRE,Consumidor Livre,SUL,43.2,0.207857
202505.0,2025-05-17,41563,SPINTECH LIVRE,Consumidor Livre,SUL,43.2,0.197778
202505.0,2025-05-18,41563,SPINTECH LIVRE,Consumidor Livre,SUL,43.2,0.197967
202505.0,2025-05-19,41563,SPINTECH LIVRE,Consumidor Livre,SUL,43.2,0.19952
202505.0,2025-05-20,41563,SPINTECH LIVRE,Consumidor Livre,SUL,43.2,0.194271
202505.0,2025-05-21,41563,SPINTECH LIVRE,Consumidor Livre,SUL,43.2,0.199295
202505.0,2025-05-22,41563,SPINTECH LIVRE,Consumidor Livre,SUL,43.2,0.208418
202505.0,2025-05-23,41563,SPINTECH LIVRE,Consumidor Livre,SUL,43.2,0.202297
202505.0,2025-05-24,41563,SPINTECH LIVRE,Consumidor Livre,SUL,43.2,0.203486
202505.0,2025-05-25,41563,SPINTECH LIVRE,Consumidor Livre,SUL,43.2,0.20508
202505.0,2025-05-26,41563,SPINTECH LIVRE,Consumidor Livre,SUL,43.2,0.206874
202505.0,2025-05-27,41563,SPINTECH LIVRE,Consumidor Livre,SUL,43.2,0.201748
202505.0,2025-05-28,41563,SPINTECH LIVRE,Consumidor Livre,SUL,43.2,0.20818
202505.0,2025-05-29,41563,SPINTECH LIVRE,Consumidor Livre,SUL,43.2,0.201576
202505.0,2025-05-30,41563,SPINTECH LIVRE,Consumidor Livre,SUL,43.2,0.212599
202505.0,2025-05-31,41563,SPINTECH LIVRE,Consumidor Livre,SUL,43.2,0.192028
202506.0,2025-06-01,41563,SPINTECH LIVRE,Consumidor Livre,SUL,43.2,0.208792
202506.0,2025-06-02,41563,SPINTECH LIVRE,Consumidor Livre,SUL,43.2,0.213236
202506.0,2025-06-03,41563,SPINTECH LIVRE,Consumidor Livre,SUL,43.2,0.208114
202506.0,2025-06-04,41563,SPINTECH LIVRE,Consumidor Livre,SUL,43.2,0.205576
202506.0,2025-06-05,41563,SPINTECH LIVRE,Consumidor Livre,SUL,43.2,0.224401
202506.0,2025-06-06,41563,SPINTECH LIVRE,Consumidor Livre,SUL,43.2,0.210243
202506.0,2025-06-07,41563,SPINTECH LIVRE,Consumidor Livre,SUL,43.2,0.204943
202506.0,2025-06-08,41563,SPINTECH LIVRE,Consumidor Livre,SUL,43.2,0.203911
202506.0,2025-06-09,41563,SPINTECH LIVRE,Consumidor Livre,SUL,43.2,0.216149
202506.0,2025-06-10,41563,SPINTECH LIVRE,Consumidor Livre,SUL,43.2,0.205339
202506.0,2025-06-11,41563,SPINTECH LIVRE,Consumidor Livre,SUL,43.2,0.201852
202506.0,2025-06-12,41563,SPINTECH LIVRE,Consumidor Livre,SUL,43.2,0.199088
202506.0,2025-06-13,41563,SPINTECH LIVRE,Consumidor Livre,SUL,43.2,0.207277
202506.0,2025-06-14,41563,SPINTECH LIVRE,Consumidor Livre,SUL,43.2,0.212079
202506.0,2025-06-15,41563,SPINTECH LIVRE,Consumidor Livre,SUL,43.2,0.203913
202506.0,2025-06-16,41563,SPINTECH LIVRE,Consumidor Livre,SUL,43.2,0.197228
202506.0,2025-06-17,41563,SPINTECH LIVRE,Consumidor Livre,SUL,43.2,0.202419
202506.0,2025-06-18,41563,SPINTECH LIVRE,Consumidor Livre,SUL,43.2,0.202653
202506.0,2025-06-19,41563,SPINTECH LIVRE,Consumidor Livre,SUL,43.2,0.210027
202506.0,2025-06-20,41563,SPINTECH LIVRE,Consumidor Livre,SUL,43.2,0.20222
202506.0,2025-06-21,41563,SPINTECH LIVRE,Consumidor Livre,SUL,43.2,0.198664
202506.0,2025-06-22,41563,SPINTECH LIVRE,Consumidor Livre,SUL,43.2,0.198827
202506.0,2025-06-23,41563,SPINTECH LIVRE,Consumidor Livre,SUL,43.2,0.215019
202506.0,2025-06-24,41563,SPINTECH LIVRE,Consumidor Livre,SUL,43.2,0.206777
202506.0,2025-06-25,41563,SPINTECH LIVRE,Consumidor Livre,SUL,43.2,0.216279
202506.0,2025-06-26,41563,SPINTECH LIVRE,Consumidor Livre,SUL,43.2,0.198822
202506.0,2025-06-27,41563,SPINTECH LIVRE,Consumidor Livre,SUL,43.2,0.198502
202506.0,2025-06-28,41563,SPINTECH LIVRE,Consumidor Livre,SUL,43.2,0.209361
202506.0,2025-06-29,41563,SPINTECH LIVRE,Consumidor Livre,SUL,43.2,0.19759
202506.0,2025-06-30,41563,SPINTECH LIVRE,Consumidor Livre,SUL,43.2,0.199474
202507.0,2025-07-01,41563,SPINTECH LIVRE,Consumidor Livre,SUL,43.2,0.196091
202507.0,2025-07-02,41563,SPINTECH LIVRE,Consumidor Livre,SUL,43.2,0.1917309999999999
202507.0,2025-07-03,41563,SPINTECH LIVRE,Consumidor Livre,SUL,43.2,0.1976679999999999
202507.0,2025-07-04,41563,SPINTECH LIVRE,Consumidor Livre,SUL,43.2,0.202879
202507.0,2025-07-05,41563,SPINTECH LIVRE,Consumidor Livre,SUL,43.2,0.198383
202507.0,2025-07-06,41563,SPINTECH LIVRE,Consumidor Livre,SUL,43.2,0.194519
202507.0,2025-07-07,41563,SPINTECH LIVRE,Consumidor Livre,SUL,43.2,0.200065
202507.0,2025-07-08,41563,SPINTECH LIVRE,Consumidor Livre,SUL,43.2,0.197971
202507.0,2025-07-09,41563,SPINTECH LIVRE,Consumidor Livre,SUL,43.2,0.195715
202507.0,2025-07-10,41563,SPINTECH LIVRE,Consumidor Livre,SUL,43.2,0.201782
202507.0,2025-07-11,41563,SPINTECH LIVRE,Consumidor Livre,SUL,43.2,0.200565
202507.0,2025-07-12,41563,SPINTECH LIVRE,Consumidor Livre,SUL,43.2,0.19837
202507.0,2025-07-13,41563,SPINTECH LIVRE,Consumidor Livre,SUL,43.2,0.199116
202507.0,2025-07-14,41563,SPINTECH LIVRE,Consumidor Livre,SUL,43.2,0.197731
202507.0,2025-07-15,41563,SPINTECH LIVRE,Consumidor Livre,SUL,43.2,0.196969
202507.0,2025-07-16,41563,SPINTECH LIVRE,Consumidor Livre,SUL,43.2,0.196389
202507.0,2025-07-17,41563,SPINTECH LIVRE,Consumidor Livre,SUL,43.2,0.199148
202507.0,2025-07-18,41563,SPINTECH LIVRE,Consumidor Livre,SUL,43.2,0.197755
202507.0,2025-07-19,41563,SPINTECH LIVRE,Consumidor Livre,SUL,43.2,0.193903
202507.0,2025-07-20,41563,SPINTECH LIVRE,Consumidor Livre,SUL,43.2,0.198924
202507.0,2025-07-21,41563,SPINTECH LIVRE,Consumidor Livre,SUL,43.2,0.197149
202507.0,2025-07-22,41563,SPINTECH LIVRE,Consumidor Livre,SUL,43.2,0.192548
202507.0,2025-07-23,41563,SPINTECH LIVRE,Consumidor Livre,SUL,43.2,0.275536
202507.0,2025-07-24,41563,SPINTECH LIVRE,Consumidor Livre,SUL,43.2,0.203964
202507.0,2025-07-25,41563,SPINTECH LIVRE,Consumidor Livre,SUL,43.2,0.226561
202507.0,2025-07-26,41563,SPINTECH LIVRE,Consumidor Livre,SUL,43.2,0.219359
202507.0,2025-07-27,41563,SPINTECH LIVRE,Consumidor Livre,SUL,43.2,0.218144
202507.0,2025-07-28,41563,SPINTECH LIVRE,Consumidor Livre,SUL,43.2,0.2160439999999999
202507.0,2025-07-29,41563,SPINTECH LIVRE,Consumidor Livre,SUL,43.2,0.210888
202507.0,2025-07-30,41563,SPINTECH LIVRE,Consumidor Livre,SUL,43.2,0.210181
202507.0,2025-07-31,41563,SPINTECH LIVRE,Consumidor Livre,SUL,43.2,0.216313
202508.0,2025-08-01,41563,SPINTECH LIVRE,Consumidor Livre,SUL,43.2,0.213005
202508.0,2025-08-02,41563,SPINTECH LIVRE,Consumidor Livre,SUL,43.2,0.21026
202508.0,2025-08-03,41563,SPINTECH LIVRE,Consumidor Livre,SUL,43.2,0.216197
202508.0,2025-08-04,41563,SPINTECH LIVRE,Consumidor Livre,SUL,43.2,0.218955
202508.0,2025-08-05,41563,SPINTECH LIVRE,Consumidor Livre,SUL,43.2,0.213776
202508.0,2025-08-06,41563,SPINTECH LIVRE,Consumidor Livre,SUL,43.2,0.218564
202508.0,2025-08-07,41563,SPINTECH LIVRE,Consumidor Livre,SUL,43.2,0.210497
202508.0,2025-08-08,41563,SPINTECH LIVRE,Consumidor Livre,SUL,43.2,0.217428
202508.0,2025-08-09,41563,SPINTECH LIVRE,Consumidor Livre,SUL,43.2,0.219376
202508.0,2025-08-10,41563,SPINTECH LIVRE,Consumidor Livre,SUL,43.2,0.212535
202508.0,2025-08-11,41563,SPINTECH LIVRE,Consumidor Livre,SUL,43.2,0.208121
202508.0,2025-08-12,41563,SPINTECH LIVRE,Consumidor Livre,SUL,43.2,0.214333
202508.0,2025-08-13,41563,SPINTECH LIVRE,Consumidor Livre,SUL,43.2,0.2102
202508.0,2025-08-14,41563,SPINTECH LIVRE,Consumidor Livre,SUL,43.2,0.211264
202508.0,2025-08-15,41563,SPINTECH LIVRE,Consumidor Livre,SUL,43.2,0.204809
202508.0,2025-08-16,41563,SPINTECH LIVRE,Consumidor Livre,SUL,43.2,0.220084
202508.0,2025-08-17,41563,SPINTECH LIVRE,Consumidor Livre,SUL,43.2,0.2062709999999999
202508.0,2025-08-18,41563,SPINTECH LIVRE,Consumidor Livre,SUL,43.2,0.211486
202508.0,2025-08-19,41563,SPINTECH LIVRE,Consumidor Livre,SUL,43.2,0.212171
202508.0,2025-08-20,41563,SPINTECH LIVRE,Consumidor Livre,SUL,43.2,0.217166
202508.0,2025-08-21,41563,SPINTECH LIVRE,Consumidor Livre,SUL,43.2,0.206187
202508.0,2025-08-22,41563,SPINTECH LIVRE,Consumidor Livre,SUL,43.2,0.211205
202508.0,2025-08-23,41563,SPINTECH LIVRE,Consumidor Livre,SUL,43.2,0.214624
202508.0,2025-08-24,41563,SPINTECH LIVRE,Consumidor Livre,SUL,43.2,0.215891
202508.0,2025-08-25,41563,SPINTECH LIVRE,Consumidor Livre,SUL,43.2,0.212261
202508.0,2025-08-26,41563,SPINTECH LIVRE,Consumidor Livre,SUL,43.2,0.21265
202508.0,2025-08-27,41563,SPINTECH LIVRE,Consumidor Livre,SUL,43.2,0.222652
202508.0,2025-08-28,41563,SPINTECH LIVRE,Consumidor Livre,SUL,43.2,0.20199
202508.0,2025-08-29,41563,SPINTECH LIVRE,Consumidor Livre,SUL,43.2,0.206505
202508.0,2025-08-30,41563,SPINTECH LIVRE,Consumidor Livre,SUL,43.2,0.21994
202508.0,2025-08-31,41563,SPINTECH LIVRE,Consumidor Livre,SUL,43.2,0.207757
