MES_REFERENCIA,DATA,CODIGO_PERFIL_AGENTE,SIGLA_PERFIL_AGENTE,CLASSE_PERFIL_AGENTE,SUBMERCADO,CAPACIDADE_CARGA,CONSUMO_CARGA_ACL
,2023-01-01,54361,COPASA EAT02 VARZEA FLORES,Consumidor Livre,SUDESTE,91.2,93.568333
,2023-01-02,54361,COPASA EAT02 VARZEA FLORES,Consumidor Livre,SUDESTE,91.2,90.13322
,2023-01-03,54361,COPASA EAT02 VARZEA FLORES,Consumidor Livre,SUDESTE,91.2,90.126536
,2023-01-04,54361,COPASA EAT02 VARZEA FLORES,Consumidor Livre,SUDESTE,91.2,90.004072
,2023-01-05,54361,COPASA EAT02 VARZEA FLORES,Consumidor Livre,SUDESTE,91.2,90.281097
,2023-01-06,54361,COPASA EAT02 VARZEA FLORES,Consumidor Livre,SUDESTE,91.2,90.057224
,2023-01-07,54361,COPASA EAT02 VARZEA FLORES,Consumidor Livre,SUDESTE,91.2,92.703954
,2023-01-08,54361,COPASA EAT02 VARZEA FLORES,Consumidor Livre,SUDESTE,91.2,93.384544
,2023-01-09,54361,COPASA EAT02 VARZEA FLORES,Consumidor Livre,SUDESTE,91.2,37.416624
,2023-01-10,54361,COPASA EAT02 VARZEA FLORES,Consumidor Livre,SUDESTE,91.2,77.310822
,2023-01-11,54361,COPASA EAT02 VARZEA FLORES,Consumidor Livre,SUDESTE,91.2,86.700414
,2023-01-12,54361,COPASA EAT02 VARZEA FLORES,Consumidor Livre,SUDESTE,91.2,85.121652
,2023-01-13,54361,COPASA EAT02 VARZEA FLORES,Consumidor Livre,SUDESTE,91.2,91.04606
,2023-01-14,54361,COPASA EAT02 VARZEA FLORES,Consumidor Livre,SUDESTE,91.2,95.755652
,2023-01-15,54361,COPASA EAT02 VARZEA FLORES,Consumidor Livre,SUDESTE,91.2,39.320553
,2023-01-16,54361,COPASA EAT02 VARZEA FLORES,Consumidor Livre,SUDESTE,91.2,89.316498
,2023-01-17,54361,COPASA EAT02 VARZEA FLORES,Consumidor Livre,SUDESTE,91.2,74.845759
,2023-01-18,54361,COPASA EAT02 VARZEA FLORES,Consumidor Livre,SUDESTE,91.2,88.215349
,2023-01-19,54361,COPASA EAT02 VARZEA FLORES,Consumidor Livre,SUDESTE,91.2,91.832686
,2023-01-20,54361,COPASA EAT02 VARZEA FLORES,Consumidor Livre,SUDESTE,91.2,92.019098
,2023-01-21,54361,COPASA EAT02 VARZEA FLORES,Consumidor Livre,SUDESTE,91.2,95.431128
,2023-01-22,54361,COPASA EAT02 VARZEA FLORES,Consumidor Livre,SUDESTE,91.2,94.960597
,2023-01-23,54361,COPASA EAT02 VARZEA FLORES,Consumidor Livre,SUDESTE,91.2,91.170299
,2023-01-24,54361,COPASA EAT02 VARZEA FLORES,Consumidor Livre,SUDESTE,91.2,89.791429
,2023-01-25,54361,COPASA EAT02 VARZEA FLORES,Consumidor Livre,SUDESTE,91.2,88.984745
,2023-01-26,54361,COPASA EAT02 VARZEA FLORES,Consumidor Livre,SUDESTE,91.2,91.40441
,2023-01-27,54361,COPASA EAT02 VARZEA FLORES,Consumidor Livre,SUDESTE,91.2,92.324009
,2023-01-28,54361,COPASA EAT02 VARZEA FLORES,Consumidor Livre,SUDESTE,91.2,95.727703
,2023-01-29,54361,COPASA EAT02 VARZEA FLORES,Consumidor Livre,SUDESTE,91.2,95.576072
,2023-01-30,54361,COPASA EAT02 VARZEA FLORES,Consumidor Livre,SUDESTE,91.2,92.189677
,2023-01-31,54361,COPASA EAT02 VARZEA FLORES,Consumidor Livre,SUDESTE,91.2,91.747126
,2023-02-01,54361,COPASA EAT02 VARZEA FLORES,Consumidor Livre,SUDESTE,91.2,90.523122
,2023-02-02,54361,COPASA EAT02 VARZEA FLORES,Consumidor Livre,SUDESTE,91.2,92.001069
,2023-02-03,54361,COPASA EAT02 VARZEA FLORES,Consumidor Livre,SUDESTE,91.2,92.149143
,2023-02-04,54361,COPASA EAT02 VARZEA FLORES,Consumidor Livre,SUDESTE,91.2,95.309129
,2023-02-05,54361,COPASA EAT02 VARZEA FLORES,Consumidor Livre,SUDESTE,91.2,95.07753
,2023-02-06,54361,COPASA EAT02 VARZEA FLORES,Consumidor Livre,SUDESTE,91.2,92.026857
,2023-02-07,54361,COPASA EAT02 VARZEA FLORES,Consumidor Livre,SUDESTE,91.2,92.121805
,2023-02-08,54361,COPASA EAT02 VARZEA FLORES,Consumidor Livre,SUDESTE,91.2,92.310087
,2023-02-09,54361,COPASA EAT02 VARZEA FLORES,Consumidor Livre,SUDESTE,91.2,92.28095
,2023-02-10,54361,COPASA EAT02 VARZEA FLORES,Consumidor Livre,SUDESTE,91.2,92.174598
,2023-02-11,54361,COPASA EAT02 VARZEA FLORES,Consumidor Livre,SUDESTE,91.2,95.560872
,2023-02-12,54361,COPASA EAT02 VARZEA FLORES,Consumidor Livre,SUDESTE,91.2,95.527507
,2023-02-13,54361,COPASA EAT02 VARZEA FLORES,Consumidor Livre,SUDESTE,91.2,91.984352
,2023-02-14,54361,COPASA EAT02 VARZEA FLORES,Consumidor Livre,SUDESTE,91.2,89.03911
,2023-02-15,54361,COPASA EAT02 VARZEA FLORES,Consumidor Livre,SUDESTE,91.2,92.000698
,2023-02-16,54361,COPASA EAT02 VARZEA FLORES,Consumidor Livre,SUDESTE,91.2,92.081012
,2023-02-17,54361,COPASA EAT02 VARZEA FLORES,Consumidor Livre,SUDESTE,91.2,95.175762
,2023-02-18,54361,COPASA EAT02 VARZEA FLORES,Consumidor Livre,SUDESTE,91.2,94.914052
,2023-02-19,54361,COPASA EAT02 VARZEA FLORES,Consumidor Livre,SUDESTE,91.2,95.073592
,2023-02-20,54361,COPASA EAT02 VARZEA FLORES,Consumidor Livre,SUDESTE,91.2,91.252591
,2023-02-21,54361,COPASA EAT02 VARZEA FLORES,Consumidor Livre,SUDESTE,91.2,91.564776
,2023-02-22,54361,COPASA EAT02 VARZEA FLORES,Consumidor Livre,SUDESTE,91.2,90.454176
,2023-02-23,54361,COPASA EAT02 VARZEA FLORES,Consumidor Livre,SUDESTE,91.2,91.290953
,2023-02-24,54361,COPASA EAT02 VARZEA FLORES,Consumidor Livre,SUDESTE,91.2,89.944178
,2023-02-25,54361,COPASA EAT02 VARZEA FLORES,Consumidor Livre,SUDESTE,91.2,92.390066
,2023-02-26,54361,COPASA EAT02 VARZEA FLORES,Consumidor Livre,SUDESTE,91.2,92.158138
,2023-02-27,54361,COPASA EAT02 VARZEA FLORES,Consumidor Livre,SUDESTE,91.2,88.83943000000001
,2023-02-28,54361,COPASA EAT02 VARZEA FLORES,Consumidor Livre,SUDESTE,91.2,89.023197
,2023-03-01,54361,COPASA EAT02 VARZEA FLORES,Consumidor Livre,SUDESTE,91.2,84.852173
,2023-03-02,54361,COPASA EAT02 VARZEA FLORES,Consumidor Livre,SUDESTE,91.2,89.324209
,2023-03-03,54361,COPASA EAT02 VARZEA FLORES,Consumidor Livre,SUDESTE,91.2,89.339307
,2023-03-04,54361,COPASA EAT02 VARZEA FLORES,Consumidor Livre,SUDESTE,91.2,91.022306
,2023-03-05,54361,COPASA EAT02 VARZEA FLORES,Consumidor Livre,SUDESTE,91.2,89.683624
,2023-03-06,54361,COPASA EAT02 VARZEA FLORES,Consumidor Livre,SUDESTE,91.2,75.374168
,2023-03-07,54361,COPASA EAT02 VARZEA FLORES,Consumidor Livre,SUDESTE,91.2,72.050583
,2023-03-08,54361,COPASA EAT02 VARZEA FLORES,Consumidor Livre,SUDESTE,91.2,70.997849
,2023-03-09,54361,COPASA EAT02 VARZEA FLORES,Consumidor Livre,SUDESTE,91.2,89.919996
,2023-03-10,54361,COPASA EAT02 VARZEA FLORES,Consumidor Livre,SUDESTE,91.2,89.744896
,2023-03-11,54361,COPASA EAT02 VARZEA FLORES,Consumidor Livre,SUDESTE,91.2,93.316914
,2023-03-12,54361,COPASA EAT02 VARZEA FLORES,Consumidor Livre,SUDESTE,91.2,93.246232
,2023-03-13,54361,COPASA EAT02 VARZEA FLORES,Consumidor Livre,SUDESTE,91.2,87.348511
,2023-03-14,54361,COPASA EAT02 VARZEA FLORES,Consumidor Livre,SUDESTE,91.2,86.375611
,2023-03-15,54361,COPASA EAT02 VARZEA FLORES,Consumidor Livre,SUDESTE,91.2,88.924528
,2023-03-16,54361,COPASA EAT02 VARZEA FLORES,Consumidor Livre,SUDESTE,91.2,89.432642
,2023-03-17,54361,COPASA EAT02 VARZEA FLORES,Consumidor Livre,SUDESTE,91.2,89.59445
,2023-03-18,54361,COPASA EAT02 VARZEA FLORES,Consumidor Livre,SUDESTE,91.2,93.364086
,2023-03-19,54361,COPASA EAT02 VARZEA FLORES,Consumidor Livre,SUDESTE,91.2,93.493832
,2023-03-20,54361,COPASA EAT02 VARZEA FLORES,Consumidor Livre,SUDESTE,91.2,89.98543599999999
,2023-03-21,54361,COPASA EAT02 VARZEA FLORES,Consumidor Livre,SUDESTE,91.2,89.446474
,2023-03-22,54361,COPASA EAT02 VARZEA FLORES,Consumidor Livre,SUDESTE,91.2,89.836281
,2023-03-23,54361,COPASA EAT02 VARZEA FLORES,Consumidor Livre,SUDESTE,91.2,90.295995
,2023-03-24,54361,COPASA EAT02 VARZEA FLORES,Consumidor Livre,SUDESTE,91.2,90.329522
,2023-03-25,54361,COPASA EAT02 VARZEA FLORES,Consumidor Livre,SUDESTE,91.2,93.466675
,2023-03-26,54361,COPASA EAT02 VARZEA FLORES,Consumidor Livre,SUDESTE,91.2,93.299184
,2023-03-27,54361,COPASA EAT02 VARZEA FLORES,Consumidor Livre,SUDESTE,91.2,90.250208
,2023-03-28,54361,COPASA EAT02 VARZEA FLORES,Consumidor Livre,SUDESTE,91.2,90.155648
,2023-03-29,54361,COPASA EAT02 VARZEA FLORES,Consumidor Livre,SUDESTE,91.2,89.858538
,2023-03-30,54361,COPASA EAT02 VARZEA FLORES,Consumidor Livre,SUDESTE,91.2,87.932399
,2023-03-31,54361,COPASA EAT02 VARZEA FLORES,Consumidor Livre,SUDESTE,91.2,89.955473
,2023-04-01,54361,COPASA EAT02 VARZEA FLORES,Consumidor Livre,SUDESTE,91.2,93.116873
,2023-04-02,54361,COPASA EAT02 VARZEA FLORES,Consumidor Livre,SUDESTE,91.2,93.258637
,2023-04-03,54361,COPASA EAT02 VARZEA FLORES,Consumidor Livre,SUDESTE,91.2,90.245682
,2023-04-04,54361,COPASA EAT02 VARZEA FLORES,Consumidor Livre,SUDESTE,91.2,90.259321
,2023-04-05,54361,COPASA EAT02 VARZEA FLORES,Consumidor Livre,SUDESTE,91.2,89.702747
,2023-04-06,54361,COPASA EAT02 VARZEA FLORES,Consumidor Livre,SUDESTE,91.2,89.861809
,2023-04-07,54361,COPASA EAT02 VARZEA FLORES,Consumidor Livre,SUDESTE,91.2,92.506609
,2023-04-08,54361,COPASA EAT02 VARZEA FLORES,Consumidor Livre,SUDESTE,91.2,93.067373
,2023-04-09,54361,COPASA EAT02 VARZEA FLORES,Consumidor Livre,SUDESTE,91.2,93.313204
,2023-04-10,54361,COPASA EAT02 VARZEA FLORES,Consumidor Livre,SUDESTE,91.2,89.805221
,2023-04-11,54361,COPASA EAT02 VARZEA FLORES,Consumidor Livre,SUDESTE,91.2,89.04884
,2023-04-12,54361,COPASA EAT02 VARZEA FLORES,Consumidor Livre,SUDESTE,91.2,90.125491
,2023-04-13,54361,COPASA EAT02 VARZEA FLORES,Consumidor Livre,SUDESTE,91.2,89.376227
,2023-04-14,54361,COPASA EAT02 VARZEA FLORES,Consumidor Livre,SUDESTE,91.2,76.101291
,2023-04-15,54361,COPASA EAT02 VARZEA FLORES,Consumidor Livre,SUDESTE,91.2,93.190705
,2023-04-16,54361,COPASA EAT02 VARZEA FLORES,Consumidor Livre,SUDESTE,91.2,93.04605
,2023-04-17,54361,COPASA EAT02 VARZEA FLORES,Consumidor Livre,SUDESTE,91.2,82.462021
,2023-04-18,54361,COPASA EAT02 VARZEA FLORES,Consumidor Livre,SUDESTE,91.2,89.278162
,2023-04-19,54361,COPASA EAT02 VARZEA FLORES,Consumidor Livre,SUDESTE,91.2,89.075474
,2023-04-20,54361,COPASA EAT02 VARZEA FLORES,Consumidor Livre,SUDESTE,91.2,89.73201
,2023-04-21,54361,COPASA EAT02 VARZEA FLORES,Consumidor Livre,SUDESTE,91.2,91.974503
,2023-04-22,54361,COPASA EAT02 VARZEA FLORES,Consumidor Livre,SUDESTE,91.2,93.315444
,2023-04-23,54361,COPASA EAT02 VARZEA FLORES,Consumidor Livre,SUDESTE,91.2,93.048828
,2023-04-24,54361,COPASA EAT02 VARZEA FLORES,Consumidor Livre,SUDESTE,91.2,89.524062
,2023-04-25,54361,COPASA EAT02 VARZEA FLORES,Consumidor Livre,SUDESTE,91.2,89.731257
,2023-04-26,54361,COPASA EAT02 VARZEA FLORES,Consumidor Livre,SUDESTE,91.2,89.663806
,2023-04-27,54361,COPASA EAT02 VARZEA FLORES,Consumidor Livre,SUDESTE,91.2,90.002179
,2023-04-28,54361,COPASA EAT02 VARZEA FLORES,Consumidor Livre,SUDESTE,91.2,89.371389
,2023-04-29,54361,COPASA EAT02 VARZEA FLORES,Consumidor Livre,SUDESTE,91.2,89.319305
,2023-04-30,54361,COPASA EAT02 VARZEA FLORES,Consumidor Livre,SUDESTE,91.2,92.942007
,2023-05-01,54361,COPASA EAT02 VARZEA FLORES,Consumidor Livre,SUDESTE,91.2,93.227032
,2023-05-02,54361,COPASA EAT02 VARZEA FLORES,Consumidor Livre,SUDESTE,91.2,89.679147
,2023-05-03,54361,COPASA EAT02 VARZEA FLORES,Consumidor Livre,SUDESTE,91.2,89.885653
,2023-05-04,54361,COPASA EAT02 VARZEA FLORES,Consumidor Livre,SUDESTE,91.2,89.794562
,2023-05-05,54361,COPASA EAT02 VARZEA FLORES,Consumidor Livre,SUDESTE,91.2,89.407413
,2023-05-06,54361,COPASA EAT02 VARZEA FLORES,Consumidor Livre,SUDESTE,91.2,93.005458
,2023-05-07,54361,COPASA EAT02 VARZEA FLORES,Consumidor Livre,SUDESTE,91.2,93.122374
,2023-05-08,54361,COPASA EAT02 VARZEA FLORES,Consumidor Livre,SUDESTE,91.2,89.371408
,2023-05-09,54361,COPASA EAT02 VARZEA FLORES,Consumidor Livre,SUDESTE,91.2,73.10699699999999
,2023-05-10,54361,COPASA EAT02 VARZEA FLORES,Consumidor Livre,SUDESTE,91.2,89.627902
,2023-05-11,54361,COPASA EAT02 VARZEA FLORES,Consumidor Livre,SUDESTE,91.2,89.72315
,2023-05-12,54361,COPASA EAT02 VARZEA FLORES,Consumidor Livre,SUDESTE,91.2,89.802825
,2023-05-13,54361,COPASA EAT02 VARZEA FLORES,Consumidor Livre,SUDESTE,91.2,93.032762
,2023-05-14,54361,COPASA EAT02 VARZEA FLORES,Consumidor Livre,SUDESTE,91.2,92.868757
,2023-05-15,54361,COPASA EAT02 VARZEA FLORES,Consumidor Livre,SUDESTE,91.2,89.616663
,2023-05-16,54361,COPASA EAT02 VARZEA FLORES,Consumidor Livre,SUDESTE,91.2,77.80377800000001
,2023-05-17,54361,COPASA EAT02 VARZEA FLORES,Consumidor Livre,SUDESTE,91.2,79.653144
,2023-05-18,54361,COPASA EAT02 VARZEA FLORES,Consumidor Livre,SUDESTE,91.2,84.904595
,2023-05-19,54361,COPASA EAT02 VARZEA FLORES,Consumidor Livre,SUDESTE,91.2,84.625333
,2023-05-20,54361,COPASA EAT02 VARZEA FLORES,Consumidor Livre,SUDESTE,91.2,90.764563
,2023-05-21,54361,COPASA EAT02 VARZEA FLORES,Consumidor Livre,SUDESTE,91.2,89.677272
,2023-05-22,54361,COPASA EAT02 VARZEA FLORES,Consumidor Livre,SUDESTE,91.2,87.968013
,2023-05-23,54361,COPASA EAT02 VARZEA FLORES,Consumidor Livre,SUDESTE,91.2,72.944322
,2023-05-24,54361,COPASA EAT02 VARZEA FLORES,Consumidor Livre,SUDESTE,91.2,73.158456
,2023-05-25,54361,COPASA EAT02 VARZEA FLORES,Consumidor Livre,SUDESTE,91.2,73.359338
,2023-05-26,54361,COPASA EAT02 VARZEA FLORES,Consumidor Livre,SUDESTE,91.2,73.367389
,2023-05-27,54361,COPASA EAT02 VARZEA FLORES,Consumidor Livre,SUDESTE,91.2,73.437254
,2023-05-28,54361,COPASA EAT02 VARZEA FLORES,Consumidor Livre,SUDESTE,91.2,79.104469
,2023-05-29,54361,COPASA EAT02 VARZEA FLORES,Consumidor Livre,SUDESTE,91.2,75.475375
,2023-05-30,54361,COPASA EAT02 VARZEA FLORES,Consumidor Livre,SUDESTE,91.2,73.606564
,2023-05-31,54361,COPASA EAT02 VARZEA FLORES,Consumidor Livre,SUDESTE,91.2,74.612036
,2023-06-01,54361,COPASA EAT02 VARZEA FLORES,Consumidor Livre,SUDESTE,91.2,86.769046
,2023-06-02,54361,COPASA EAT02 VARZEA FLORES,Consumidor Livre,SUDESTE,91.2,86.984216
,2023-06-03,54361,COPASA EAT02 VARZEA FLORES,Consumidor Livre,SUDESTE,91.2,93.729496
,2023-06-04,54361,COPASA EAT02 VARZEA FLORES,Consumidor Livre,SUDESTE,91.2,93.25036
,2023-06-05,54361,COPASA EAT02 VARZEA FLORES,Consumidor Livre,SUDESTE,91.2,86.922944
,2023-06-06,54361,COPASA EAT02 VARZEA FLORES,Consumidor Livre,SUDESTE,91.2,87.066273
,2023-06-07,54361,COPASA EAT02 VARZEA FLORES,Consumidor Livre,SUDESTE,91.2,78.034211
,2023-06-08,54361,COPASA EAT02 VARZEA FLORES,Consumidor Livre,SUDESTE,91.2,92.561706
,2023-06-09,54361,COPASA EAT02 VARZEA FLORES,Consumidor Livre,SUDESTE,91.2,83.02260799999999
,2023-06-10,54361,COPASA EAT02 VARZEA FLORES,Consumidor Livre,SUDESTE,91.2,93.669018
,2023-06-11,54361,COPASA EAT02 VARZEA FLORES,Consumidor Livre,SUDESTE,91.2,93.657031
,2023-06-12,54361,COPASA EAT02 VARZEA FLORES,Consumidor Livre,SUDESTE,91.2,87.04084399999999
,2023-06-13,54361,COPASA EAT02 VARZEA FLORES,Consumidor Livre,SUDESTE,91.2,86.397773
,2023-06-14,54361,COPASA EAT02 VARZEA FLORES,Consumidor Livre,SUDESTE,91.2,89.12597
,2023-06-15,54361,COPASA EAT02 VARZEA FLORES,Consumidor Livre,SUDESTE,91.2,89.053126
,2023-06-16,54361,COPASA EAT02 VARZEA FLORES,Consumidor Livre,SUDESTE,91.2,90.096051
,2023-06-17,54361,COPASA EAT02 VARZEA FLORES,Consumidor Livre,SUDESTE,91.2,93.641893
,2023-06-18,54361,COPASA EAT02 VARZEA FLORES,Consumidor Livre,SUDESTE,91.2,93.366473
,2023-06-19,54361,COPASA EAT02 VARZEA FLORES,Consumidor Livre,SUDESTE,91.2,90.241854
,2023-06-20,54361,COPASA EAT02 VARZEA FLORES,Consumidor Livre,SUDESTE,91.2,80.779627
,2023-06-21,54361,COPASA EAT02 VARZEA FLORES,Consumidor Livre,SUDESTE,91.2,51.698987
,2023-06-22,54361,COPASA EAT02 VARZEA FLORES,Consumidor Livre,SUDESTE,91.2,90.186668
,2023-06-23,54361,COPASA EAT02 VARZEA FLORES,Consumidor Livre,SUDESTE,91.2,70.416035
,2023-06-24,54361,COPASA EAT02 VARZEA FLORES,Consumidor Livre,SUDESTE,91.2,93.341348
,2023-06-25,54361,COPASA EAT02 VARZEA FLORES,Consumidor Livre,SUDESTE,91.2,93.562465
,2023-06-26,54361,COPASA EAT02 VARZEA FLORES,Consumidor Livre,SUDESTE,91.2,89.450344
,2023-06-27,54361,COPASA EAT02 VARZEA FLORES,Consumidor Livre,SUDESTE,91.2,89.846523
,2023-06-28,54361,COPASA EAT02 VARZEA FLORES,Consumidor Livre,SUDESTE,91.2,89.931362
,2023-06-29,54361,COPASA EAT02 VARZEA FLORES,Consumidor Livre,SUDESTE,91.2,89.589843
,2023-06-30,54361,COPASA EAT02 VARZEA FLORES,Consumidor Livre,SUDESTE,91.2,89.980531
,2023-07-01,54361,COPASA EAT02 VARZEA FLORES,Consumidor Livre,SUDESTE,91.2,93.29283
,2023-07-02,54361,COPASA EAT02 VARZEA FLORES,Consumidor Livre,SUDESTE,91.2,93.175691
,2023-07-03,54361,COPASA EAT02 VARZEA FLORES,Consumidor Livre,SUDESTE,91.2,89.549655
,2023-07-04,54361,COPASA EAT02 VARZEA FLORES,Consumidor Livre,SUDESTE,91.2,90.287622
,2023-07-05,54361,COPASA EAT02 VARZEA FLORES,Consumidor Livre,SUDESTE,91.2,90.276024
,2023-07-06,54361,COPASA EAT02 VARZEA FLORES,Consumidor Livre,SUDESTE,91.2,89.852309
,2023-07-07,54361,COPASA EAT02 VARZEA FLORES,Consumidor Livre,SUDESTE,91.2,89.316137
,2023-07-08,54361,COPASA EAT02 VARZEA FLORES,Consumidor Livre,SUDESTE,91.2,93.116701
,2023-07-09,54361,COPASA EAT02 VARZEA FLORES,Consumidor Livre,SUDESTE,91.2,93.423657
,2023-07-10,54361,COPASA EAT02 VARZEA FLORES,Consumidor Livre,SUDESTE,91.2,89.842594
,2023-07-11,54361,COPASA EAT02 VARZEA FLORES,Consumidor Livre,SUDESTE,91.2,89.613216
,2023-07-12,54361,COPASA EAT02 VARZEA FLORES,Consumidor Livre,SUDESTE,91.2,88.635404
,2023-07-13,54361,COPASA EAT02 VARZEA FLORES,Consumidor Livre,SUDESTE,91.2,89.759351
,2023-07-14,54361,COPASA EAT02 VARZEA FLORES,Consumidor Livre,SUDESTE,91.2,89.638552
,2023-07-15,54361,COPASA EAT02 VARZEA FLORES,Consumidor Livre,SUDESTE,91.2,93.345607
,2023-07-16,54361,COPASA EAT02 VARZEA FLORES,Consumidor Livre,SUDESTE,91.2,62.087922
,2023-07-17,54361,COPASA EAT02 VARZEA FLORES,Consumidor Livre,SUDESTE,91.2,89.992632
,2023-07-18,54361,COPASA EAT02 VARZEA FLORES,Consumidor Livre,SUDESTE,91.2,89.59398
,2023-07-19,54361,COPASA EAT02 VARZEA FLORES,Consumidor Livre,SUDESTE,91.2,89.474645
,2023-07-20,54361,COPASA EAT02 VARZEA FLORES,Consumidor Livre,SUDESTE,91.2,89.23765
,2023-07-21,54361,COPASA EAT02 VARZEA FLORES,Consumidor Livre,SUDESTE,91.2,88.959307
,2023-07-22,54361,COPASA EAT02 VARZEA FLORES,Consumidor Livre,SUDESTE,91.2,93.091667
,2023-07-23,54361,COPASA EAT02 VARZEA FLORES,Consumidor Livre,SUDESTE,91.2,93.056267
,2023-07-24,54361,COPASA EAT02 VARZEA FLORES,Consumidor Livre,SUDESTE,91.2,89.861886
,2023-07-25,54361,COPASA EAT02 VARZEA FLORES,Consumidor Livre,SUDESTE,91.2,89.69166799999999
,2023-07-26,54361,COPASA EAT02 VARZEA FLORES,Consumidor Livre,SUDESTE,91.2,89.598737
,2023-07-27,54361,COPASA EAT02 VARZEA FLORES,Consumidor Livre,SUDESTE,91.2,89.33242
,2023-07-28,54361,COPASA EAT02 VARZEA FLORES,Consumidor Livre,SUDESTE,91.2,88.420117
,2023-07-29,54361,COPASA EAT02 VARZEA FLORES,Consumidor Livre,SUDESTE,91.2,92.906703
,2023-07-30,54361,COPASA EAT02 VARZEA FLORES,Consumidor Livre,SUDESTE,91.2,93.040454
,2023-07-31,54361,COPASA EAT02 VARZEA FLORES,Consumidor Livre,SUDESTE,91.2,89.67431499999999
,2023-08-01,54361,COPASA EAT02 VARZEA FLORES,Consumidor Livre,SUDESTE,91.2,89.526573
,2023-08-02,54361,COPASA EAT02 VARZEA FLORES,Consumidor Livre,SUDESTE,91.2,89.669945
,2023-08-03,54361,COPASA EAT02 VARZEA FLORES,Consumidor Livre,SUDESTE,91.2,89.593697
,2023-08-04,54361,COPASA EAT02 VARZEA FLORES,Consumidor Livre,SUDESTE,91.2,89.46978
,2023-08-05,54361,COPASA EAT02 VARZEA FLORES,Consumidor Livre,SUDESTE,91.2,92.940752
,2023-08-06,54361,COPASA EAT02 VARZEA FLORES,Consumidor Livre,SUDESTE,91.2,93.126009
,2023-08-07,54361,COPASA EAT02 VARZEA FLORES,Consumidor Livre,SUDESTE,91.2,89.50439
,2023-08-08,54361,COPASA EAT02 VARZEA FLORES,Consumidor Livre,SUDESTE,91.2,89.105576
,2023-08-09,54361,COPASA EAT02 VARZEA FLORES,Consumidor Livre,SUDESTE,91.2,87.258957
,2023-08-10,54361,COPASA EAT02 VARZEA FLORES,Consumidor Livre,SUDESTE,91.2,89.526867
,2023-08-11,54361,COPASA EAT02 VARZEA FLORES,Consumidor Livre,SUDESTE,91.2,89.387417
,2023-08-12,54361,COPASA EAT02 VARZEA FLORES,Consumidor Livre,SUDESTE,91.2,92.964454
,2023-08-13,54361,COPASA EAT02 VARZEA FLORES,Consumidor Livre,SUDESTE,91.2,92.786345
,2023-08-14,54361,COPASA EAT02 VARZEA FLORES,Consumidor Livre,SUDESTE,91.2,86.322593
,2023-08-15,54361,COPASA EAT02 VARZEA FLORES,Consumidor Livre,SUDESTE,91.2,88.95698900000001
,2023-08-16,54361,COPASA EAT02 VARZEA FLORES,Consumidor Livre,SUDESTE,91.2,89.142344
,2023-08-17,54361,COPASA EAT02 VARZEA FLORES,Consumidor Livre,SUDESTE,91.2,89.191198
,2023-08-18,54361,COPASA EAT02 VARZEA FLORES,Consumidor Livre,SUDESTE,91.2,84.246678
,2023-08-19,54361,COPASA EAT02 VARZEA FLORES,Consumidor Livre,SUDESTE,91.2,92.494888
,2023-08-20,54361,COPASA EAT02 VARZEA FLORES,Consumidor Livre,SUDESTE,91.2,92.592157
,2023-08-21,54361,COPASA EAT02 VARZEA FLORES,Consumidor Livre,SUDESTE,91.2,89.237539
,2023-08-22,54361,COPASA EAT02 VARZEA FLORES,Consumidor Livre,SUDESTE,91.2,89.038015
,2023-08-23,54361,COPASA EAT02 VARZEA FLORES,Consumidor Livre,SUDESTE,91.2,88.77693599999999
,2023-08-24,54361,COPASA EAT02 VARZEA FLORES,Consumidor Livre,SUDESTE,91.2,88.939114
,2023-08-25,54361,COPASA EAT02 VARZEA FLORES,Consumidor Livre,SUDESTE,91.2,88.948105
,2023-08-26,54361,COPASA EAT02 VARZEA FLORES,Consumidor Livre,SUDESTE,91.2,81.921362
,2023-08-27,54361,COPASA EAT02 VARZEA FLORES,Consumidor Livre,SUDESTE,91.2,92.685623
,2023-08-28,54361,COPASA EAT02 VARZEA FLORES,Consumidor Livre,SUDESTE,91.2,88.838046
,2023-08-29,54361,COPASA EAT02 VARZEA FLORES,Consumidor Livre,SUDESTE,91.2,89.15621
,2023-08-30,54361,COPASA EAT02 VARZEA FLORES,Consumidor Livre,SUDESTE,91.2,89.063711
,2023-08-31,54361,COPASA EAT02 VARZEA FLORES,Consumidor Livre,SUDESTE,91.2,89.134969
,2023-09-01,54361,COPASA EAT02 VARZEA FLORES,Consumidor Livre,SUDESTE,91.2,89.043259
,2023-09-02,54361,COPASA EAT02 VARZEA FLORES,Consumidor Livre,SUDESTE,91.2,43.921947
,2023-09-03,54361,COPASA EAT02 VARZEA FLORES,Consumidor Livre,SUDESTE,91.2,0.843862
,2023-09-04,54361,COPASA EAT02 VARZEA FLORES,Consumidor Livre,SUDESTE,91.2,77.7327
,2023-09-05,54361,COPASA EAT02 VARZEA FLORES,Consumidor Livre,SUDESTE,91.2,86.753974
,2023-09-06,54361,COPASA EAT02 VARZEA FLORES,Consumidor Livre,SUDESTE,91.2,89.310628
,2023-09-07,54361,COPASA EAT02 VARZEA FLORES,Consumidor Livre,SUDESTE,91.2,92.014493
,2023-09-08,54361,COPASA EAT02 VARZEA FLORES,Consumidor Livre,SUDESTE,91.2,89.22991400000001
,2023-09-09,54361,COPASA EAT02 VARZEA FLORES,Consumidor Livre,SUDESTE,91.2,92.650496
,2023-09-10,54361,COPASA EAT02 VARZEA FLORES,Consumidor Livre,SUDESTE,91.2,92.621379
,2023-09-11,54361,COPASA EAT02 VARZEA FLORES,Consumidor Livre,SUDESTE,91.2,88.76773299999999
,2023-09-12,54361,COPASA EAT02 VARZEA FLORES,Consumidor Livre,SUDESTE,91.2,89.117098
,2023-09-13,54361,COPASA EAT02 VARZEA FLORES,Consumidor Livre,SUDESTE,91.2,88.878913
,2023-09-14,54361,COPASA EAT02 VARZEA FLORES,Consumidor Livre,SUDESTE,91.2,89.146997
,2023-09-15,54361,COPASA EAT02 VARZEA FLORES,Consumidor Livre,SUDESTE,91.2,89.161843
,2023-09-16,54361,COPASA EAT02 VARZEA FLORES,Consumidor Livre,SUDESTE,91.2,92.570414
,2023-09-17,54361,COPASA EAT02 VARZEA FLORES,Consumidor Livre,SUDESTE,91.2,92.509871
,2023-09-18,54361,COPASA EAT02 VARZEA FLORES,Consumidor Livre,SUDESTE,91.2,89.10740200000001
,2023-09-19,54361,COPASA EAT02 VARZEA FLORES,Consumidor Livre,SUDESTE,91.2,88.811784
,2023-09-20,54361,COPASA EAT02 VARZEA FLORES,Consumidor Livre,SUDESTE,91.2,88.764544
,2023-09-21,54361,COPASA EAT02 VARZEA FLORES,Consumidor Livre,SUDESTE,91.2,87.777557
,2023-09-22,54361,COPASA EAT02 VARZEA FLORES,Consumidor Livre,SUDESTE,91.2,88.78763
,2023-09-23,54361,COPASA EAT02 VARZEA FLORES,Consumidor Livre,SUDESTE,91.2,92.265317
,2023-09-24,54361,COPASA EAT02 VARZEA FLORES,Consumidor Livre,SUDESTE,91.2,92.362495
,2023-09-25,54361,COPASA EAT02 VARZEA FLORES,Consumidor Livre,SUDESTE,91.2,88.477203
,2023-09-26,54361,COPASA EAT02 VARZEA FLORES,Consumidor Livre,SUDESTE,91.2,89.119147
,2023-09-27,54361,COPASA EAT02 VARZEA FLORES,Consumidor Livre,SUDESTE,91.2,89.096871
,2023-09-28,54361,COPASA EAT02 VARZEA FLORES,Consumidor Livre,SUDESTE,91.2,88.89887
,2023-09-29,54361,COPASA EAT02 VARZEA FLORES,Consumidor Livre,SUDESTE,91.2,88.818328
,2023-09-30,54361,COPASA EAT02 VARZEA FLORES,Consumidor Livre,SUDESTE,91.2,92.513799
,2023-10-01,54361,COPASA EAT02 VARZEA FLORES,Consumidor Livre,SUDESTE,91.2,92.57137
,2023-10-02,54361,COPASA EAT02 VARZEA FLORES,Consumidor Livre,SUDESTE,91.2,88.911272
,2023-10-03,54361,COPASA EAT02 VARZEA FLORES,Consumidor Livre,SUDESTE,91.2,88.839559
,2023-10-04,54361,COPASA EAT02 VARZEA FLORES,Consumidor Livre,SUDESTE,91.2,89.04001
,2023-10-05,54361,COPASA EAT02 VARZEA FLORES,Consumidor Livre,SUDESTE,91.2,89.069072
,2023-10-06,54361,COPASA EAT02 VARZEA FLORES,Consumidor Livre,SUDESTE,91.2,89.122642
,2023-10-07,54361,COPASA EAT02 VARZEA FLORES,Consumidor Livre,SUDESTE,91.2,92.46504
,2023-10-08,54361,COPASA EAT02 VARZEA FLORES,Consumidor Livre,SUDESTE,91.2,92.561956
,2023-10-09,54361,COPASA EAT02 VARZEA FLORES,Consumidor Livre,SUDESTE,91.2,88.836879
,2023-10-10,54361,COPASA EAT02 VARZEA FLORES,Consumidor Livre,SUDESTE,91.2,88.999017
,2023-10-11,54361,COPASA EAT02 VARZEA FLORES,Consumidor Livre,SUDESTE,91.2,88.740862
,2023-10-12,54361,COPASA EAT02 VARZEA FLORES,Consumidor Livre,SUDESTE,91.2,91.324829
,2023-10-13,54361,COPASA EAT02 VARZEA FLORES,Consumidor Livre,SUDESTE,91.2,88.916816
,2023-10-14,54361,COPASA EAT02 VARZEA FLORES,Consumidor Livre,SUDESTE,91.2,92.310228
,2023-10-15,54361,COPASA EAT02 VARZEA FLORES,Consumidor Livre,SUDESTE,91.2,92.216649
,2023-10-16,54361,COPASA EAT02 VARZEA FLORES,Consumidor Livre,SUDESTE,91.2,88.908575
,2023-10-17,54361,COPASA EAT02 VARZEA FLORES,Consumidor Livre,SUDESTE,91.2,88.234162
,2023-10-18,54361,COPASA EAT02 VARZEA FLORES,Consumidor Livre,SUDESTE,91.2,45.374027
,2023-10-19,54361,COPASA EAT02 VARZEA FLORES,Consumidor Livre,SUDESTE,91.2,89.47291799999999
,2023-10-20,54361,COPASA EAT02 VARZEA FLORES,Consumidor Livre,SUDESTE,91.2,83.67876
,2023-10-21,54361,COPASA EAT02 VARZEA FLORES,Consumidor Livre,SUDESTE,91.2,92.36759
,2023-10-22,54361,COPASA EAT02 VARZEA FLORES,Consumidor Livre,SUDESTE,91.2,92.280923
,2023-10-23,54361,COPASA EAT02 VARZEA FLORES,Consumidor Livre,SUDESTE,91.2,88.743664
,2023-10-24,54361,COPASA EAT02 VARZEA FLORES,Consumidor Livre,SUDESTE,91.2,80.119663
,2023-10-25,54361,COPASA EAT02 VARZEA FLORES,Consumidor Livre,SUDESTE,91.2,63.335737
,2023-10-26,54361,COPASA EAT02 VARZEA FLORES,Consumidor Livre,SUDESTE,91.2,88.814544
,2023-10-27,54361,COPASA EAT02 VARZEA FLORES,Consumidor Livre,SUDESTE,91.2,88.962197
,2023-10-28,54361,COPASA EAT02 VARZEA FLORES,Consumidor Livre,SUDESTE,91.2,93.477678
,2023-10-29,54361,COPASA EAT02 VARZEA FLORES,Consumidor Livre,SUDESTE,91.2,93.449289
,2023-10-30,54361,COPASA EAT02 VARZEA FLORES,Consumidor Livre,SUDESTE,91.2,89.06018999999999
,2023-10-31,54361,COPASA EAT02 VARZEA FLORES,Consumidor Livre,SUDESTE,91.2,88.741888
,2023-11-01,54361,COPASA EAT02 VARZEA FLORES,Consumidor Livre,SUDESTE,91.2,88.715433
,2023-11-02,54361,COPASA EAT02 VARZEA FLORES,Consumidor Livre,SUDESTE,91.2,91.736703
,2023-11-03,54361,COPASA EAT02 VARZEA FLORES,Consumidor Livre,SUDESTE,91.2,89.079492
,2023-11-04,54361,COPASA EAT02 VARZEA FLORES,Consumidor Livre,SUDESTE,91.2,92.320553
,2023-11-05,54361,COPASA EAT02 VARZEA FLORES,Consumidor Livre,SUDESTE,91.2,92.27423
,2023-11-06,54361,COPASA EAT02 VARZEA FLORES,Consumidor Livre,SUDESTE,91.2,87.626556
,2023-11-07,54361,COPASA EAT02 VARZEA FLORES,Consumidor Livre,SUDESTE,91.2,88.593771
,2023-11-08,54361,COPASA EAT02 VARZEA FLORES,Consumidor Livre,SUDESTE,91.2,89.016824
,2023-11-09,54361,COPASA EAT02 VARZEA FLORES,Consumidor Livre,SUDESTE,91.2,89.06465
,2023-11-10,54361,COPASA EAT02 VARZEA FLORES,Consumidor Livre,SUDESTE,91.2,89.055866
,2023-11-11,54361,COPASA EAT02 VARZEA FLORES,Consumidor Livre,SUDESTE,91.2,93.377524
,2023-11-12,54361,COPASA EAT02 VARZEA FLORES,Consumidor Livre,SUDESTE,91.2,93.134788
,2023-11-13,54361,COPASA EAT02 VARZEA FLORES,Consumidor Livre,SUDESTE,91.2,89.211839
,2023-11-14,54361,COPASA EAT02 VARZEA FLORES,Consumidor Livre,SUDESTE,91.2,89.404917
,2023-11-15,54361,COPASA EAT02 VARZEA FLORES,Consumidor Livre,SUDESTE,91.2,92.674746
,2023-11-16,54361,COPASA EAT02 VARZEA FLORES,Consumidor Livre,SUDESTE,91.2,92.337504
,2023-11-17,54361,COPASA EAT02 VARZEA FLORES,Consumidor Livre,SUDESTE,91.2,91.683711
,2023-11-18,54361,COPASA EAT02 VARZEA FLORES,Consumidor Livre,SUDESTE,91.2,90.98085
,2023-11-19,54361,COPASA EAT02 VARZEA FLORES,Consumidor Livre,SUDESTE,91.2,91.821842
,2023-11-20,54361,COPASA EAT02 VARZEA FLORES,Consumidor Livre,SUDESTE,91.2,92.098361
,2023-11-21,54361,COPASA EAT02 VARZEA FLORES,Consumidor Livre,SUDESTE,91.2,93.161144
,2023-11-22,54361,COPASA EAT02 VARZEA FLORES,Consumidor Livre,SUDESTE,91.2,89.624551
,2023-11-23,54361,COPASA EAT02 VARZEA FLORES,Consumidor Livre,SUDESTE,91.2,92.2165
,2023-11-24,54361,COPASA EAT02 VARZEA FLORES,Consumidor Livre,SUDESTE,91.2,92.855138
,2023-11-25,54361,COPASA EAT02 VARZEA FLORES,Consumidor Livre,SUDESTE,91.2,92.8398
,2023-11-26,54361,COPASA EAT02 VARZEA FLORES,Consumidor Livre,SUDESTE,91.2,92.21952
,2023-11-27,54361,COPASA EAT02 VARZEA FLORES,Consumidor Livre,SUDESTE,91.2,88.974643
,2023-11-28,54361,COPASA EAT02 VARZEA FLORES,Consumidor Livre,SUDESTE,91.2,89.260717
,2023-11-29,54361,COPASA EAT02 VARZEA FLORES,Consumidor Livre,SUDESTE,91.2,89.032688
,2023-11-30,54361,COPASA EAT02 VARZEA FLORES,Consumidor Livre,SUDESTE,91.2,88.960526
,2023-12-01,54361,COPASA EAT02 VARZEA FLORES,Consumidor Livre,SUDESTE,91.2,83.385242
,2023-12-02,54361,COPASA EAT02 VARZEA FLORES,Consumidor Livre,SUDESTE,91.2,91.993639
,2023-12-03,54361,COPASA EAT02 VARZEA FLORES,Consumidor Livre,SUDESTE,91.2,92.390257
,2023-12-04,54361,COPASA EAT02 VARZEA FLORES,Consumidor Livre,SUDESTE,91.2,88.405835
,2023-12-05,54361,COPASA EAT02 VARZEA FLORES,Consumidor Livre,SUDESTE,91.2,89.210191
,2023-12-06,54361,COPASA EAT02 VARZEA FLORES,Consumidor Livre,SUDESTE,91.2,89.110772
,2023-12-07,54361,COPASA EAT02 VARZEA FLORES,Consumidor Livre,SUDESTE,91.2,89.276399
,2023-12-08,54361,COPASA EAT02 VARZEA FLORES,Consumidor Livre,SUDESTE,91.2,89.204399
,2023-12-09,54361,COPASA EAT02 VARZEA FLORES,Consumidor Livre,SUDESTE,91.2,92.785041
,2023-12-10,54361,COPASA EAT02 VARZEA FLORES,Consumidor Livre,SUDESTE,91.2,92.775301
,2023-12-11,54361,COPASA EAT02 VARZEA FLORES,Consumidor Livre,SUDESTE,91.2,89.474467
,2023-12-12,54361,COPASA EAT02 VARZEA FLORES,Consumidor Livre,SUDESTE,91.2,75.994899
,2023-12-13,54361,COPASA EAT02 VARZEA FLORES,Consumidor Livre,SUDESTE,91.2,72.27394
,2023-12-14,54361,COPASA EAT02 VARZEA FLORES,Consumidor Livre,SUDESTE,91.2,72.063026
,2023-12-15,54361,COPASA EAT02 VARZEA FLORES,Consumidor Livre,SUDESTE,91.2,83.858561
,2023-12-16,54361,COPASA EAT02 VARZEA FLORES,Consumidor Livre,SUDESTE,91.2,92.516535
,2023-12-17,54361,COPASA EAT02 VARZEA FLORES,Consumidor Livre,SUDESTE,91.2,92.546506
,2023-12-18,54361,COPASA EAT02 VARZEA FLORES,Consumidor Livre,SUDESTE,91.2,89.057024
,2023-12-19,54361,COPASA EAT02 VARZEA FLORES,Consumidor Livre,SUDESTE,91.2,43.226685
,2023-12-20,54361,COPASA EAT02 VARZEA FLORES,Consumidor Livre,SUDESTE,91.2,87.14766300000001
,2023-12-21,54361,COPASA EAT02 VARZEA FLORES,Consumidor Livre,SUDESTE,91.2,82.839533
,2023-12-22,54361,COPASA EAT02 VARZEA FLORES,Consumidor Livre,SUDESTE,91.2,89.651023
,2023-12-23,54361,COPASA EAT02 VARZEA FLORES,Consumidor Livre,SUDESTE,91.2,93.132268
,2023-12-24,54361,COPASA EAT02 VARZEA FLORES,Consumidor Livre,SUDESTE,91.2,93.088983
,2023-12-25,54361,COPASA EAT02 VARZEA FLORES,Consumidor Livre,SUDESTE,91.2,92.878558
,2023-12-26,54361,COPASA EAT02 VARZEA FLORES,Consumidor Livre,SUDESTE,91.2,89.603961
,2023-12-27,54361,COPASA EAT02 VARZEA FLORES,Consumidor Livre,SUDESTE,91.2,88.42599
,2023-12-28,54361,COPASA EAT02 VARZEA FLORES,Consumidor Livre,SUDESTE,91.2,89.157726
,2023-12-29,54361,COPASA EAT02 VARZEA FLORES,Consumidor Livre,SUDESTE,91.2,89.139419
,2023-12-30,54361,COPASA EAT02 VARZEA FLORES,Consumidor Livre,SUDESTE,91.2,93.806069
,2023-12-31,54361,COPASA EAT02 VARZEA FLORES,Consumidor Livre,SUDESTE,91.2,94.133009
,2024-01-01,54361,COPASA EAT02 VARZEA FLORES,Consumidor Livre,SUDESTE,91.2,94.143429
,2024-01-02,54361,COPASA EAT02 VARZEA FLORES,Consumidor Livre,SUDESTE,91.2,89.792121
,2024-01-03,54361,COPASA EAT02 VARZEA FLORES,Consumidor Livre,SUDESTE,91.2,86.884569
,2024-01-04,54361,COPASA EAT02 VARZEA FLORES,Consumidor Livre,SUDESTE,91.2,52.936084
,2024-01-05,54361,COPASA EAT02 VARZEA FLORES,Consumidor Livre,SUDESTE,91.2,88.877121
,2024-01-06,54361,COPASA EAT02 VARZEA FLORES,Consumidor Livre,SUDESTE,91.2,92.10808
,2024-01-07,54361,COPASA EAT02 VARZEA FLORES,Consumidor Livre,SUDESTE,91.2,91.923947
,2024-01-08,54361,COPASA EAT02 VARZEA FLORES,Consumidor Livre,SUDESTE,91.2,74.659532
,2024-01-09,54361,COPASA EAT02 VARZEA FLORES,Consumidor Livre,SUDESTE,91.2,71.113762
,2024-01-10,54361,COPASA EAT02 VARZEA FLORES,Consumidor Livre,SUDESTE,91.2,78.245841
,2024-01-11,54361,COPASA EAT02 VARZEA FLORES,Consumidor Livre,SUDESTE,91.2,88.302624
,2024-01-12,54361,COPASA EAT02 VARZEA FLORES,Consumidor Livre,SUDESTE,91.2,85.061375
,2024-01-13,54361,COPASA EAT02 VARZEA FLORES,Consumidor Livre,SUDESTE,91.2,92.518095
,2024-01-14,54361,COPASA EAT02 VARZEA FLORES,Consumidor Livre,SUDESTE,91.2,75.830052
,2024-01-15,54361,COPASA EAT02 VARZEA FLORES,Consumidor Livre,SUDESTE,91.2,72.224541
,2024-01-16,54361,COPASA EAT02 VARZEA FLORES,Consumidor Livre,SUDESTE,91.2,88.435441
,2024-01-17,54361,COPASA EAT02 VARZEA FLORES,Consumidor Livre,SUDESTE,91.2,88.497151
,2024-01-18,54361,COPASA EAT02 VARZEA FLORES,Consumidor Livre,SUDESTE,91.2,88.273617
,2024-01-19,54361,COPASA EAT02 VARZEA FLORES,Consumidor Livre,SUDESTE,91.2,88.526276
,2024-01-20,54361,COPASA EAT02 VARZEA FLORES,Consumidor Livre,SUDESTE,91.2,92.410886
,2024-01-21,54361,COPASA EAT02 VARZEA FLORES,Consumidor Livre,SUDESTE,91.2,88.019649
,2024-01-22,54361,COPASA EAT02 VARZEA FLORES,Consumidor Livre,SUDESTE,91.2,77.200107
,2024-01-23,54361,COPASA EAT02 VARZEA FLORES,Consumidor Livre,SUDESTE,91.2,88.130594
,2024-01-24,54361,COPASA EAT02 VARZEA FLORES,Consumidor Livre,SUDESTE,91.2,89.078774
,2024-01-25,54361,COPASA EAT02 VARZEA FLORES,Consumidor Livre,SUDESTE,91.2,88.491715
,2024-01-26,54361,COPASA EAT02 VARZEA FLORES,Consumidor Livre,SUDESTE,91.2,83.392668
,2024-01-27,54361,COPASA EAT02 VARZEA FLORES,Consumidor Livre,SUDESTE,91.2,93.06612
,2024-01-28,54361,COPASA EAT02 VARZEA FLORES,Consumidor Livre,SUDESTE,91.2,93.187723
,2024-01-29,54361,COPASA EAT02 VARZEA FLORES,Consumidor Livre,SUDESTE,91.2,85.754499
,2024-01-30,54361,COPASA EAT02 VARZEA FLORES,Consumidor Livre,SUDESTE,91.2,86.150395
,2024-01-31,54361,COPASA EAT02 VARZEA FLORES,Consumidor Livre,SUDESTE,91.2,89.419731
,2024-02-01,54361,COPASA EAT02 VARZEA FLORES,Consumidor Livre,SUDESTE,91.2,90.046291
,2024-02-02,54361,COPASA EAT02 VARZEA FLORES,Consumidor Livre,SUDESTE,91.2,89.987014
,2024-02-03,54361,COPASA EAT02 VARZEA FLORES,Consumidor Livre,SUDESTE,91.2,93.333004
,2024-02-04,54361,COPASA EAT02 VARZEA FLORES,Consumidor Livre,SUDESTE,91.2,93.682266
,2024-02-05,54361,COPASA EAT02 VARZEA FLORES,Consumidor Livre,SUDESTE,91.2,90.215761
,2024-02-06,54361,COPASA EAT02 VARZEA FLORES,Consumidor Livre,SUDESTE,91.2,90.001017
,2024-02-07,54361,COPASA EAT02 VARZEA FLORES,Consumidor Livre,SUDESTE,91.2,89.880794
,2024-02-08,54361,COPASA EAT02 VARZEA FLORES,Consumidor Livre,SUDESTE,91.2,89.850139
,2024-02-09,54361,COPASA EAT02 VARZEA FLORES,Consumidor Livre,SUDESTE,91.2,89.832279
,2024-02-10,54361,COPASA EAT02 VARZEA FLORES,Consumidor Livre,SUDESTE,91.2,93.550195
,2024-02-11,54361,COPASA EAT02 VARZEA FLORES,Consumidor Livre,SUDESTE,91.2,93.620091
,2024-02-12,54361,COPASA EAT02 VARZEA FLORES,Consumidor Livre,SUDESTE,91.2,89.56534500000001
,2024-02-13,54361,COPASA EAT02 VARZEA FLORES,Consumidor Livre,SUDESTE,91.2,90.046947
,2024-02-14,54361,COPASA EAT02 VARZEA FLORES,Consumidor Livre,SUDESTE,91.2,89.731094
,2024-02-15,54361,COPASA EAT02 VARZEA FLORES,Consumidor Livre,SUDESTE,91.2,88.770225
,2024-02-16,54361,COPASA EAT02 VARZEA FLORES,Consumidor Livre,SUDESTE,91.2,88.702469
,2024-02-17,54361,COPASA EAT02 VARZEA FLORES,Consumidor Livre,SUDESTE,91.2,93.058956
,2024-02-18,54361,COPASA EAT02 VARZEA FLORES,Consumidor Livre,SUDESTE,91.2,93.109001
,2024-02-19,54361,COPASA EAT02 VARZEA FLORES,Consumidor Livre,SUDESTE,91.2,89.741447
,2024-02-20,54361,COPASA EAT02 VARZEA FLORES,Consumidor Livre,SUDESTE,91.2,89.718272
,2024-02-21,54361,COPASA EAT02 VARZEA FLORES,Consumidor Livre,SUDESTE,91.2,89.929964
,2024-02-22,54361,COPASA EAT02 VARZEA FLORES,Consumidor Livre,SUDESTE,91.2,89.669043
,2024-02-23,54361,COPASA EAT02 VARZEA FLORES,Consumidor Livre,SUDESTE,91.2,89.664229
,2024-02-24,54361,COPASA EAT02 VARZEA FLORES,Consumidor Livre,SUDESTE,91.2,93.28677
,2024-02-25,54361,COPASA EAT02 VARZEA FLORES,Consumidor Livre,SUDESTE,91.2,93.23421
,2024-02-26,54361,COPASA EAT02 VARZEA FLORES,Consumidor Livre,SUDESTE,91.2,89.762203
,2024-02-27,54361,COPASA EAT02 VARZEA FLORES,Consumidor Livre,SUDESTE,91.2,89.89652699999999
,2024-02-28,54361,COPASA EAT02 VARZEA FLORES,Consumidor Livre,SUDESTE,91.2,89.522155
,2024-02-29,54361,COPASA EAT02 VARZEA FLORES,Consumidor Livre,SUDESTE,91.2,89.389375
202403.0,2024-03-01,54361,COPASA EAT02 VARZEA FLORES,Consumidor Livre,SUDESTE,91.2,89.592328
202403.0,2024-03-02,54361,COPASA EAT02 VARZEA FLORES,Consumidor Livre,SUDESTE,91.2,93.053542
202403.0,2024-03-03,54361,COPASA EAT02 VARZEA FLORES,Consumidor Livre,SUDESTE,91.2,93.063255
202403.0,2024-03-04,54361,COPASA EAT02 VARZEA FLORES,Consumidor Livre,SUDESTE,91.2,89.141497
202403.0,2024-03-05,54361,COPASA EAT02 VARZEA FLORES,Consumidor Livre,SUDESTE,91.2,81.195489
202403.0,2024-03-06,54361,COPASA EAT02 VARZEA FLORES,Consumidor Livre,SUDESTE,91.2,89.499123
202403.0,2024-03-07,54361,COPASA EAT02 VARZEA FLORES,Consumidor Livre,SUDESTE,91.2,89.459249
202403.0,2024-03-08,54361,COPASA EAT02 VARZEA FLORES,Consumidor Livre,SUDESTE,91.2,89.567405
202403.0,2024-03-09,54361,COPASA EAT02 VARZEA FLORES,Consumidor Livre,SUDESTE,91.2,92.876289
202403.0,2024-03-10,54361,COPASA EAT02 VARZEA FLORES,Consumidor Livre,SUDESTE,91.2,92.913782
202403.0,2024-03-11,54361,COPASA EAT02 VARZEA FLORES,Consumidor Livre,SUDESTE,91.2,76.733213
202403.0,2024-03-12,54361,COPASA EAT02 VARZEA FLORES,Consumidor Livre,SUDESTE,91.2,89.164017
202403.0,2024-03-13,54361,COPASA EAT02 VARZEA FLORES,Consumidor Livre,SUDESTE,91.2,89.122718
202403.0,2024-03-14,54361,COPASA EAT02 VARZEA FLORES,Consumidor Livre,SUDESTE,91.2,89.227136
202403.0,2024-03-15,54361,COPASA EAT02 VARZEA FLORES,Consumidor Livre,SUDESTE,91.2,89.180089
202403.0,2024-03-16,54361,COPASA EAT02 VARZEA FLORES,Consumidor Livre,SUDESTE,91.2,92.761892
202403.0,2024-03-17,54361,COPASA EAT02 VARZEA FLORES,Consumidor Livre,SUDESTE,91.2,92.654742
202403.0,2024-03-18,54361,COPASA EAT02 VARZEA FLORES,Consumidor Livre,SUDESTE,91.2,89.245969
202403.0,2024-03-19,54361,COPASA EAT02 VARZEA FLORES,Consumidor Livre,SUDESTE,91.2,88.777338
202403.0,2024-03-20,54361,COPASA EAT02 VARZEA FLORES,Consumidor Livre,SUDESTE,91.2,86.355035
202403.0,2024-03-21,54361,COPASA EAT02 VARZEA FLORES,Consumidor Livre,SUDESTE,91.2,89.318978
202403.0,2024-03-22,54361,COPASA EAT02 VARZEA FLORES,Consumidor Livre,SUDESTE,91.2,89.283928
202403.0,2024-03-23,54361,COPASA EAT02 VARZEA FLORES,Consumidor Livre,SUDESTE,91.2,92.707439
202403.0,2024-03-24,54361,COPASA EAT02 VARZEA FLORES,Consumidor Livre,SUDESTE,91.2,93.010681
202403.0,2024-03-25,54361,COPASA EAT02 VARZEA FLORES,Consumidor Livre,SUDESTE,91.2,89.679402
202403.0,2024-03-26,54361,COPASA EAT02 VARZEA FLORES,Consumidor Livre,SUDESTE,91.2,84.298167
202403.0,2024-03-27,54361,COPASA EAT02 VARZEA FLORES,Consumidor Livre,SUDESTE,91.2,89.180201
202403.0,2024-03-28,54361,COPASA EAT02 VARZEA FLORES,Consumidor Livre,SUDESTE,91.2,90.028191
202403.0,2024-03-29,54361,COPASA EAT02 VARZEA FLORES,Consumidor Livre,SUDESTE,91.2,93.276613
202403.0,2024-03-30,54361,COPASA EAT02 VARZEA FLORES,Consumidor Livre,SUDESTE,91.2,93.301163
202403.0,2024-03-31,54361,COPASA EAT02 VARZEA FLORES,Consumidor Livre,SUDESTE,91.2,83.314862
202404.0,2024-04-01,54361,COPASA EAT02 VARZEA FLORES,Consumidor Livre,SUDESTE,91.2,88.913954
202404.0,2024-04-02,54361,COPASA EAT02 VARZEA FLORES,Consumidor Livre,SUDESTE,91.2,89.550815
202404.0,2024-04-03,54361,COPASA EAT02 VARZEA FLORES,Consumidor Livre,SUDESTE,91.2,85.335553
202404.0,2024-04-04,54361,COPASA EAT02 VARZEA FLORES,Consumidor Livre,SUDESTE,91.2,88.93646
202404.0,2024-04-05,54361,COPASA EAT02 VARZEA FLORES,Consumidor Livre,SUDESTE,91.2,89.461463
202404.0,2024-04-06,54361,COPASA EAT02 VARZEA FLORES,Consumidor Livre,SUDESTE,91.2,93.090499
202404.0,2024-04-07,54361,COPASA EAT02 VARZEA FLORES,Consumidor Livre,SUDESTE,91.2,93.321854
202404.0,2024-04-08,54361,COPASA EAT02 VARZEA FLORES,Consumidor Livre,SUDESTE,91.2,89.669859
202404.0,2024-04-09,54361,COPASA EAT02 VARZEA FLORES,Consumidor Livre,SUDESTE,91.2,89.411113
202404.0,2024-04-10,54361,COPASA EAT02 VARZEA FLORES,Consumidor Livre,SUDESTE,91.2,85.179829
202404.0,2024-04-11,54361,COPASA EAT02 VARZEA FLORES,Consumidor Livre,SUDESTE,91.2,87.48802
202404.0,2024-04-12,54361,COPASA EAT02 VARZEA FLORES,Consumidor Livre,SUDESTE,91.2,88.795243
202404.0,2024-04-13,54361,COPASA EAT02 VARZEA FLORES,Consumidor Livre,SUDESTE,91.2,93.240085
202404.0,2024-04-14,54361,COPASA EAT02 VARZEA FLORES,Consumidor Livre,SUDESTE,91.2,93.159988
202404.0,2024-04-15,54361,COPASA EAT02 VARZEA FLORES,Consumidor Livre,SUDESTE,91.2,89.952333
202404.0,2024-04-16,54361,COPASA EAT02 VARZEA FLORES,Consumidor Livre,SUDESTE,91.2,89.953898
202404.0,2024-04-17,54361,COPASA EAT02 VARZEA FLORES,Consumidor Livre,SUDESTE,91.2,86.894572
202404.0,2024-04-18,54361,COPASA EAT02 VARZEA FLORES,Consumidor Livre,SUDESTE,91.2,90.22472
202404.0,2024-04-19,54361,COPASA EAT02 VARZEA FLORES,Consumidor Livre,SUDESTE,91.2,89.917277
202404.0,2024-04-20,54361,COPASA EAT02 VARZEA FLORES,Consumidor Livre,SUDESTE,91.2,93.699514
202404.0,2024-04-21,54361,COPASA EAT02 VARZEA FLORES,Consumidor Livre,SUDESTE,91.2,93.53734
202404.0,2024-04-22,54361,COPASA EAT02 VARZEA FLORES,Consumidor Livre,SUDESTE,91.2,88.907021
202404.0,2024-04-23,54361,COPASA EAT02 VARZEA FLORES,Consumidor Livre,SUDESTE,91.2,90.14197
202404.0,2024-04-24,54361,COPASA EAT02 VARZEA FLORES,Consumidor Livre,SUDESTE,91.2,90.028097
202404.0,2024-04-25,54361,COPASA EAT02 VARZEA FLORES,Consumidor Livre,SUDESTE,91.2,89.749182
202404.0,2024-04-26,54361,COPASA EAT02 VARZEA FLORES,Consumidor Livre,SUDESTE,91.2,90.27194
202404.0,2024-04-27,54361,COPASA EAT02 VARZEA FLORES,Consumidor Livre,SUDESTE,91.2,93.666118
202404.0,2024-04-28,54361,COPASA EAT02 VARZEA FLORES,Consumidor Livre,SUDESTE,91.2,93.567959
202404.0,2024-04-29,54361,COPASA EAT02 VARZEA FLORES,Consumidor Livre,SUDESTE,91.2,90.217746
202404.0,2024-04-30,54361,COPASA EAT02 VARZEA FLORES,Consumidor Livre,SUDESTE,91.2,90.12147
202405.0,2024-05-01,54361,COPASA EAT02 VARZEA FLORES,Consumidor Livre,SUDESTE,91.2,93.52357
202405.0,2024-05-02,54361,COPASA EAT02 VARZEA FLORES,Consumidor Livre,SUDESTE,91.2,89.896401
202405.0,2024-05-03,54361,COPASA EAT02 VARZEA FLORES,Consumidor Livre,SUDESTE,91.2,89.904379
202405.0,2024-05-04,54361,COPASA EAT02 VARZEA FLORES,Consumidor Livre,SUDESTE,91.2,93.143713
202405.0,2024-05-05,54361,COPASA EAT02 VARZEA FLORES,Consumidor Livre,SUDESTE,91.2,93.232246
202405.0,2024-05-06,54361,COPASA EAT02 VARZEA FLORES,Consumidor Livre,SUDESTE,91.2,89.75919999999999
202405.0,2024-05-07,54361,COPASA EAT02 VARZEA FLORES,Consumidor Livre,SUDESTE,91.2,88.821543
202405.0,2024-05-08,54361,COPASA EAT02 VARZEA FLORES,Consumidor Livre,SUDESTE,91.2,89.785255
202405.0,2024-05-09,54361,COPASA EAT02 VARZEA FLORES,Consumidor Livre,SUDESTE,91.2,89.780807
202405.0,2024-05-10,54361,COPASA EAT02 VARZEA FLORES,Consumidor Livre,SUDESTE,91.2,89.646018
202405.0,2024-05-11,54361,COPASA EAT02 VARZEA FLORES,Consumidor Livre,SUDESTE,91.2,92.476141
202405.0,2024-05-12,54361,COPASA EAT02 VARZEA FLORES,Consumidor Livre,SUDESTE,91.2,92.870483
202405.0,2024-05-13,54361,COPASA EAT02 VARZEA FLORES,Consumidor Livre,SUDESTE,91.2,89.920348
202405.0,2024-05-14,54361,COPASA EAT02 VARZEA FLORES,Consumidor Livre,SUDESTE,91.2,89.745752
202405.0,2024-05-15,54361,COPASA EAT02 VARZEA FLORES,Consumidor Livre,SUDESTE,91.2,89.983329
202405.0,2024-05-16,54361,COPASA EAT02 VARZEA FLORES,Consumidor Livre,SUDESTE,91.2,89.990896
202405.0,2024-05-17,54361,COPASA EAT02 VARZEA FLORES,Consumidor Livre,SUDESTE,91.2,89.997574
202405.0,2024-05-18,54361,COPASA EAT02 VARZEA FLORES,Consumidor Livre,SUDESTE,91.2,93.251282
202405.0,2024-05-19,54361,COPASA EAT02 VARZEA FLORES,Consumidor Livre,SUDESTE,91.2,93.252215
202405.0,2024-05-20,54361,COPASA EAT02 VARZEA FLORES,Consumidor Livre,SUDESTE,91.2,90.00639
202405.0,2024-05-21,54361,COPASA EAT02 VARZEA FLORES,Consumidor Livre,SUDESTE,91.2,88.543618
202405.0,2024-05-22,54361,COPASA EAT02 VARZEA FLORES,Consumidor Livre,SUDESTE,91.2,88.610051
202405.0,2024-05-23,54361,COPASA EAT02 VARZEA FLORES,Consumidor Livre,SUDESTE,91.2,90.134088
202405.0,2024-05-24,54361,COPASA EAT02 VARZEA FLORES,Consumidor Livre,SUDESTE,91.2,90.083898
202405.0,2024-05-25,54361,COPASA EAT02 VARZEA FLORES,Consumidor Livre,SUDESTE,91.2,93.220252
202405.0,2024-05-26,54361,COPASA EAT02 VARZEA FLORES,Consumidor Livre,SUDESTE,91.2,93.185721
202405.0,2024-05-27,54361,COPASA EAT02 VARZEA FLORES,Consumidor Livre,SUDESTE,91.2,90.248163
202405.0,2024-05-28,54361,COPASA EAT02 VARZEA FLORES,Consumidor Livre,SUDESTE,91.2,89.921184
202405.0,2024-05-29,54361,COPASA EAT02 VARZEA FLORES,Consumidor Livre,SUDESTE,91.2,89.721997
202405.0,2024-05-30,54361,COPASA EAT02 VARZEA FLORES,Consumidor Livre,SUDESTE,91.2,92.644438
202405.0,2024-05-31,54361,COPASA EAT02 VARZEA FLORES,Consumidor Livre,SUDESTE,91.2,89.711232
202406.0,2024-06-01,54361,COPASA EAT02 VARZEA FLORES,Consumidor Livre,SUDESTE,91.2,92.925118
202406.0,2024-06-02,54361,COPASA EAT02 VARZEA FLORES,Consumidor Livre,SUDESTE,91.2,93.006578
202406.0,2024-06-03,54361,COPASA EAT02 VARZEA FLORES,Consumidor Livre,SUDESTE,91.2,89.613825
202406.0,2024-06-04,54361,COPASA EAT02 VARZEA FLORES,Consumidor Livre,SUDESTE,91.2,89.653499
202406.0,2024-06-05,54361,COPASA EAT02 VARZEA FLORES,Consumidor Livre,SUDESTE,91.2,89.56455
202406.0,2024-06-06,54361,COPASA EAT02 VARZEA FLORES,Consumidor Livre,SUDESTE,91.2,88.713197
202406.0,2024-06-07,54361,COPASA EAT02 VARZEA FLORES,Consumidor Livre,SUDESTE,91.2,89.576795
202406.0,2024-06-08,54361,COPASA EAT02 VARZEA FLORES,Consumidor Livre,SUDESTE,91.2,93.020703
202406.0,2024-06-09,54361,COPASA EAT02 VARZEA FLORES,Consumidor Livre,SUDESTE,91.2,93.162719
202406.0,2024-06-10,54361,COPASA EAT02 VARZEA FLORES,Consumidor Livre,SUDESTE,91.2,84.047861
202406.0,2024-06-11,54361,COPASA EAT02 VARZEA FLORES,Consumidor Livre,SUDESTE,91.2,87.382356
202406.0,2024-06-12,54361,COPASA EAT02 VARZEA FLORES,Consumidor Livre,SUDESTE,91.2,89.007768
202406.0,2024-06-13,54361,COPASA EAT02 VARZEA FLORES,Consumidor Livre,SUDESTE,91.2,89.518663
202406.0,2024-06-14,54361,COPASA EAT02 VARZEA FLORES,Consumidor Livre,SUDESTE,91.2,89.655567
202406.0,2024-06-15,54361,COPASA EAT02 VARZEA FLORES,Consumidor Livre,SUDESTE,91.2,92.867379
202406.0,2024-06-16,54361,COPASA EAT02 VARZEA FLORES,Consumidor Livre,SUDESTE,91.2,92.701594
202406.0,2024-06-17,54361,COPASA EAT02 VARZEA FLORES,Consumidor Livre,SUDESTE,91.2,89.45706
202406.0,2024-06-18,54361,COPASA EAT02 VARZEA FLORES,Consumidor Livre,SUDESTE,91.2,89.449965
202406.0,2024-06-19,54361,COPASA EAT02 VARZEA FLORES,Consumidor Livre,SUDESTE,91.2,89.227728
202406.0,2024-06-20,54361,COPASA EAT02 VARZEA FLORES,Consumidor Livre,SUDESTE,91.2,89.580453
202406.0,2024-06-21,54361,COPASA EAT02 VARZEA FLORES,Consumidor Livre,SUDESTE,91.2,89.529477
202406.0,2024-06-22,54361,COPASA EAT02 VARZEA FLORES,Consumidor Livre,SUDESTE,91.2,93.123171
202406.0,2024-06-23,54361,COPASA EAT02 VARZEA FLORES,Consumidor Livre,SUDESTE,91.2,93.193294
202406.0,2024-06-24,54361,COPASA EAT02 VARZEA FLORES,Consumidor Livre,SUDESTE,91.2,89.754754
202406.0,2024-06-25,54361,COPASA EAT02 VARZEA FLORES,Consumidor Livre,SUDESTE,91.2,89.37618
202406.0,2024-06-26,54361,COPASA EAT02 VARZEA FLORES,Consumidor Livre,SUDESTE,91.2,89.325547
202406.0,2024-06-27,54361,COPASA EAT02 VARZEA FLORES,Consumidor Livre,SUDESTE,91.2,33.530823
202406.0,2024-06-28,54361,COPASA EAT02 VARZEA FLORES,Consumidor Livre,SUDESTE,91.2,87.807762
202406.0,2024-06-29,54361,COPASA EAT02 VARZEA FLORES,Consumidor Livre,SUDESTE,91.2,93.112397
202406.0,2024-06-30,54361,COPASA EAT02 VARZEA FLORES,Consumidor Livre,SUDESTE,91.2,92.454378
202407.0,2024-07-01,54361,COPASA EAT02 VARZEA FLORES,Consumidor Livre,SUDESTE,91.2,89.126519
202407.0,2024-07-02,54361,COPASA EAT02 VARZEA FLORES,Consumidor Livre,SUDESTE,91.2,90.102892
202407.0,2024-07-03,54361,COPASA EAT02 VARZEA FLORES,Consumidor Livre,SUDESTE,91.2,81.366312
202407.0,2024-07-04,54361,COPASA EAT02 VARZEA FLORES,Consumidor Livre,SUDESTE,91.2,86.410609
202407.0,2024-07-05,54361,COPASA EAT02 VARZEA FLORES,Consumidor Livre,SUDESTE,91.2,85.683523
202407.0,2024-07-06,54361,COPASA EAT02 VARZEA FLORES,Consumidor Livre,SUDESTE,91.2,92.86388
202407.0,2024-07-07,54361,COPASA EAT02 VARZEA FLORES,Consumidor Livre,SUDESTE,91.2,93.113206
202407.0,2024-07-08,54361,COPASA EAT02 VARZEA FLORES,Consumidor Livre,SUDESTE,91.2,86.629898
202407.0,2024-07-09,54361,COPASA EAT02 VARZEA FLORES,Consumidor Livre,SUDESTE,91.2,81.451959
202407.0,2024-07-10,54361,COPASA EAT02 VARZEA FLORES,Consumidor Livre,SUDESTE,91.2,86.60559
202407.0,2024-07-11,54361,COPASA EAT02 VARZEA FLORES,Consumidor Livre,SUDESTE,91.2,87.7094
202407.0,2024-07-12,54361,COPASA EAT02 VARZEA FLORES,Consumidor Livre,SUDESTE,91.2,84.576356
202407.0,2024-07-13,54361,COPASA EAT02 VARZEA FLORES,Consumidor Livre,SUDESTE,91.2,93.408399
202407.0,2024-07-14,54361,COPASA EAT02 VARZEA FLORES,Consumidor Livre,SUDESTE,91.2,93.243968
202407.0,2024-07-15,54361,COPASA EAT02 VARZEA FLORES,Consumidor Livre,SUDESTE,91.2,82.51503
202407.0,2024-07-16,54361,COPASA EAT02 VARZEA FLORES,Consumidor Livre,SUDESTE,91.2,89.883147
202407.0,2024-07-17,54361,COPASA EAT02 VARZEA FLORES,Consumidor Livre,SUDESTE,91.2,89.769777
202407.0,2024-07-18,54361,COPASA EAT02 VARZEA FLORES,Consumidor Livre,SUDESTE,91.2,89.904612
202407.0,2024-07-19,54361,COPASA EAT02 VARZEA FLORES,Consumidor Livre,SUDESTE,91.2,89.961496
202407.0,2024-07-20,54361,COPASA EAT02 VARZEA FLORES,Consumidor Livre,SUDESTE,91.2,93.137931
202407.0,2024-07-21,54361,COPASA EAT02 VARZEA FLORES,Consumidor Livre,SUDESTE,91.2,93.21702
202407.0,2024-07-22,54361,COPASA EAT02 VARZEA FLORES,Consumidor Livre,SUDESTE,91.2,90.174614
202407.0,2024-07-23,54361,COPASA EAT02 VARZEA FLORES,Consumidor Livre,SUDESTE,91.2,90.152171
202407.0,2024-07-24,54361,COPASA EAT02 VARZEA FLORES,Consumidor Livre,SUDESTE,91.2,89.878843
202407.0,2024-07-25,54361,COPASA EAT02 VARZEA FLORES,Consumidor Livre,SUDESTE,91.2,89.698441
202407.0,2024-07-26,54361,COPASA EAT02 VARZEA FLORES,Consumidor Livre,SUDESTE,91.2,90.192537
202407.0,2024-07-27,54361,COPASA EAT02 VARZEA FLORES,Consumidor Livre,SUDESTE,91.2,93.22303
202407.0,2024-07-28,54361,COPASA EAT02 VARZEA FLORES,Consumidor Livre,SUDESTE,91.2,92.689225
202407.0,2024-07-29,54361,COPASA EAT02 VARZEA FLORES,Consumidor Livre,SUDESTE,91.2,74.14196
202407.0,2024-07-30,54361,COPASA EAT02 VARZEA FLORES,Consumidor Livre,SUDESTE,91.2,83.585829
202407.0,2024-07-31,54361,COPASA EAT02 VARZEA FLORES,Consumidor Livre,SUDESTE,91.2,89.966603
202408.0,2024-08-01,54361,COPASA EAT02 VARZEA FLORES,Consumidor Livre,SUDESTE,91.2,89.895109
202408.0,2024-08-02,54361,COPASA EAT02 VARZEA FLORES,Consumidor Livre,SUDESTE,91.2,89.568993
202408.0,2024-08-03,54361,COPASA EAT02 VARZEA FLORES,Consumidor Livre,SUDESTE,91.2,93.114217
202408.0,2024-08-04,54361,COPASA EAT02 VARZEA FLORES,Consumidor Livre,SUDESTE,91.2,93.275453
202408.0,2024-08-05,54361,COPASA EAT02 VARZEA FLORES,Consumidor Livre,SUDESTE,91.2,89.749426
202408.0,2024-08-06,54361,COPASA EAT02 VARZEA FLORES,Consumidor Livre,SUDESTE,91.2,87.339212
202408.0,2024-08-07,54361,COPASA EAT02 VARZEA FLORES,Consumidor Livre,SUDESTE,91.2,79.550592
202408.0,2024-08-08,54361,COPASA EAT02 VARZEA FLORES,Consumidor Livre,SUDESTE,91.2,89.075024
202408.0,2024-08-09,54361,COPASA EAT02 VARZEA FLORES,Consumidor Livre,SUDESTE,91.2,89.80747099999999
202408.0,2024-08-10,54361,COPASA EAT02 VARZEA FLORES,Consumidor Livre,SUDESTE,91.2,92.998823
202408.0,2024-08-11,54361,COPASA EAT02 VARZEA FLORES,Consumidor Livre,SUDESTE,91.2,92.80258
202408.0,2024-08-12,54361,COPASA EAT02 VARZEA FLORES,Consumidor Livre,SUDESTE,91.2,89.099174
202408.0,2024-08-13,54361,COPASA EAT02 VARZEA FLORES,Consumidor Livre,SUDESTE,91.2,89.631438
202408.0,2024-08-14,54361,COPASA EAT02 VARZEA FLORES,Consumidor Livre,SUDESTE,91.2,89.970267
202408.0,2024-08-15,54361,COPASA EAT02 VARZEA FLORES,Consumidor Livre,SUDESTE,91.2,89.575601
202408.0,2024-08-16,54361,COPASA EAT02 VARZEA FLORES,Consumidor Livre,SUDESTE,91.2,89.586659
202408.0,2024-08-17,54361,COPASA EAT02 VARZEA FLORES,Consumidor Livre,SUDESTE,91.2,93.147926
202408.0,2024-08-18,54361,COPASA EAT02 VARZEA FLORES,Consumidor Livre,SUDESTE,91.2,92.932989
202408.0,2024-08-19,54361,COPASA EAT02 VARZEA FLORES,Consumidor Livre,SUDESTE,91.2,90.048809
202408.0,2024-08-20,54361,COPASA EAT02 VARZEA FLORES,Consumidor Livre,SUDESTE,91.2,89.789048
202408.0,2024-08-21,54361,COPASA EAT02 VARZEA FLORES,Consumidor Livre,SUDESTE,91.2,89.846841
202408.0,2024-08-22,54361,COPASA EAT02 VARZEA FLORES,Consumidor Livre,SUDESTE,91.2,89.887092
202408.0,2024-08-23,54361,COPASA EAT02 VARZEA FLORES,Consumidor Livre,SUDESTE,91.2,89.75807
202408.0,2024-08-24,54361,COPASA EAT02 VARZEA FLORES,Consumidor Livre,SUDESTE,91.2,93.108581
202408.0,2024-08-25,54361,COPASA EAT02 VARZEA FLORES,Consumidor Livre,SUDESTE,91.2,93.323904
202408.0,2024-08-26,54361,COPASA EAT02 VARZEA FLORES,Consumidor Livre,SUDESTE,91.2,89.835319
202408.0,2024-08-27,54361,COPASA EAT02 VARZEA FLORES,Consumidor Livre,SUDESTE,91.2,89.808095
202408.0,2024-08-28,54361,COPASA EAT02 VARZEA FLORES,Consumidor Livre,SUDESTE,91.2,89.72634
202408.0,2024-08-29,54361,COPASA EAT02 VARZEA FLORES,Consumidor Livre,SUDESTE,91.2,89.492587
202408.0,2024-08-30,54361,COPASA EAT02 VARZEA FLORES,Consumidor Livre,SUDESTE,91.2,89.632191
202408.0,2024-08-31,54361,COPASA EAT02 VARZEA FLORES,Consumidor Livre,SUDESTE,91.2,90.47763
202409.0,2024-09-01,54361,COPASA EAT02 VARZEA FLORES,Consumidor Livre,SUDESTE,91.2,82.172579
202409.0,2024-09-02,54361,COPASA EAT02 VARZEA FLORES,Consumidor Livre,SUDESTE,91.2,89.873441
202409.0,2024-09-03,54361,COPASA EAT02 VARZEA FLORES,Consumidor Livre,SUDESTE,91.2,87.923097
202409.0,2024-09-04,54361,COPASA EAT02 VARZEA FLORES,Consumidor Livre,SUDESTE,91.2,79.059579
202409.0,2024-09-05,54361,COPASA EAT02 VARZEA FLORES,Consumidor Livre,SUDESTE,91.2,68.747724
202409.0,2024-09-06,54361,COPASA EAT02 VARZEA FLORES,Consumidor Livre,SUDESTE,91.2,68.722032
202409.0,2024-09-07,54361,COPASA EAT02 VARZEA FLORES,Consumidor Livre,SUDESTE,91.2,72.208203
202409.0,2024-09-08,54361,COPASA EAT02 VARZEA FLORES,Consumidor Livre,SUDESTE,91.2,72.084177
202409.0,2024-09-09,54361,COPASA EAT02 VARZEA FLORES,Consumidor Livre,SUDESTE,91.2,68.981589
202409.0,2024-09-10,54361,COPASA EAT02 VARZEA FLORES,Consumidor Livre,SUDESTE,91.2,68.710606
202409.0,2024-09-11,54361,COPASA EAT02 VARZEA FLORES,Consumidor Livre,SUDESTE,91.2,68.691401
202409.0,2024-09-12,54361,COPASA EAT02 VARZEA FLORES,Consumidor Livre,SUDESTE,91.2,68.751633
202409.0,2024-09-13,54361,COPASA EAT02 VARZEA FLORES,Consumidor Livre,SUDESTE,91.2,68.881424
202409.0,2024-09-14,54361,COPASA EAT02 VARZEA FLORES,Consumidor Livre,SUDESTE,91.2,72.06879
202409.0,2024-09-15,54361,COPASA EAT02 VARZEA FLORES,Consumidor Livre,SUDESTE,91.2,72.24919
202409.0,2024-09-16,54361,COPASA EAT02 VARZEA FLORES,Consumidor Livre,SUDESTE,91.2,68.846739
202409.0,2024-09-17,54361,COPASA EAT02 VARZEA FLORES,Consumidor Livre,SUDESTE,91.2,68.657215
202409.0,2024-09-18,54361,COPASA EAT02 VARZEA FLORES,Consumidor Livre,SUDESTE,91.2,68.264282
202409.0,2024-09-19,54361,COPASA EAT02 VARZEA FLORES,Consumidor Livre,SUDESTE,91.2,66.46719
202409.0,2024-09-20,54361,COPASA EAT02 VARZEA FLORES,Consumidor Livre,SUDESTE,91.2,68.756309
202409.0,2024-09-21,54361,COPASA EAT02 VARZEA FLORES,Consumidor Livre,SUDESTE,91.2,72.156978
202409.0,2024-09-22,54361,COPASA EAT02 VARZEA FLORES,Consumidor Livre,SUDESTE,91.2,72.125265
202409.0,2024-09-23,54361,COPASA EAT02 VARZEA FLORES,Consumidor Livre,SUDESTE,91.2,68.760901
202409.0,2024-09-24,54361,COPASA EAT02 VARZEA FLORES,Consumidor Livre,SUDESTE,91.2,72.191495
202409.0,2024-09-25,54361,COPASA EAT02 VARZEA FLORES,Consumidor Livre,SUDESTE,91.2,68.857701
202409.0,2024-09-26,54361,COPASA EAT02 VARZEA FLORES,Consumidor Livre,SUDESTE,91.2,68.76342
202409.0,2024-09-27,54361,COPASA EAT02 VARZEA FLORES,Consumidor Livre,SUDESTE,91.2,68.707834
202409.0,2024-09-28,54361,COPASA EAT02 VARZEA FLORES,Consumidor Livre,SUDESTE,91.2,72.004228
202409.0,2024-09-29,54361,COPASA EAT02 VARZEA FLORES,Consumidor Livre,SUDESTE,91.2,71.935613
202409.0,2024-09-30,54361,COPASA EAT02 VARZEA FLORES,Consumidor Livre,SUDESTE,91.2,68.809784
202410.0,2024-10-01,54361,COPASA EAT02 VARZEA FLORES,Consumidor Livre,SUDESTE,91.2,68.769785
202410.0,2024-10-02,54361,COPASA EAT02 VARZEA FLORES,Consumidor Livre,SUDESTE,91.2,68.715421
202410.0,2024-10-03,54361,COPASA EAT02 VARZEA FLORES,Consumidor Livre,SUDESTE,91.2,68.69642
202410.0,2024-10-04,54361,COPASA EAT02 VARZEA FLORES,Consumidor Livre,SUDESTE,91.2,71.918513
202410.0,2024-10-05,54361,COPASA EAT02 VARZEA FLORES,Consumidor Livre,SUDESTE,91.2,71.886006
202410.0,2024-10-06,54361,COPASA EAT02 VARZEA FLORES,Consumidor Livre,SUDESTE,91.2,72.006205
202410.0,2024-10-07,54361,COPASA EAT02 VARZEA FLORES,Consumidor Livre,SUDESTE,91.2,68.585061
202410.0,2024-10-08,54361,COPASA EAT02 VARZEA FLORES,Consumidor Livre,SUDESTE,91.2,68.063054
202410.0,2024-10-09,54361,COPASA EAT02 VARZEA FLORES,Consumidor Livre,SUDESTE,91.2,64.87299
202410.0,2024-10-10,54361,COPASA EAT02 VARZEA FLORES,Consumidor Livre,SUDESTE,91.2,65.956301
202410.0,2024-10-11,54361,COPASA EAT02 VARZEA FLORES,Consumidor Livre,SUDESTE,91.2,66.04980499999999
202410.0,2024-10-12,54361,COPASA EAT02 VARZEA FLORES,Consumidor Livre,SUDESTE,91.2,69.301558
202410.0,2024-10-13,54361,COPASA EAT02 VARZEA FLORES,Consumidor Livre,SUDESTE,91.2,69.152004
202410.0,2024-10-14,54361,COPASA EAT02 VARZEA FLORES,Consumidor Livre,SUDESTE,91.2,59.049342
202410.0,2024-10-15,54361,COPASA EAT02 VARZEA FLORES,Consumidor Livre,SUDESTE,91.2,65.853461
202410.0,2024-10-16,54361,COPASA EAT02 VARZEA FLORES,Consumidor Livre,SUDESTE,91.2,66.281897
202410.0,2024-10-17,54361,COPASA EAT02 VARZEA FLORES,Consumidor Livre,SUDESTE,91.2,64.048973
202410.0,2024-10-18,54361,COPASA EAT02 VARZEA FLORES,Consumidor Livre,SUDESTE,91.2,66.18292
202410.0,2024-10-19,54361,COPASA EAT02 VARZEA FLORES,Consumidor Livre,SUDESTE,91.2,69.808948
202410.0,2024-10-20,54361,COPASA EAT02 VARZEA FLORES,Consumidor Livre,SUDESTE,91.2,69.736052
202410.0,2024-10-21,54361,COPASA EAT02 VARZEA FLORES,Consumidor Livre,SUDESTE,91.2,66.250654
202410.0,2024-10-22,54361,COPASA EAT02 VARZEA FLORES,Consumidor Livre,SUDESTE,91.2,66.657757
202410.0,2024-10-23,54361,COPASA EAT02 VARZEA FLORES,Consumidor Livre,SUDESTE,91.2,66.41138
202410.0,2024-10-24,54361,COPASA EAT02 VARZEA FLORES,Consumidor Livre,SUDESTE,91.2,67.543384
202410.0,2024-10-25,54361,COPASA EAT02 VARZEA FLORES,Consumidor Livre,SUDESTE,91.2,66.10884
202410.0,2024-10-26,54361,COPASA EAT02 VARZEA FLORES,Consumidor Livre,SUDESTE,91.2,69.738833
202410.0,2024-10-27,54361,COPASA EAT02 VARZEA FLORES,Consumidor Livre,SUDESTE,91.2,71.155093
202410.0,2024-10-28,54361,COPASA EAT02 VARZEA FLORES,Consumidor Livre,SUDESTE,91.2,68.789783
202410.0,2024-10-29,54361,COPASA EAT02 VARZEA FLORES,Consumidor Livre,SUDESTE,91.2,68.33805
202410.0,2024-10-30,54361,COPASA EAT02 VARZEA FLORES,Consumidor Livre,SUDESTE,91.2,65.317031
202410.0,2024-10-31,54361,COPASA EAT02 VARZEA FLORES,Consumidor Livre,SUDESTE,91.2,67.03952
202411.0,2024-11-01,54361,COPASA EAT02 VARZEA FLORES,Consumidor Livre,SUDESTE,91.2,68.514956
202411.0,2024-11-02,54361,COPASA EAT02 VARZEA FLORES,Consumidor Livre,SUDESTE,91.2,59.52599
202411.0,2024-11-03,54361,COPASA EAT02 VARZEA FLORES,Consumidor Livre,SUDESTE,91.2,69.085945
202411.0,2024-11-04,54361,COPASA EAT02 VARZEA FLORES,Consumidor Livre,SUDESTE,91.2,65.847608
202411.0,2024-11-05,54361,COPASA EAT02 VARZEA FLORES,Consumidor Livre,SUDESTE,91.2,66.00995
202411.0,2024-11-06,54361,COPASA EAT02 VARZEA FLORES,Consumidor Livre,SUDESTE,91.2,65.212815
202411.0,2024-11-07,54361,COPASA EAT02 VARZEA FLORES,Consumidor Livre,SUDESTE,91.2,68.700985
202411.0,2024-11-08,54361,COPASA EAT02 VARZEA FLORES,Consumidor Livre,SUDESTE,91.2,69.528892
202411.0,2024-11-09,54361,COPASA EAT02 VARZEA FLORES,Consumidor Livre,SUDESTE,91.2,69.660067
202411.0,2024-11-10,54361,COPASA EAT02 VARZEA FLORES,Consumidor Livre,SUDESTE,91.2,69.421384
202411.0,2024-11-11,54361,COPASA EAT02 VARZEA FLORES,Consumidor Livre,SUDESTE,91.2,69.383923
202411.0,2024-11-12,54361,COPASA EAT02 VARZEA FLORES,Consumidor Livre,SUDESTE,91.2,69.383359
202411.0,2024-11-13,54361,COPASA EAT02 VARZEA FLORES,Consumidor Livre,SUDESTE,91.2,66.228975
202411.0,2024-11-14,54361,COPASA EAT02 VARZEA FLORES,Consumidor Livre,SUDESTE,91.2,66.89142
202411.0,2024-11-15,54361,COPASA EAT02 VARZEA FLORES,Consumidor Livre,SUDESTE,91.2,72.130088
202411.0,2024-11-16,54361,COPASA EAT02 VARZEA FLORES,Consumidor Livre,SUDESTE,91.2,72.398122
202411.0,2024-11-17,54361,COPASA EAT02 VARZEA FLORES,Consumidor Livre,SUDESTE,91.2,72.062411
202411.0,2024-11-18,54361,COPASA EAT02 VARZEA FLORES,Consumidor Livre,SUDESTE,91.2,61.520183
202411.0,2024-11-19,54361,COPASA EAT02 VARZEA FLORES,Consumidor Livre,SUDESTE,91.2,71.918778
202411.0,2024-11-20,54361,COPASA EAT02 VARZEA FLORES,Consumidor Livre,SUDESTE,91.2,72.003261
202411.0,2024-11-21,54361,COPASA EAT02 VARZEA FLORES,Consumidor Livre,SUDESTE,91.2,68.50113400000001
202411.0,2024-11-22,54361,COPASA EAT02 VARZEA FLORES,Consumidor Livre,SUDESTE,91.2,62.819543
202411.0,2024-11-23,54361,COPASA EAT02 VARZEA FLORES,Consumidor Livre,SUDESTE,91.2,71.727935
202411.0,2024-11-24,54361,COPASA EAT02 VARZEA FLORES,Consumidor Livre,SUDESTE,91.2,71.798001
202411.0,2024-11-25,54361,COPASA EAT02 VARZEA FLORES,Consumidor Livre,SUDESTE,91.2,68.671988
202411.0,2024-11-26,54361,COPASA EAT02 VARZEA FLORES,Consumidor Livre,SUDESTE,91.2,71.872109
202411.0,2024-11-27,54361,COPASA EAT02 VARZEA FLORES,Consumidor Livre,SUDESTE,91.2,71.869116
202411.0,2024-11-28,54361,COPASA EAT02 VARZEA FLORES,Consumidor Livre,SUDESTE,91.2,71.987288
202411.0,2024-11-29,54361,COPASA EAT02 VARZEA FLORES,Consumidor Livre,SUDESTE,91.2,71.821271
202411.0,2024-11-30,54361,COPASA EAT02 VARZEA FLORES,Consumidor Livre,SUDESTE,91.2,71.968698
202412.0,2024-12-01,54361,COPASA EAT02 VARZEA FLORES,Consumidor Livre,SUDESTE,91.2,71.799041
202412.0,2024-12-02,54361,COPASA EAT02 VARZEA FLORES,Consumidor Livre,SUDESTE,91.2,68.51725
202412.0,2024-12-03,54361,COPASA EAT02 VARZEA FLORES,Consumidor Livre,SUDESTE,91.2,71.722645
202412.0,2024-12-04,54361,COPASA EAT02 VARZEA FLORES,Consumidor Livre,SUDESTE,91.2,71.721191
202412.0,2024-12-05,54361,COPASA EAT02 VARZEA FLORES,Consumidor Livre,SUDESTE,91.2,71.727952
202412.0,2024-12-06,54361,COPASA EAT02 VARZEA FLORES,Consumidor Livre,SUDESTE,91.2,63.441537
202412.0,2024-12-07,54361,COPASA EAT02 VARZEA FLORES,Consumidor Livre,SUDESTE,91.2,64.050347
202412.0,2024-12-08,54361,COPASA EAT02 VARZEA FLORES,Consumidor Livre,SUDESTE,91.2,71.123107
202412.0,2024-12-09,54361,COPASA EAT02 VARZEA FLORES,Consumidor Livre,SUDESTE,91.2,71.952243
202412.0,2024-12-10,54361,COPASA EAT02 VARZEA FLORES,Consumidor Livre,SUDESTE,91.2,71.936928
202412.0,2024-12-11,54361,COPASA EAT02 VARZEA FLORES,Consumidor Livre,SUDESTE,91.2,71.755369
202412.0,2024-12-12,54361,COPASA EAT02 VARZEA FLORES,Consumidor Livre,SUDESTE,91.2,71.71148
202412.0,2024-12-13,54361,COPASA EAT02 VARZEA FLORES,Consumidor Livre,SUDESTE,91.2,71.844458
202412.0,2024-12-14,54361,COPASA EAT02 VARZEA FLORES,Consumidor Livre,SUDESTE,91.2,71.813967
202412.0,2024-12-15,54361,COPASA EAT02 VARZEA FLORES,Consumidor Livre,SUDESTE,91.2,64.623731
202412.0,2024-12-16,54361,COPASA EAT02 VARZEA FLORES,Consumidor Livre,SUDESTE,91.2,66.01234
202412.0,2024-12-17,54361,COPASA EAT02 VARZEA FLORES,Consumidor Livre,SUDESTE,91.2,71.704955
202412.0,2024-12-18,54361,COPASA EAT02 VARZEA FLORES,Consumidor Livre,SUDESTE,91.2,71.624646
202412.0,2024-12-19,54361,COPASA EAT02 VARZEA FLORES,Consumidor Livre,SUDESTE,91.2,71.711762
202412.0,2024-12-20,54361,COPASA EAT02 VARZEA FLORES,Consumidor Livre,SUDESTE,91.2,71.974614
202412.0,2024-12-21,54361,COPASA EAT02 VARZEA FLORES,Consumidor Livre,SUDESTE,91.2,71.830773
202412.0,2024-12-22,54361,COPASA EAT02 VARZEA FLORES,Consumidor Livre,SUDESTE,91.2,71.831303
202412.0,2024-12-23,54361,COPASA EAT02 VARZEA FLORES,Consumidor Livre,SUDESTE,91.2,71.822135
202412.0,2024-12-24,54361,COPASA EAT02 VARZEA FLORES,Consumidor Livre,SUDESTE,91.2,71.817684
202412.0,2024-12-25,54361,COPASA EAT02 VARZEA FLORES,Consumidor Livre,SUDESTE,91.2,71.216952
202412.0,2024-12-26,54361,COPASA EAT02 VARZEA FLORES,Consumidor Livre,SUDESTE,91.2,72.074299
202412.0,2024-12-27,54361,COPASA EAT02 VARZEA FLORES,Consumidor Livre,SUDESTE,91.2,71.661546
202412.0,2024-12-28,54361,COPASA EAT02 VARZEA FLORES,Consumidor Livre,SUDESTE,91.2,71.8891
202412.0,2024-12-29,54361,COPASA EAT02 VARZEA FLORES,Consumidor Livre,SUDESTE,91.2,63.982025
202412.0,2024-12-30,54361,COPASA EAT02 VARZEA FLORES,Consumidor Livre,SUDESTE,91.2,71.741768
202412.0,2024-12-31,54361,COPASA EAT02 VARZEA FLORES,Consumidor Livre,SUDESTE,91.2,71.46292700000001
202501.0,2025-01-01,54361,COPASA EAT02 VARZEA FLORES,Consumidor Livre,SUDESTE,91.2,68.302239
202501.0,2025-01-02,54361,COPASA EAT02 VARZEA FLORES,Consumidor Livre,SUDESTE,91.2,70.978793
202501.0,2025-01-03,54361,COPASA EAT02 VARZEA FLORES,Consumidor Livre,SUDESTE,91.2,72.000966
202501.0,2025-01-04,54361,COPASA EAT02 VARZEA FLORES,Consumidor Livre,SUDESTE,91.2,71.903966
202501.0,2025-01-05,54361,COPASA EAT02 VARZEA FLORES,Consumidor Livre,SUDESTE,91.2,73.48544
202501.0,2025-01-06,54361,COPASA EAT02 VARZEA FLORES,Consumidor Livre,SUDESTE,91.2,71.747381
202501.0,2025-01-07,54361,COPASA EAT02 VARZEA FLORES,Consumidor Livre,SUDESTE,91.2,71.94315
202501.0,2025-01-08,54361,COPASA EAT02 VARZEA FLORES,Consumidor Livre,SUDESTE,91.2,71.786008
202501.0,2025-01-09,54361,COPASA EAT02 VARZEA FLORES,Consumidor Livre,SUDESTE,91.2,71.928126
202501.0,2025-01-10,54361,COPASA EAT02 VARZEA FLORES,Consumidor Livre,SUDESTE,91.2,72.01748
202501.0,2025-01-11,54361,COPASA EAT02 VARZEA FLORES,Consumidor Livre,SUDESTE,91.2,72.000767
202501.0,2025-01-12,54361,COPASA EAT02 VARZEA FLORES,Consumidor Livre,SUDESTE,91.2,71.956385
202501.0,2025-01-13,54361,COPASA EAT02 VARZEA FLORES,Consumidor Livre,SUDESTE,91.2,72.157305
202501.0,2025-01-14,54361,COPASA EAT02 VARZEA FLORES,Consumidor Livre,SUDESTE,91.2,72.260873
202501.0,2025-01-15,54361,COPASA EAT02 VARZEA FLORES,Consumidor Livre,SUDESTE,91.2,71.660971
202501.0,2025-01-16,54361,COPASA EAT02 VARZEA FLORES,Consumidor Livre,SUDESTE,91.2,72.225517
202501.0,2025-01-17,54361,COPASA EAT02 VARZEA FLORES,Consumidor Livre,SUDESTE,91.2,74.895552
202501.0,2025-01-18,54361,COPASA EAT02 VARZEA FLORES,Consumidor Livre,SUDESTE,91.2,93.13573
202501.0,2025-01-19,54361,COPASA EAT02 VARZEA FLORES,Consumidor Livre,SUDESTE,91.2,93.211988
202501.0,2025-01-20,54361,COPASA EAT02 VARZEA FLORES,Consumidor Livre,SUDESTE,91.2,86.637736
202501.0,2025-01-21,54361,COPASA EAT02 VARZEA FLORES,Consumidor Livre,SUDESTE,91.2,75.374714
202501.0,2025-01-22,54361,COPASA EAT02 VARZEA FLORES,Consumidor Livre,SUDESTE,91.2,91.663224
202501.0,2025-01-23,54361,COPASA EAT02 VARZEA FLORES,Consumidor Livre,SUDESTE,91.2,89.637131
202501.0,2025-01-24,54361,COPASA EAT02 VARZEA FLORES,Consumidor Livre,SUDESTE,91.2,89.507338
202501.0,2025-01-25,54361,COPASA EAT02 VARZEA FLORES,Consumidor Livre,SUDESTE,91.2,92.56785
202501.0,2025-01-26,54361,COPASA EAT02 VARZEA FLORES,Consumidor Livre,SUDESTE,91.2,92.483269
202501.0,2025-01-27,54361,COPASA EAT02 VARZEA FLORES,Consumidor Livre,SUDESTE,91.2,89.646034
202501.0,2025-01-28,54361,COPASA EAT02 VARZEA FLORES,Consumidor Livre,SUDESTE,91.2,88.116124
202501.0,2025-01-29,54361,COPASA EAT02 VARZEA FLORES,Consumidor Livre,SUDESTE,91.2,78.638077
202501.0,2025-01-30,54361,COPASA EAT02 VARZEA FLORES,Consumidor Livre,SUDESTE,91.2,91.256481
202501.0,2025-01-31,54361,COPASA EAT02 VARZEA FLORES,Consumidor Livre,SUDESTE,91.2,72.222149
