MES_REFERENCIA,DATA,CODIGO_PERFIL_AGENTE,SIGLA_PERFIL_AGENTE,CLASSE_PERFIL_AGENTE,SUBMERCADO,CAPACIDADE_CARGA,CONSUMO_CARGA_ACL
202410.0,2024-10-01,129622,CREDICITRUS,Consumidor Especial,SUDESTE,13.848,5.88725
202410.0,2024-10-02,129622,CREDICITRUS,Consumidor Especial,SUDESTE,13.848,6.382262
202410.0,2024-10-03,129622,CREDICITRUS,Consumidor Especial,SUDESTE,13.848,6.170369
202410.0,2024-10-04,129622,CREDICITRUS,Consumidor Especial,SUDESTE,13.848,5.271739
202410.0,2024-10-05,129622,CREDICITRUS,Consumidor Especial,SUDESTE,13.848,2.560033
202410.0,2024-10-06,129622,CREDICITRUS,Consumidor Especial,SUDESTE,13.848,1.773788
202410.0,2024-10-07,129622,CREDICITRUS,Consumidor Especial,SUDESTE,13.848,5.712924
202410.0,2024-10-08,129622,CREDICITRUS,Consumidor Especial,SUDESTE,13.848,6.411572
202410.0,2024-10-09,129622,CREDICITRUS,Consumidor Especial,SUDESTE,13.848,5.767583
202410.0,2024-10-10,129622,CREDICITRUS,Consumidor Especial,SUDESTE,13.848,5.644639
202410.0,2024-10-11,129622,CREDICITRUS,Consumidor Especial,SUDESTE,13.848,5.486978
202410.0,2024-10-12,129622,CREDICITRUS,Consumidor Especial,SUDESTE,13.848,1.949445
202410.0,2024-10-13,129622,CREDICITRUS,Consumidor Especial,SUDESTE,13.848,1.829506
202410.0,2024-10-14,129622,CREDICITRUS,Consumidor Especial,SUDESTE,13.848,5.890863
202410.0,2024-10-15,129622,CREDICITRUS,Consumidor Especial,SUDESTE,13.848,5.744735
202410.0,2024-10-16,129622,CREDICITRUS,Consumidor Especial,SUDESTE,13.848,6.423946
202410.0,2024-10-17,129622,CREDICITRUS,Consumidor Especial,SUDESTE,13.848,5.864195
202410.0,2024-10-18,129622,CREDICITRUS,Consumidor Especial,SUDESTE,13.848,5.561326
202410.0,2024-10-19,129622,CREDICITRUS,Consumidor Especial,SUDESTE,13.848,3.672209
202410.0,2024-10-20,129622,CREDICITRUS,Consumidor Especial,SUDESTE,13.848,2.16039
202410.0,2024-10-21,129622,CREDICITRUS,Consumidor Especial,SUDESTE,13.848,4.996504
202410.0,2024-10-22,129622,CREDICITRUS,Consumidor Especial,SUDESTE,13.848,5.278626
202410.0,2024-10-23,129622,CREDICITRUS,Consumidor Especial,SUDESTE,13.848,5.51611
202410.0,2024-10-24,129622,CREDICITRUS,Consumidor Especial,SUDESTE,13.848,5.378307
202410.0,2024-10-25,129622,CREDICITRUS,Consumidor Especial,SUDESTE,13.848,4.674732
202410.0,2024-10-26,129622,CREDICITRUS,Consumidor Especial,SUDESTE,13.848,2.471439
202410.0,2024-10-27,129622,CREDICITRUS,Consumidor Especial,SUDESTE,13.848,1.75907
202410.0,2024-10-28,129622,CREDICITRUS,Consumidor Especial,SUDESTE,13.848,5.251155
202410.0,2024-10-29,129622,CREDICITRUS,Consumidor Especial,SUDESTE,13.848,5.297934
202410.0,2024-10-30,129622,CREDICITRUS,Consumidor Especial,SUDESTE,13.848,5.375758
202410.0,2024-10-31,129622,CREDICITRUS,Consumidor Especial,SUDESTE,13.848,5.440462
202411.0,2024-11-01,129622,CREDICITRUS,Consumidor Especial,SUDESTE,13.848,4.89031
202411.0,2024-11-02,129622,CREDICITRUS,Consumidor Especial,SUDESTE,13.848,2.153194
202411.0,2024-11-03,129622,CREDICITRUS,Consumidor Especial,SUDESTE,13.848,1.939552
202411.0,2024-11-04,129622,CREDICITRUS,Consumidor Especial,SUDESTE,13.848,4.842331
202411.0,2024-11-05,129622,CREDICITRUS,Consumidor Especial,SUDESTE,13.848,4.975595
202411.0,2024-11-06,129622,CREDICITRUS,Consumidor Especial,SUDESTE,13.848,4.926015
202411.0,2024-11-07,129622,CREDICITRUS,Consumidor Especial,SUDESTE,13.848,4.106766
202411.0,2024-11-08,129622,CREDICITRUS,Consumidor Especial,SUDESTE,13.848,4.290967
202411.0,2024-11-09,129622,CREDICITRUS,Consumidor Especial,SUDESTE,13.848,2.370246
202411.0,2024-11-10,129622,CREDICITRUS,Consumidor Especial,SUDESTE,13.848,1.676546
202411.0,2024-11-11,129622,CREDICITRUS,Consumidor Especial,SUDESTE,13.848,5.334032
202411.0,2024-11-12,129622,CREDICITRUS,Consumidor Especial,SUDESTE,13.848,4.870699
202411.0,2024-11-13,129622,CREDICITRUS,Consumidor Especial,SUDESTE,13.848,4.559684
202411.0,2024-11-14,129622,CREDICITRUS,Consumidor Especial,SUDESTE,13.848,4.766144
202411.0,2024-11-15,129622,CREDICITRUS,Consumidor Especial,SUDESTE,13.848,2.721781
202411.0,2024-11-16,129622,CREDICITRUS,Consumidor Especial,SUDESTE,13.848,2.405979
202411.0,2024-11-17,129622,CREDICITRUS,Consumidor Especial,SUDESTE,13.848,2.494023
202411.0,2024-11-18,129622,CREDICITRUS,Consumidor Especial,SUDESTE,13.848,5.789633
202411.0,2024-11-19,129622,CREDICITRUS,Consumidor Especial,SUDESTE,13.848,5.784619
202411.0,2024-11-20,129622,CREDICITRUS,Consumidor Especial,SUDESTE,13.848,2.258508
202411.0,2024-11-21,129622,CREDICITRUS,Consumidor Especial,SUDESTE,13.848,5.247187
202411.0,2024-11-22,129622,CREDICITRUS,Consumidor Especial,SUDESTE,13.848,5.024392
202411.0,2024-11-23,129622,CREDICITRUS,Consumidor Especial,SUDESTE,13.848,2.986942
202411.0,2024-11-24,129622,CREDICITRUS,Consumidor Especial,SUDESTE,13.848,2.505889
202411.0,2024-11-25,129622,CREDICITRUS,Consumidor Especial,SUDESTE,13.848,5.503465
202411.0,2024-11-26,129622,CREDICITRUS,Consumidor Especial,SUDESTE,13.848,5.810358
202411.0,2024-11-27,129622,CREDICITRUS,Consumidor Especial,SUDESTE,13.848,5.637051
202411.0,2024-11-28,129622,CREDICITRUS,Consumidor Especial,SUDESTE,13.848,4.860793
202411.0,2024-11-29,129622,CREDICITRUS,Consumidor Especial,SUDESTE,13.848,4.7522020000000005
202411.0,2024-11-30,129622,CREDICITRUS,Consumidor Especial,SUDESTE,13.848,2.595411
202412.0,2024-12-01,129622,CREDICITRUS,Consumidor Especial,SUDESTE,13.848,2.377398
202412.0,2024-12-02,129622,CREDICITRUS,Consumidor Especial,SUDESTE,13.848,6.199521
202412.0,2024-12-03,129622,CREDICITRUS,Consumidor Especial,SUDESTE,13.848,5.776419
202412.0,2024-12-04,129622,CREDICITRUS,Consumidor Especial,SUDESTE,13.848,5.414901
202412.0,2024-12-05,129622,CREDICITRUS,Consumidor Especial,SUDESTE,13.848,5.267856
202412.0,2024-12-06,129622,CREDICITRUS,Consumidor Especial,SUDESTE,13.848,5.309581
202412.0,2024-12-07,129622,CREDICITRUS,Consumidor Especial,SUDESTE,13.848,2.742326
202412.0,2024-12-08,129622,CREDICITRUS,Consumidor Especial,SUDESTE,13.848,2.378577
202412.0,2024-12-09,129622,CREDICITRUS,Consumidor Especial,SUDESTE,13.848,5.862717
202412.0,2024-12-10,129622,CREDICITRUS,Consumidor Especial,SUDESTE,13.848,5.819699
202412.0,2024-12-11,129622,CREDICITRUS,Consumidor Especial,SUDESTE,13.848,5.622751
202412.0,2024-12-12,129622,CREDICITRUS,Consumidor Especial,SUDESTE,13.848,5.232876
202412.0,2024-12-13,129622,CREDICITRUS,Consumidor Especial,SUDESTE,13.848,5.35912
202412.0,2024-12-14,129622,CREDICITRUS,Consumidor Especial,SUDESTE,13.848,2.731116
202412.0,2024-12-15,129622,CREDICITRUS,Consumidor Especial,SUDESTE,13.848,2.36327
202412.0,2024-12-16,129622,CREDICITRUS,Consumidor Especial,SUDESTE,13.848,5.885584
202412.0,2024-12-17,129622,CREDICITRUS,Consumidor Especial,SUDESTE,13.848,5.880286
202412.0,2024-12-18,129622,CREDICITRUS,Consumidor Especial,SUDESTE,13.848,5.676948
202412.0,2024-12-19,129622,CREDICITRUS,Consumidor Especial,SUDESTE,13.848,5.316725
202412.0,2024-12-20,129622,CREDICITRUS,Consumidor Especial,SUDESTE,13.848,5.316024
202412.0,2024-12-21,129622,CREDICITRUS,Consumidor Especial,SUDESTE,13.848,2.7324
202412.0,2024-12-22,129622,CREDICITRUS,Consumidor Especial,SUDESTE,13.848,2.37144
202412.0,2024-12-23,129622,CREDICITRUS,Consumidor Especial,SUDESTE,13.848,5.947327
202412.0,2024-12-24,129622,CREDICITRUS,Consumidor Especial,SUDESTE,13.848,5.6559420000000005
202412.0,2024-12-25,129622,CREDICITRUS,Consumidor Especial,SUDESTE,13.848,2.364276
202412.0,2024-12-26,129622,CREDICITRUS,Consumidor Especial,SUDESTE,13.848,5.164901
202412.0,2024-12-27,129622,CREDICITRUS,Consumidor Especial,SUDESTE,13.848,5.200872
202412.0,2024-12-28,129622,CREDICITRUS,Consumidor Especial,SUDESTE,13.848,2.741453
202412.0,2024-12-29,129622,CREDICITRUS,Consumidor Especial,SUDESTE,13.848,2.385712
202412.0,2024-12-30,129622,CREDICITRUS,Consumidor Especial,SUDESTE,13.848,5.993167
202412.0,2024-12-31,129622,CREDICITRUS,Consumidor Especial,SUDESTE,13.848,5.928127
202501.0,2025-01-01,129622,CREDICITRUS,Consumidor Especial,SUDESTE,13.848,2.344868
202501.0,2025-01-02,129622,CREDICITRUS,Consumidor Especial,SUDESTE,13.848,5.357742
202501.0,2025-01-03,129622,CREDICITRUS,Consumidor Especial,SUDESTE,13.848,5.1287650000000005
202501.0,2025-01-04,129622,CREDICITRUS,Consumidor Especial,SUDESTE,13.848,3.323653
202501.0,2025-01-05,129622,CREDICITRUS,Consumidor Especial,SUDESTE,13.848,2.664444
202501.0,2025-01-06,129622,CREDICITRUS,Consumidor Especial,SUDESTE,13.848,6.463479
202501.0,2025-01-07,129622,CREDICITRUS,Consumidor Especial,SUDESTE,13.848,5.691402
202501.0,2025-01-08,129622,CREDICITRUS,Consumidor Especial,SUDESTE,13.848,5.550948
202501.0,2025-01-09,129622,CREDICITRUS,Consumidor Especial,SUDESTE,13.848,5.049355
202501.0,2025-01-10,129622,CREDICITRUS,Consumidor Especial,SUDESTE,13.848,5.635927
202501.0,2025-01-11,129622,CREDICITRUS,Consumidor Especial,SUDESTE,13.848,3.43678
202501.0,2025-01-12,129622,CREDICITRUS,Consumidor Especial,SUDESTE,13.848,2.721315
202501.0,2025-01-13,129622,CREDICITRUS,Consumidor Especial,SUDESTE,13.848,5.770136
202501.0,2025-01-14,129622,CREDICITRUS,Consumidor Especial,SUDESTE,13.848,5.582169
202501.0,2025-01-15,129622,CREDICITRUS,Consumidor Especial,SUDESTE,13.848,5.709748
202501.0,2025-01-16,129622,CREDICITRUS,Consumidor Especial,SUDESTE,13.848,4.995629
202501.0,2025-01-17,129622,CREDICITRUS,Consumidor Especial,SUDESTE,13.848,4.815983
202501.0,2025-01-18,129622,CREDICITRUS,Consumidor Especial,SUDESTE,13.848,2.918035
202501.0,2025-01-19,129622,CREDICITRUS,Consumidor Especial,SUDESTE,13.848,2.590623
202501.0,2025-01-20,129622,CREDICITRUS,Consumidor Especial,SUDESTE,13.848,5.578379
202501.0,2025-01-21,129622,CREDICITRUS,Consumidor Especial,SUDESTE,13.848,5.989278
202501.0,2025-01-22,129622,CREDICITRUS,Consumidor Especial,SUDESTE,13.848,5.891139
202501.0,2025-01-23,129622,CREDICITRUS,Consumidor Especial,SUDESTE,13.848,5.569999
202501.0,2025-01-24,129622,CREDICITRUS,Consumidor Especial,SUDESTE,13.848,5.413997
202501.0,2025-01-25,129622,CREDICITRUS,Consumidor Especial,SUDESTE,13.848,2.664619
202501.0,2025-01-26,129622,CREDICITRUS,Consumidor Especial,SUDESTE,13.848,2.714719
202501.0,2025-01-27,129622,CREDICITRUS,Consumidor Especial,SUDESTE,13.848,5.808949
202501.0,2025-01-28,129622,CREDICITRUS,Consumidor Especial,SUDESTE,13.848,5.669745
202501.0,2025-01-29,129622,CREDICITRUS,Consumidor Especial,SUDESTE,13.848,5.650281
202501.0,2025-01-30,129622,CREDICITRUS,Consumidor Especial,SUDESTE,13.848,5.520183
202501.0,2025-01-31,129622,CREDICITRUS,Consumidor Especial,SUDESTE,13.848,5.151365
202502.0,2025-02-01,129622,CREDICITRUS,Consumidor Especial,SUDESTE,13.848,2.657357
202502.0,2025-02-02,129622,CREDICITRUS,Consumidor Especial,SUDESTE,13.848,2.716314
202502.0,2025-02-03,129622,CREDICITRUS,Consumidor Especial,SUDESTE,13.848,5.251452
202502.0,2025-02-04,129622,CREDICITRUS,Consumidor Especial,SUDESTE,13.848,4.815186
202502.0,2025-02-05,129622,CREDICITRUS,Consumidor Especial,SUDESTE,13.848,5.151753
202502.0,2025-02-06,129622,CREDICITRUS,Consumidor Especial,SUDESTE,13.848,5.128765
202502.0,2025-02-07,129622,CREDICITRUS,Consumidor Especial,SUDESTE,13.848,5.283385
202502.0,2025-02-08,129622,CREDICITRUS,Consumidor Especial,SUDESTE,13.848,3.018102
202502.0,2025-02-09,129622,CREDICITRUS,Consumidor Especial,SUDESTE,13.848,2.602482
202502.0,2025-02-10,129622,CREDICITRUS,Consumidor Especial,SUDESTE,13.848,6.115163
202502.0,2025-02-11,129622,CREDICITRUS,Consumidor Especial,SUDESTE,13.848,5.676129
202502.0,2025-02-12,129622,CREDICITRUS,Consumidor Especial,SUDESTE,13.848,4.702679
202502.0,2025-02-13,129622,CREDICITRUS,Consumidor Especial,SUDESTE,13.848,5.182935
202502.0,2025-02-14,129622,CREDICITRUS,Consumidor Especial,SUDESTE,13.848,5.744551
202502.0,2025-02-15,129622,CREDICITRUS,Consumidor Especial,SUDESTE,13.848,3.077026
202502.0,2025-02-16,129622,CREDICITRUS,Consumidor Especial,SUDESTE,13.848,2.667147
202502.0,2025-02-17,129622,CREDICITRUS,Consumidor Especial,SUDESTE,13.848,6.215657
202502.0,2025-02-18,129622,CREDICITRUS,Consumidor Especial,SUDESTE,13.848,6.175657
202502.0,2025-02-19,129622,CREDICITRUS,Consumidor Especial,SUDESTE,13.848,6.538319
202502.0,2025-02-20,129622,CREDICITRUS,Consumidor Especial,SUDESTE,13.848,6.065877
202502.0,2025-02-21,129622,CREDICITRUS,Consumidor Especial,SUDESTE,13.848,6.098254
202502.0,2025-02-22,129622,CREDICITRUS,Consumidor Especial,SUDESTE,13.848,2.796836
202502.0,2025-02-23,129622,CREDICITRUS,Consumidor Especial,SUDESTE,13.848,1.751183
202502.0,2025-02-24,129622,CREDICITRUS,Consumidor Especial,SUDESTE,13.848,6.09069
202502.0,2025-02-25,129622,CREDICITRUS,Consumidor Especial,SUDESTE,13.848,5.738204
202502.0,2025-02-26,129622,CREDICITRUS,Consumidor Especial,SUDESTE,13.848,5.803096
202502.0,2025-02-27,129622,CREDICITRUS,Consumidor Especial,SUDESTE,13.848,5.634324
202502.0,2025-02-28,129622,CREDICITRUS,Consumidor Especial,SUDESTE,13.848,5.354968
202503.0,2025-03-01,129622,CREDICITRUS,Consumidor Especial,SUDESTE,13.848,2.341411
202503.0,2025-03-02,129622,CREDICITRUS,Consumidor Especial,SUDESTE,13.848,1.729446
202503.0,2025-03-03,129622,CREDICITRUS,Consumidor Especial,SUDESTE,13.848,1.946125
202503.0,2025-03-04,129622,CREDICITRUS,Consumidor Especial,SUDESTE,13.848,1.918163
202503.0,2025-03-05,129622,CREDICITRUS,Consumidor Especial,SUDESTE,13.848,5.987424
202503.0,2025-03-06,129622,CREDICITRUS,Consumidor Especial,SUDESTE,13.848,5.687671
202503.0,2025-03-07,129622,CREDICITRUS,Consumidor Especial,SUDESTE,13.848,5.334342
202503.0,2025-03-08,129622,CREDICITRUS,Consumidor Especial,SUDESTE,13.848,2.286302
202503.0,2025-03-09,129622,CREDICITRUS,Consumidor Especial,SUDESTE,13.848,1.743299
202503.0,2025-03-10,129622,CREDICITRUS,Consumidor Especial,SUDESTE,13.848,6.046822
202503.0,2025-03-11,129622,CREDICITRUS,Consumidor Especial,SUDESTE,13.848,5.712013
202503.0,2025-03-12,129622,CREDICITRUS,Consumidor Especial,SUDESTE,13.848,5.701618
202503.0,2025-03-13,129622,CREDICITRUS,Consumidor Especial,SUDESTE,13.848,5.713108
202503.0,2025-03-14,129622,CREDICITRUS,Consumidor Especial,SUDESTE,13.848,5.804582
202503.0,2025-03-15,129622,CREDICITRUS,Consumidor Especial,SUDESTE,13.848,2.686711
202503.0,2025-03-16,129622,CREDICITRUS,Consumidor Especial,SUDESTE,13.848,1.862834
202503.0,2025-03-17,129622,CREDICITRUS,Consumidor Especial,SUDESTE,13.848,5.488154
202503.0,2025-03-18,129622,CREDICITRUS,Consumidor Especial,SUDESTE,13.848,5.34287
202503.0,2025-03-19,129622,CREDICITRUS,Consumidor Especial,SUDESTE,13.848,5.303005
202503.0,2025-03-20,129622,CREDICITRUS,Consumidor Especial,SUDESTE,13.848,5.023072
202503.0,2025-03-21,129622,CREDICITRUS,Consumidor Especial,SUDESTE,13.848,5.077781
202503.0,2025-03-22,129622,CREDICITRUS,Consumidor Especial,SUDESTE,13.848,2.488195
202503.0,2025-03-23,129622,CREDICITRUS,Consumidor Especial,SUDESTE,13.848,1.738982
202503.0,2025-03-24,129622,CREDICITRUS,Consumidor Especial,SUDESTE,13.848,5.199142
202503.0,2025-03-25,129622,CREDICITRUS,Consumidor Especial,SUDESTE,13.848,5.73469
202503.0,2025-03-26,129622,CREDICITRUS,Consumidor Especial,SUDESTE,13.848,5.700125
202503.0,2025-03-27,129622,CREDICITRUS,Consumidor Especial,SUDESTE,13.848,5.826858
202503.0,2025-03-28,129622,CREDICITRUS,Consumidor Especial,SUDESTE,13.848,5.2814
202503.0,2025-03-29,129622,CREDICITRUS,Consumidor Especial,SUDESTE,13.848,1.660732
202503.0,2025-03-30,129622,CREDICITRUS,Consumidor Especial,SUDESTE,13.848,1.751245
202503.0,2025-03-31,129622,CREDICITRUS,Consumidor Especial,SUDESTE,13.848,5.183882
202504.0,2025-04-01,129622,CREDICITRUS,Consumidor Especial,SUDESTE,13.848,5.691403
202504.0,2025-04-02,129622,CREDICITRUS,Consumidor Especial,SUDESTE,13.848,5.430533
202504.0,2025-04-03,129622,CREDICITRUS,Consumidor Especial,SUDESTE,13.848,5.512128
202504.0,2025-04-04,129622,CREDICITRUS,Consumidor Especial,SUDESTE,13.848,5.1468110000000005
202504.0,2025-04-05,129622,CREDICITRUS,Consumidor Especial,SUDESTE,13.848,2.29576
202504.0,2025-04-06,129622,CREDICITRUS,Consumidor Especial,SUDESTE,13.848,1.89436
202504.0,2025-04-07,129622,CREDICITRUS,Consumidor Especial,SUDESTE,13.848,4.887616
202504.0,2025-04-08,129622,CREDICITRUS,Consumidor Especial,SUDESTE,13.848,4.804909
202504.0,2025-04-09,129622,CREDICITRUS,Consumidor Especial,SUDESTE,13.848,4.968049
202504.0,2025-04-10,129622,CREDICITRUS,Consumidor Especial,SUDESTE,13.848,5.05877
202504.0,2025-04-11,129622,CREDICITRUS,Consumidor Especial,SUDESTE,13.848,4.897055
202504.0,2025-04-12,129622,CREDICITRUS,Consumidor Especial,SUDESTE,13.848,2.523228
202504.0,2025-04-13,129622,CREDICITRUS,Consumidor Especial,SUDESTE,13.848,1.669559
202504.0,2025-04-14,129622,CREDICITRUS,Consumidor Especial,SUDESTE,13.848,5.029865
202504.0,2025-04-15,129622,CREDICITRUS,Consumidor Especial,SUDESTE,13.848,4.926133
202504.0,2025-04-16,129622,CREDICITRUS,Consumidor Especial,SUDESTE,13.848,5.224999
202504.0,2025-04-17,129622,CREDICITRUS,Consumidor Especial,SUDESTE,13.848,4.880815
202504.0,2025-04-18,129622,CREDICITRUS,Consumidor Especial,SUDESTE,13.848,1.693807
202504.0,2025-04-19,129622,CREDICITRUS,Consumidor Especial,SUDESTE,13.848,2.207808
202504.0,2025-04-20,129622,CREDICITRUS,Consumidor Especial,SUDESTE,13.848,1.745729
202504.0,2025-04-21,129622,CREDICITRUS,Consumidor Especial,SUDESTE,13.848,1.871183
202504.0,2025-04-22,129622,CREDICITRUS,Consumidor Especial,SUDESTE,13.848,4.878164
202504.0,2025-04-23,129622,CREDICITRUS,Consumidor Especial,SUDESTE,13.848,4.881286
202504.0,2025-04-24,129622,CREDICITRUS,Consumidor Especial,SUDESTE,13.848,5.144596
202504.0,2025-04-25,129622,CREDICITRUS,Consumidor Especial,SUDESTE,13.848,4.606669
202504.0,2025-04-26,129622,CREDICITRUS,Consumidor Especial,SUDESTE,13.848,2.208281
202504.0,2025-04-27,129622,CREDICITRUS,Consumidor Especial,SUDESTE,13.848,1.72327
202504.0,2025-04-28,129622,CREDICITRUS,Consumidor Especial,SUDESTE,13.848,4.591854
202504.0,2025-04-29,129622,CREDICITRUS,Consumidor Especial,SUDESTE,13.848,4.336508
202504.0,2025-04-30,129622,CREDICITRUS,Consumidor Especial,SUDESTE,13.848,4.046404
202505.0,2025-05-01,129622,CREDICITRUS,Consumidor Especial,SUDESTE,13.848,1.704004
202505.0,2025-05-02,129622,CREDICITRUS,Consumidor Especial,SUDESTE,13.848,3.966789
202505.0,2025-05-03,129622,CREDICITRUS,Consumidor Especial,SUDESTE,13.848,2.307134
202505.0,2025-05-04,129622,CREDICITRUS,Consumidor Especial,SUDESTE,13.848,1.625651
202505.0,2025-05-05,129622,CREDICITRUS,Consumidor Especial,SUDESTE,13.848,4.261726
202505.0,2025-05-06,129622,CREDICITRUS,Consumidor Especial,SUDESTE,13.848,4.243641
202505.0,2025-05-07,129622,CREDICITRUS,Consumidor Especial,SUDESTE,13.848,4.403508
202505.0,2025-05-08,129622,CREDICITRUS,Consumidor Especial,SUDESTE,13.848,4.795685
202505.0,2025-05-09,129622,CREDICITRUS,Consumidor Especial,SUDESTE,13.848,4.866275
202505.0,2025-05-10,129622,CREDICITRUS,Consumidor Especial,SUDESTE,13.848,2.123622
202505.0,2025-05-11,129622,CREDICITRUS,Consumidor Especial,SUDESTE,13.848,1.65668
202505.0,2025-05-12,129622,CREDICITRUS,Consumidor Especial,SUDESTE,13.848,4.284834
202505.0,2025-05-13,129622,CREDICITRUS,Consumidor Especial,SUDESTE,13.848,4.248569
202505.0,2025-05-14,129622,CREDICITRUS,Consumidor Especial,SUDESTE,13.848,4.152633
202505.0,2025-05-15,129622,CREDICITRUS,Consumidor Especial,SUDESTE,13.848,4.340193
202505.0,2025-05-16,129622,CREDICITRUS,Consumidor Especial,SUDESTE,13.848,3.993003
202505.0,2025-05-17,129622,CREDICITRUS,Consumidor Especial,SUDESTE,13.848,2.104974
202505.0,2025-05-18,129622,CREDICITRUS,Consumidor Especial,SUDESTE,13.848,1.646049
202505.0,2025-05-19,129622,CREDICITRUS,Consumidor Especial,SUDESTE,13.848,4.254255
202505.0,2025-05-20,129622,CREDICITRUS,Consumidor Especial,SUDESTE,13.848,4.335767
202505.0,2025-05-21,129622,CREDICITRUS,Consumidor Especial,SUDESTE,13.848,4.09594
202505.0,2025-05-22,129622,CREDICITRUS,Consumidor Especial,SUDESTE,13.848,4.174428
202505.0,2025-05-23,129622,CREDICITRUS,Consumidor Especial,SUDESTE,13.848,4.178834
202505.0,2025-05-24,129622,CREDICITRUS,Consumidor Especial,SUDESTE,13.848,2.202448
202505.0,2025-05-25,129622,CREDICITRUS,Consumidor Especial,SUDESTE,13.848,1.661859
202505.0,2025-05-26,129622,CREDICITRUS,Consumidor Especial,SUDESTE,13.848,4.279718
202505.0,2025-05-27,129622,CREDICITRUS,Consumidor Especial,SUDESTE,13.848,4.25806
202505.0,2025-05-28,129622,CREDICITRUS,Consumidor Especial,SUDESTE,13.848,4.135184
202505.0,2025-05-29,129622,CREDICITRUS,Consumidor Especial,SUDESTE,13.848,3.421356
202505.0,2025-05-30,129622,CREDICITRUS,Consumidor Especial,SUDESTE,13.848,3.382914
202505.0,2025-05-31,129622,CREDICITRUS,Consumidor Especial,SUDESTE,13.848,1.969728
202506.0,2025-06-01,129622,CREDICITRUS,Consumidor Especial,SUDESTE,13.848,1.629496
202506.0,2025-06-02,129622,CREDICITRUS,Consumidor Especial,SUDESTE,13.848,3.972023
202506.0,2025-06-03,129622,CREDICITRUS,Consumidor Especial,SUDESTE,13.848,3.731716
202506.0,2025-06-04,129622,CREDICITRUS,Consumidor Especial,SUDESTE,13.848,4.051786
202506.0,2025-06-05,129622,CREDICITRUS,Consumidor Especial,SUDESTE,13.848,4.125322
202506.0,2025-06-06,129622,CREDICITRUS,Consumidor Especial,SUDESTE,13.848,3.989127
202506.0,2025-06-07,129622,CREDICITRUS,Consumidor Especial,SUDESTE,13.848,2.425229
202506.0,2025-06-08,129622,CREDICITRUS,Consumidor Especial,SUDESTE,13.848,1.646525
202506.0,2025-06-09,129622,CREDICITRUS,Consumidor Especial,SUDESTE,13.848,3.776882
202506.0,2025-06-10,129622,CREDICITRUS,Consumidor Especial,SUDESTE,13.848,3.647487
202506.0,2025-06-11,129622,CREDICITRUS,Consumidor Especial,SUDESTE,13.848,3.51603
202506.0,2025-06-12,129622,CREDICITRUS,Consumidor Especial,SUDESTE,13.848,3.445299
202506.0,2025-06-13,129622,CREDICITRUS,Consumidor Especial,SUDESTE,13.848,3.299458
202506.0,2025-06-14,129622,CREDICITRUS,Consumidor Especial,SUDESTE,13.848,2.067955
202506.0,2025-06-15,129622,CREDICITRUS,Consumidor Especial,SUDESTE,13.848,1.578641
202506.0,2025-06-16,129622,CREDICITRUS,Consumidor Especial,SUDESTE,13.848,3.483899
202506.0,2025-06-17,129622,CREDICITRUS,Consumidor Especial,SUDESTE,13.848,3.5051
202506.0,2025-06-18,129622,CREDICITRUS,Consumidor Especial,SUDESTE,13.848,3.686125
202506.0,2025-06-19,129622,CREDICITRUS,Consumidor Especial,SUDESTE,13.848,1.87985
202506.0,2025-06-20,129622,CREDICITRUS,Consumidor Especial,SUDESTE,13.848,3.787705
202506.0,2025-06-21,129622,CREDICITRUS,Consumidor Especial,SUDESTE,13.848,2.299769
202506.0,2025-06-22,129622,CREDICITRUS,Consumidor Especial,SUDESTE,13.848,1.778862
202506.0,2025-06-23,129622,CREDICITRUS,Consumidor Especial,SUDESTE,13.848,3.675228
202506.0,2025-06-24,129622,CREDICITRUS,Consumidor Especial,SUDESTE,13.848,2.843081
202506.0,2025-06-25,129622,CREDICITRUS,Consumidor Especial,SUDESTE,13.848,3.131128
202506.0,2025-06-26,129622,CREDICITRUS,Consumidor Especial,SUDESTE,13.848,3.516115
202506.0,2025-06-27,129622,CREDICITRUS,Consumidor Especial,SUDESTE,13.848,3.64867
202506.0,2025-06-28,129622,CREDICITRUS,Consumidor Especial,SUDESTE,13.848,2.175551
202506.0,2025-06-29,129622,CREDICITRUS,Consumidor Especial,SUDESTE,13.848,1.725897
202506.0,2025-06-30,129622,CREDICITRUS,Consumidor Especial,SUDESTE,13.848,4.032501
202507.0,2025-07-01,129622,CREDICITRUS,Consumidor Especial,SUDESTE,13.848,3.628584
202507.0,2025-07-02,129622,CREDICITRUS,Consumidor Especial,SUDESTE,13.848,3.583291
202507.0,2025-07-03,129622,CREDICITRUS,Consumidor Especial,SUDESTE,13.848,3.587427
202507.0,2025-07-04,129622,CREDICITRUS,Consumidor Especial,SUDESTE,13.848,3.428396
202507.0,2025-07-05,129622,CREDICITRUS,Consumidor Especial,SUDESTE,13.848,1.923022
202507.0,2025-07-06,129622,CREDICITRUS,Consumidor Especial,SUDESTE,13.848,1.646281
202507.0,2025-07-07,129622,CREDICITRUS,Consumidor Especial,SUDESTE,13.848,3.50076
202507.0,2025-07-08,129622,CREDICITRUS,Consumidor Especial,SUDESTE,13.848,3.526169
202507.0,2025-07-09,129622,CREDICITRUS,Consumidor Especial,SUDESTE,13.848,2.483935
202507.0,2025-07-10,129622,CREDICITRUS,Consumidor Especial,SUDESTE,13.848,3.445217
202507.0,2025-07-11,129622,CREDICITRUS,Consumidor Especial,SUDESTE,13.848,3.474343
202507.0,2025-07-12,129622,CREDICITRUS,Consumidor Especial,SUDESTE,13.848,2.082628
202507.0,2025-07-13,129622,CREDICITRUS,Consumidor Especial,SUDESTE,13.848,1.638575
202507.0,2025-07-14,129622,CREDICITRUS,Consumidor Especial,SUDESTE,13.848,3.45955
202507.0,2025-07-15,129622,CREDICITRUS,Consumidor Especial,SUDESTE,13.848,3.498103
202507.0,2025-07-16,129622,CREDICITRUS,Consumidor Especial,SUDESTE,13.848,3.665981
202507.0,2025-07-17,129622,CREDICITRUS,Consumidor Especial,SUDESTE,13.848,3.657648
202507.0,2025-07-18,129622,CREDICITRUS,Consumidor Especial,SUDESTE,13.848,3.611091
202507.0,2025-07-19,129622,CREDICITRUS,Consumidor Especial,SUDESTE,13.848,2.252411
202507.0,2025-07-20,129622,CREDICITRUS,Consumidor Especial,SUDESTE,13.848,1.91001
202507.0,2025-07-21,129622,CREDICITRUS,Consumidor Especial,SUDESTE,13.848,3.591997
202507.0,2025-07-22,129622,CREDICITRUS,Consumidor Especial,SUDESTE,13.848,3.619148
202507.0,2025-07-23,129622,CREDICITRUS,Consumidor Especial,SUDESTE,13.848,3.710663
202507.0,2025-07-24,129622,CREDICITRUS,Consumidor Especial,SUDESTE,13.848,4.013917
202507.0,2025-07-25,129622,CREDICITRUS,Consumidor Especial,SUDESTE,13.848,3.714112
202507.0,2025-07-26,129622,CREDICITRUS,Consumidor Especial,SUDESTE,13.848,2.268158
202507.0,2025-07-27,129622,CREDICITRUS,Consumidor Especial,SUDESTE,13.848,1.915187
202507.0,2025-07-28,129622,CREDICITRUS,Consumidor Especial,SUDESTE,13.848,3.675673
202507.0,2025-07-29,129622,CREDICITRUS,Consumidor Especial,SUDESTE,13.848,3.480248
202507.0,2025-07-30,129622,CREDICITRUS,Consumidor Especial,SUDESTE,13.848,3.395142
202507.0,2025-07-31,129622,CREDICITRUS,Consumidor Especial,SUDESTE,13.848,3.448998
202508.0,2025-08-01,129622,CREDICITRUS,Consumidor Especial,SUDESTE,13.848,3.636962
202508.0,2025-08-02,129622,CREDICITRUS,Consumidor Especial,SUDESTE,13.848,2.138575
202508.0,2025-08-03,129622,CREDICITRUS,Consumidor Especial,SUDESTE,13.848,1.749239
202508.0,2025-08-04,129622,CREDICITRUS,Consumidor Especial,SUDESTE,13.848,3.612428
202508.0,2025-08-05,129622,CREDICITRUS,Consumidor Especial,SUDESTE,13.848,3.357742
202508.0,2025-08-06,129622,CREDICITRUS,Consumidor Especial,SUDESTE,13.848,3.483315
202508.0,2025-08-07,129622,CREDICITRUS,Consumidor Especial,SUDESTE,13.848,3.717565
202508.0,2025-08-08,129622,CREDICITRUS,Consumidor Especial,SUDESTE,13.848,3.805617
202508.0,2025-08-09,129622,CREDICITRUS,Consumidor Especial,SUDESTE,13.848,2.049747
202508.0,2025-08-10,129622,CREDICITRUS,Consumidor Especial,SUDESTE,13.848,1.570611
202508.0,2025-08-11,129622,CREDICITRUS,Consumidor Especial,SUDESTE,13.848,3.171806
202508.0,2025-08-12,129622,CREDICITRUS,Consumidor Especial,SUDESTE,13.848,3.192465
202508.0,2025-08-13,129622,CREDICITRUS,Consumidor Especial,SUDESTE,13.848,3.356177
202508.0,2025-08-14,129622,CREDICITRUS,Consumidor Especial,SUDESTE,13.848,3.431418
202508.0,2025-08-15,129622,CREDICITRUS,Consumidor Especial,SUDESTE,13.848,3.323489
202508.0,2025-08-16,129622,CREDICITRUS,Consumidor Especial,SUDESTE,13.848,2.546052
202508.0,2025-08-17,129622,CREDICITRUS,Consumidor Especial,SUDESTE,13.848,2.161926
202508.0,2025-08-18,129622,CREDICITRUS,Consumidor Especial,SUDESTE,13.848,4.006729
202508.0,2025-08-19,129622,CREDICITRUS,Consumidor Especial,SUDESTE,13.848,4.436345
202508.0,2025-08-20,129622,CREDICITRUS,Consumidor Especial,SUDESTE,13.848,4.472991
202508.0,2025-08-21,129622,CREDICITRUS,Consumidor Especial,SUDESTE,13.848,4.300442
202508.0,2025-08-22,129622,CREDICITRUS,Consumidor Especial,SUDESTE,13.848,4.734242
202508.0,2025-08-23,129622,CREDICITRUS,Consumidor Especial,SUDESTE,13.848,2.516411
202508.0,2025-08-24,129622,CREDICITRUS,Consumidor Especial,SUDESTE,13.848,1.73574
202508.0,2025-08-25,129622,CREDICITRUS,Consumidor Especial,SUDESTE,13.848,4.812715
202508.0,2025-08-26,129622,CREDICITRUS,Consumidor Especial,SUDESTE,13.848,4.552909
202508.0,2025-08-27,129622,CREDICITRUS,Consumidor Especial,SUDESTE,13.848,4.503535
202508.0,2025-08-28,129622,CREDICITRUS,Consumidor Especial,SUDESTE,13.848,4.46563
202508.0,2025-08-29,129622,CREDICITRUS,Consumidor Especial,SUDESTE,13.848,4.081172
202508.0,2025-08-30,129622,CREDICITRUS,Consumidor Especial,SUDESTE,13.848,2.623404
202508.0,2025-08-31,129622,CREDICITRUS,Consumidor Especial,SUDESTE,13.848,1.996934
