MES_REFERENCIA,DATA,CODIGO_PERFIL_AGENTE,SIGLA_PERFIL_AGENTE,CLASSE_PERFIL_AGENTE,SUBMERCADO,CAPACIDADE_CARGA,CONSUMO_CARGA_ACL
,2023-01-01,51330,ICL JACAREI II CL,Consumidor Livre,SUDESTE,17.16,2.398792
,2023-01-02,51330,ICL JACAREI II CL,Consumidor Livre,SUDESTE,17.16,3.399143
,2023-01-03,51330,ICL JACAREI II CL,Consumidor Livre,SUDESTE,17.16,13.876902
,2023-01-04,51330,ICL JACAREI II CL,Consumidor Livre,SUDESTE,17.16,13.551559
,2023-01-05,51330,ICL JACAREI II CL,Consumidor Livre,SUDESTE,17.16,12.581538
,2023-01-06,51330,ICL JACAREI II CL,Consumidor Livre,SUDESTE,17.16,14.014711
,2023-01-07,51330,ICL JACAREI II CL,Consumidor Livre,SUDESTE,17.16,11.841256
,2023-01-08,51330,ICL JACAREI II CL,Consumidor Livre,SUDESTE,17.16,11.735242
,2023-01-09,51330,ICL JACAREI II CL,Consumidor Livre,SUDESTE,17.16,9.029439
,2023-01-10,51330,ICL JACAREI II CL,Consumidor Livre,SUDESTE,17.16,13.849187
,2023-01-11,51330,ICL JACAREI II CL,Consumidor Livre,SUDESTE,17.16,15.228178
,2023-01-12,51330,ICL JACAREI II CL,Consumidor Livre,SUDESTE,17.16,15.495466
,2023-01-13,51330,ICL JACAREI II CL,Consumidor Livre,SUDESTE,17.16,12.43134
,2023-01-14,51330,ICL JACAREI II CL,Consumidor Livre,SUDESTE,17.16,15.001864
,2023-01-15,51330,ICL JACAREI II CL,Consumidor Livre,SUDESTE,17.16,13.270429
,2023-01-16,51330,ICL JACAREI II CL,Consumidor Livre,SUDESTE,17.16,9.911257
,2023-01-17,51330,ICL JACAREI II CL,Consumidor Livre,SUDESTE,17.16,4.35682
,2023-01-18,51330,ICL JACAREI II CL,Consumidor Livre,SUDESTE,17.16,6.167527
,2023-01-19,51330,ICL JACAREI II CL,Consumidor Livre,SUDESTE,17.16,5.681732
,2023-01-20,51330,ICL JACAREI II CL,Consumidor Livre,SUDESTE,17.16,12.38581
,2023-01-21,51330,ICL JACAREI II CL,Consumidor Livre,SUDESTE,17.16,12.526734
,2023-01-22,51330,ICL JACAREI II CL,Consumidor Livre,SUDESTE,17.16,14.097498
,2023-01-23,51330,ICL JACAREI II CL,Consumidor Livre,SUDESTE,17.16,14.44709
,2023-01-24,51330,ICL JACAREI II CL,Consumidor Livre,SUDESTE,17.16,14.774573
,2023-01-25,51330,ICL JACAREI II CL,Consumidor Livre,SUDESTE,17.16,15.113815
,2023-01-26,51330,ICL JACAREI II CL,Consumidor Livre,SUDESTE,17.16,14.173939
,2023-01-27,51330,ICL JACAREI II CL,Consumidor Livre,SUDESTE,17.16,14.69515
,2023-01-28,51330,ICL JACAREI II CL,Consumidor Livre,SUDESTE,17.16,15.549726
,2023-01-29,51330,ICL JACAREI II CL,Consumidor Livre,SUDESTE,17.16,9.328946
,2023-01-30,51330,ICL JACAREI II CL,Consumidor Livre,SUDESTE,17.16,5.615048
,2023-01-31,51330,ICL JACAREI II CL,Consumidor Livre,SUDESTE,17.16,6.307032
,2023-02-01,51330,ICL JACAREI II CL,Consumidor Livre,SUDESTE,17.16,4.285658
,2023-02-02,51330,ICL JACAREI II CL,Consumidor Livre,SUDESTE,17.16,4.383284
,2023-02-03,51330,ICL JACAREI II CL,Consumidor Livre,SUDESTE,17.16,5.713655
,2023-02-04,51330,ICL JACAREI II CL,Consumidor Livre,SUDESTE,17.16,9.57068
,2023-02-05,51330,ICL JACAREI II CL,Consumidor Livre,SUDESTE,17.16,14.391265
,2023-02-06,51330,ICL JACAREI II CL,Consumidor Livre,SUDESTE,17.16,12.699876
,2023-02-07,51330,ICL JACAREI II CL,Consumidor Livre,SUDESTE,17.16,9.043018
,2023-02-08,51330,ICL JACAREI II CL,Consumidor Livre,SUDESTE,17.16,15.807501
,2023-02-09,51330,ICL JACAREI II CL,Consumidor Livre,SUDESTE,17.16,15.852532
,2023-02-10,51330,ICL JACAREI II CL,Consumidor Livre,SUDESTE,17.16,15.997609
,2023-02-11,51330,ICL JACAREI II CL,Consumidor Livre,SUDESTE,17.16,7.125473
,2023-02-12,51330,ICL JACAREI II CL,Consumidor Livre,SUDESTE,17.16,7.214636
,2023-02-13,51330,ICL JACAREI II CL,Consumidor Livre,SUDESTE,17.16,11.062037
,2023-02-14,51330,ICL JACAREI II CL,Consumidor Livre,SUDESTE,17.16,12.363977
,2023-02-15,51330,ICL JACAREI II CL,Consumidor Livre,SUDESTE,17.16,10.534281
,2023-02-16,51330,ICL JACAREI II CL,Consumidor Livre,SUDESTE,17.16,11.837544
,2023-02-17,51330,ICL JACAREI II CL,Consumidor Livre,SUDESTE,17.16,11.687886
,2023-02-18,51330,ICL JACAREI II CL,Consumidor Livre,SUDESTE,17.16,12.302579
,2023-02-19,51330,ICL JACAREI II CL,Consumidor Livre,SUDESTE,17.16,6.725775
,2023-02-20,51330,ICL JACAREI II CL,Consumidor Livre,SUDESTE,17.16,5.181735
,2023-02-21,51330,ICL JACAREI II CL,Consumidor Livre,SUDESTE,17.16,7.840823
,2023-02-22,51330,ICL JACAREI II CL,Consumidor Livre,SUDESTE,17.16,10.269847
,2023-02-23,51330,ICL JACAREI II CL,Consumidor Livre,SUDESTE,17.16,14.054237
,2023-02-24,51330,ICL JACAREI II CL,Consumidor Livre,SUDESTE,17.16,14.851629
,2023-02-25,51330,ICL JACAREI II CL,Consumidor Livre,SUDESTE,17.16,14.442845
,2023-02-26,51330,ICL JACAREI II CL,Consumidor Livre,SUDESTE,17.16,13.963862
,2023-02-27,51330,ICL JACAREI II CL,Consumidor Livre,SUDESTE,17.16,14.611995
,2023-02-28,51330,ICL JACAREI II CL,Consumidor Livre,SUDESTE,17.16,7.474759
,2023-03-01,51330,ICL JACAREI II CL,Consumidor Livre,SUDESTE,17.16,4.446342
,2023-03-02,51330,ICL JACAREI II CL,Consumidor Livre,SUDESTE,17.16,4.400205
,2023-03-03,51330,ICL JACAREI II CL,Consumidor Livre,SUDESTE,17.16,4.486718
,2023-03-04,51330,ICL JACAREI II CL,Consumidor Livre,SUDESTE,17.16,4.499621
,2023-03-05,51330,ICL JACAREI II CL,Consumidor Livre,SUDESTE,17.16,3.38357
,2023-03-06,51330,ICL JACAREI II CL,Consumidor Livre,SUDESTE,17.16,2.877956
,2023-03-07,51330,ICL JACAREI II CL,Consumidor Livre,SUDESTE,17.16,2.044091
,2023-03-08,51330,ICL JACAREI II CL,Consumidor Livre,SUDESTE,17.16,3.740921
,2023-03-09,51330,ICL JACAREI II CL,Consumidor Livre,SUDESTE,17.16,3.979659
,2023-03-10,51330,ICL JACAREI II CL,Consumidor Livre,SUDESTE,17.16,3.864276
,2023-03-11,51330,ICL JACAREI II CL,Consumidor Livre,SUDESTE,17.16,3.60193
,2023-03-12,51330,ICL JACAREI II CL,Consumidor Livre,SUDESTE,17.16,3.407358
,2023-03-13,51330,ICL JACAREI II CL,Consumidor Livre,SUDESTE,17.16,3.786172
,2023-03-14,51330,ICL JACAREI II CL,Consumidor Livre,SUDESTE,17.16,3.918752
,2023-03-15,51330,ICL JACAREI II CL,Consumidor Livre,SUDESTE,17.16,3.980152
,2023-03-16,51330,ICL JACAREI II CL,Consumidor Livre,SUDESTE,17.16,3.907331
,2023-03-17,51330,ICL JACAREI II CL,Consumidor Livre,SUDESTE,17.16,4.046244
,2023-03-18,51330,ICL JACAREI II CL,Consumidor Livre,SUDESTE,17.16,3.928181
,2023-03-19,51330,ICL JACAREI II CL,Consumidor Livre,SUDESTE,17.16,1.758894
,2023-03-20,51330,ICL JACAREI II CL,Consumidor Livre,SUDESTE,17.16,2.890076
,2023-03-21,51330,ICL JACAREI II CL,Consumidor Livre,SUDESTE,17.16,1.250152
,2023-03-22,51330,ICL JACAREI II CL,Consumidor Livre,SUDESTE,17.16,3.897664
,2023-03-23,51330,ICL JACAREI II CL,Consumidor Livre,SUDESTE,17.16,4.093263
,2023-03-24,51330,ICL JACAREI II CL,Consumidor Livre,SUDESTE,17.16,3.749057
,2023-03-25,51330,ICL JACAREI II CL,Consumidor Livre,SUDESTE,17.16,3.170899
,2023-03-26,51330,ICL JACAREI II CL,Consumidor Livre,SUDESTE,17.16,3.412877
,2023-03-27,51330,ICL JACAREI II CL,Consumidor Livre,SUDESTE,17.16,4.027844
,2023-03-28,51330,ICL JACAREI II CL,Consumidor Livre,SUDESTE,17.16,3.93413
,2023-03-29,51330,ICL JACAREI II CL,Consumidor Livre,SUDESTE,17.16,4.329903
,2023-03-30,51330,ICL JACAREI II CL,Consumidor Livre,SUDESTE,17.16,4.4524490000000005
,2023-03-31,51330,ICL JACAREI II CL,Consumidor Livre,SUDESTE,17.16,5.055257
,2023-04-01,51330,ICL JACAREI II CL,Consumidor Livre,SUDESTE,17.16,5.031857
,2023-04-02,51330,ICL JACAREI II CL,Consumidor Livre,SUDESTE,17.16,4.966618
,2023-04-03,51330,ICL JACAREI II CL,Consumidor Livre,SUDESTE,17.16,4.893023
,2023-04-04,51330,ICL JACAREI II CL,Consumidor Livre,SUDESTE,17.16,5.542875
,2023-04-05,51330,ICL JACAREI II CL,Consumidor Livre,SUDESTE,17.16,5.935759
,2023-04-06,51330,ICL JACAREI II CL,Consumidor Livre,SUDESTE,17.16,7.151921
,2023-04-07,51330,ICL JACAREI II CL,Consumidor Livre,SUDESTE,17.16,8.02028
,2023-04-08,51330,ICL JACAREI II CL,Consumidor Livre,SUDESTE,17.16,4.807014
,2023-04-09,51330,ICL JACAREI II CL,Consumidor Livre,SUDESTE,17.16,4.157804
,2023-04-10,51330,ICL JACAREI II CL,Consumidor Livre,SUDESTE,17.16,6.326006
,2023-04-11,51330,ICL JACAREI II CL,Consumidor Livre,SUDESTE,17.16,11.929667
,2023-04-12,51330,ICL JACAREI II CL,Consumidor Livre,SUDESTE,17.16,9.954403
,2023-04-13,51330,ICL JACAREI II CL,Consumidor Livre,SUDESTE,17.16,7.644968
,2023-04-14,51330,ICL JACAREI II CL,Consumidor Livre,SUDESTE,17.16,14.044325
,2023-04-15,51330,ICL JACAREI II CL,Consumidor Livre,SUDESTE,17.16,11.378333
,2023-04-16,51330,ICL JACAREI II CL,Consumidor Livre,SUDESTE,17.16,5.424904
,2023-04-17,51330,ICL JACAREI II CL,Consumidor Livre,SUDESTE,17.16,7.32215
,2023-04-18,51330,ICL JACAREI II CL,Consumidor Livre,SUDESTE,17.16,14.765953
,2023-04-19,51330,ICL JACAREI II CL,Consumidor Livre,SUDESTE,17.16,12.190436
,2023-04-20,51330,ICL JACAREI II CL,Consumidor Livre,SUDESTE,17.16,13.795881
,2023-04-21,51330,ICL JACAREI II CL,Consumidor Livre,SUDESTE,17.16,12.767656
,2023-04-22,51330,ICL JACAREI II CL,Consumidor Livre,SUDESTE,17.16,14.583555
,2023-04-23,51330,ICL JACAREI II CL,Consumidor Livre,SUDESTE,17.16,14.098673
,2023-04-24,51330,ICL JACAREI II CL,Consumidor Livre,SUDESTE,17.16,11.688807
,2023-04-25,51330,ICL JACAREI II CL,Consumidor Livre,SUDESTE,17.16,10.326653
,2023-04-26,51330,ICL JACAREI II CL,Consumidor Livre,SUDESTE,17.16,12.84825
,2023-04-27,51330,ICL JACAREI II CL,Consumidor Livre,SUDESTE,17.16,12.969747
,2023-04-28,51330,ICL JACAREI II CL,Consumidor Livre,SUDESTE,17.16,13.165822
,2023-04-29,51330,ICL JACAREI II CL,Consumidor Livre,SUDESTE,17.16,8.148508
,2023-04-30,51330,ICL JACAREI II CL,Consumidor Livre,SUDESTE,17.16,4.510685
,2023-05-01,51330,ICL JACAREI II CL,Consumidor Livre,SUDESTE,17.16,4.510816
,2023-05-02,51330,ICL JACAREI II CL,Consumidor Livre,SUDESTE,17.16,4.924005
,2023-05-03,51330,ICL JACAREI II CL,Consumidor Livre,SUDESTE,17.16,5.026646
,2023-05-04,51330,ICL JACAREI II CL,Consumidor Livre,SUDESTE,17.16,12.672925
,2023-05-05,51330,ICL JACAREI II CL,Consumidor Livre,SUDESTE,17.16,14.030189
,2023-05-06,51330,ICL JACAREI II CL,Consumidor Livre,SUDESTE,17.16,8.006698
,2023-05-07,51330,ICL JACAREI II CL,Consumidor Livre,SUDESTE,17.16,4.785591
,2023-05-08,51330,ICL JACAREI II CL,Consumidor Livre,SUDESTE,17.16,6.088825
,2023-05-09,51330,ICL JACAREI II CL,Consumidor Livre,SUDESTE,17.16,13.581906
,2023-05-10,51330,ICL JACAREI II CL,Consumidor Livre,SUDESTE,17.16,13.555749
,2023-05-11,51330,ICL JACAREI II CL,Consumidor Livre,SUDESTE,17.16,12.488706
,2023-05-12,51330,ICL JACAREI II CL,Consumidor Livre,SUDESTE,17.16,9.051948
,2023-05-13,51330,ICL JACAREI II CL,Consumidor Livre,SUDESTE,17.16,4.824809
,2023-05-14,51330,ICL JACAREI II CL,Consumidor Livre,SUDESTE,17.16,4.460185
,2023-05-15,51330,ICL JACAREI II CL,Consumidor Livre,SUDESTE,17.16,7.551966999999999
,2023-05-16,51330,ICL JACAREI II CL,Consumidor Livre,SUDESTE,17.16,13.695276
,2023-05-17,51330,ICL JACAREI II CL,Consumidor Livre,SUDESTE,17.16,9.070301
,2023-05-18,51330,ICL JACAREI II CL,Consumidor Livre,SUDESTE,17.16,12.86186
,2023-05-19,51330,ICL JACAREI II CL,Consumidor Livre,SUDESTE,17.16,14.553408
,2023-05-20,51330,ICL JACAREI II CL,Consumidor Livre,SUDESTE,17.16,7.221242
,2023-05-21,51330,ICL JACAREI II CL,Consumidor Livre,SUDESTE,17.16,4.888713
,2023-05-22,51330,ICL JACAREI II CL,Consumidor Livre,SUDESTE,17.16,5.355519
,2023-05-23,51330,ICL JACAREI II CL,Consumidor Livre,SUDESTE,17.16,8.92712
,2023-05-24,51330,ICL JACAREI II CL,Consumidor Livre,SUDESTE,17.16,11.558192
,2023-05-25,51330,ICL JACAREI II CL,Consumidor Livre,SUDESTE,17.16,11.804918
,2023-05-26,51330,ICL JACAREI II CL,Consumidor Livre,SUDESTE,17.16,11.48891
,2023-05-27,51330,ICL JACAREI II CL,Consumidor Livre,SUDESTE,17.16,8.23344
,2023-05-28,51330,ICL JACAREI II CL,Consumidor Livre,SUDESTE,17.16,3.386133
,2023-05-29,51330,ICL JACAREI II CL,Consumidor Livre,SUDESTE,17.16,3.97647
,2023-05-30,51330,ICL JACAREI II CL,Consumidor Livre,SUDESTE,17.16,6.485158
,2023-05-31,51330,ICL JACAREI II CL,Consumidor Livre,SUDESTE,17.16,13.121419
,2023-06-01,51330,ICL JACAREI II CL,Consumidor Livre,SUDESTE,17.16,13.376744
,2023-06-02,51330,ICL JACAREI II CL,Consumidor Livre,SUDESTE,17.16,14.07465
,2023-06-03,51330,ICL JACAREI II CL,Consumidor Livre,SUDESTE,17.16,5.860991
,2023-06-04,51330,ICL JACAREI II CL,Consumidor Livre,SUDESTE,17.16,4.171028
,2023-06-05,51330,ICL JACAREI II CL,Consumidor Livre,SUDESTE,17.16,4.134841
,2023-06-06,51330,ICL JACAREI II CL,Consumidor Livre,SUDESTE,17.16,5.422269
,2023-06-07,51330,ICL JACAREI II CL,Consumidor Livre,SUDESTE,17.16,7.082516
,2023-06-08,51330,ICL JACAREI II CL,Consumidor Livre,SUDESTE,17.16,12.310887
,2023-06-09,51330,ICL JACAREI II CL,Consumidor Livre,SUDESTE,17.16,14.289463
,2023-06-10,51330,ICL JACAREI II CL,Consumidor Livre,SUDESTE,17.16,9.400414
,2023-06-11,51330,ICL JACAREI II CL,Consumidor Livre,SUDESTE,17.16,4.369808
,2023-06-12,51330,ICL JACAREI II CL,Consumidor Livre,SUDESTE,17.16,5.086056
,2023-06-13,51330,ICL JACAREI II CL,Consumidor Livre,SUDESTE,17.16,9.051988
,2023-06-14,51330,ICL JACAREI II CL,Consumidor Livre,SUDESTE,17.16,10.449989
,2023-06-15,51330,ICL JACAREI II CL,Consumidor Livre,SUDESTE,17.16,14.457186
,2023-06-16,51330,ICL JACAREI II CL,Consumidor Livre,SUDESTE,17.16,9.617942
,2023-06-17,51330,ICL JACAREI II CL,Consumidor Livre,SUDESTE,17.16,9.630395
,2023-06-18,51330,ICL JACAREI II CL,Consumidor Livre,SUDESTE,17.16,4.900383
,2023-06-19,51330,ICL JACAREI II CL,Consumidor Livre,SUDESTE,17.16,5.962619
,2023-06-20,51330,ICL JACAREI II CL,Consumidor Livre,SUDESTE,17.16,6.091004
,2023-06-21,51330,ICL JACAREI II CL,Consumidor Livre,SUDESTE,17.16,12.908393
,2023-06-22,51330,ICL JACAREI II CL,Consumidor Livre,SUDESTE,17.16,12.96951
,2023-06-23,51330,ICL JACAREI II CL,Consumidor Livre,SUDESTE,17.16,13.049984
,2023-06-24,51330,ICL JACAREI II CL,Consumidor Livre,SUDESTE,17.16,9.989987
,2023-06-25,51330,ICL JACAREI II CL,Consumidor Livre,SUDESTE,17.16,4.67566
,2023-06-26,51330,ICL JACAREI II CL,Consumidor Livre,SUDESTE,17.16,5.717529
,2023-06-27,51330,ICL JACAREI II CL,Consumidor Livre,SUDESTE,17.16,13.876986
,2023-06-28,51330,ICL JACAREI II CL,Consumidor Livre,SUDESTE,17.16,14.325638
,2023-06-29,51330,ICL JACAREI II CL,Consumidor Livre,SUDESTE,17.16,10.530823
,2023-06-30,51330,ICL JACAREI II CL,Consumidor Livre,SUDESTE,17.16,12.879594
,2023-07-01,51330,ICL JACAREI II CL,Consumidor Livre,SUDESTE,17.16,5.050754
,2023-07-02,51330,ICL JACAREI II CL,Consumidor Livre,SUDESTE,17.16,3.978739
,2023-07-03,51330,ICL JACAREI II CL,Consumidor Livre,SUDESTE,17.16,4.968987
,2023-07-04,51330,ICL JACAREI II CL,Consumidor Livre,SUDESTE,17.16,9.890078
,2023-07-05,51330,ICL JACAREI II CL,Consumidor Livre,SUDESTE,17.16,10.49657
,2023-07-06,51330,ICL JACAREI II CL,Consumidor Livre,SUDESTE,17.16,11.163154
,2023-07-07,51330,ICL JACAREI II CL,Consumidor Livre,SUDESTE,17.16,11.594177
,2023-07-08,51330,ICL JACAREI II CL,Consumidor Livre,SUDESTE,17.16,8.9739
,2023-07-09,51330,ICL JACAREI II CL,Consumidor Livre,SUDESTE,17.16,4.448885
,2023-07-10,51330,ICL JACAREI II CL,Consumidor Livre,SUDESTE,17.16,8.601436
,2023-07-11,51330,ICL JACAREI II CL,Consumidor Livre,SUDESTE,17.16,11.954052
,2023-07-12,51330,ICL JACAREI II CL,Consumidor Livre,SUDESTE,17.16,9.046442
,2023-07-13,51330,ICL JACAREI II CL,Consumidor Livre,SUDESTE,17.16,5.017498
,2023-07-14,51330,ICL JACAREI II CL,Consumidor Livre,SUDESTE,17.16,11.324306
,2023-07-15,51330,ICL JACAREI II CL,Consumidor Livre,SUDESTE,17.16,11.446634
,2023-07-16,51330,ICL JACAREI II CL,Consumidor Livre,SUDESTE,17.16,4.64956
,2023-07-17,51330,ICL JACAREI II CL,Consumidor Livre,SUDESTE,17.16,4.314714
,2023-07-18,51330,ICL JACAREI II CL,Consumidor Livre,SUDESTE,17.16,7.028897
,2023-07-19,51330,ICL JACAREI II CL,Consumidor Livre,SUDESTE,17.16,11.290146
,2023-07-20,51330,ICL JACAREI II CL,Consumidor Livre,SUDESTE,17.16,14.390133
,2023-07-21,51330,ICL JACAREI II CL,Consumidor Livre,SUDESTE,17.16,14.495138
,2023-07-22,51330,ICL JACAREI II CL,Consumidor Livre,SUDESTE,17.16,14.49041
,2023-07-23,51330,ICL JACAREI II CL,Consumidor Livre,SUDESTE,17.16,10.501149
,2023-07-24,51330,ICL JACAREI II CL,Consumidor Livre,SUDESTE,17.16,12.034836
,2023-07-25,51330,ICL JACAREI II CL,Consumidor Livre,SUDESTE,17.16,14.640884
,2023-07-26,51330,ICL JACAREI II CL,Consumidor Livre,SUDESTE,17.16,11.952922
,2023-07-27,51330,ICL JACAREI II CL,Consumidor Livre,SUDESTE,17.16,12.876373
,2023-07-28,51330,ICL JACAREI II CL,Consumidor Livre,SUDESTE,17.16,13.413813
,2023-07-29,51330,ICL JACAREI II CL,Consumidor Livre,SUDESTE,17.16,13.596155
,2023-07-30,51330,ICL JACAREI II CL,Consumidor Livre,SUDESTE,17.16,12.558685
,2023-07-31,51330,ICL JACAREI II CL,Consumidor Livre,SUDESTE,17.16,12.079128
,2023-08-01,51330,ICL JACAREI II CL,Consumidor Livre,SUDESTE,17.16,7.187081
,2023-08-02,51330,ICL JACAREI II CL,Consumidor Livre,SUDESTE,17.16,9.921845
,2023-08-03,51330,ICL JACAREI II CL,Consumidor Livre,SUDESTE,17.16,12.789845
,2023-08-04,51330,ICL JACAREI II CL,Consumidor Livre,SUDESTE,17.16,12.332229
,2023-08-05,51330,ICL JACAREI II CL,Consumidor Livre,SUDESTE,17.16,12.200594
,2023-08-06,51330,ICL JACAREI II CL,Consumidor Livre,SUDESTE,17.16,11.523984
,2023-08-07,51330,ICL JACAREI II CL,Consumidor Livre,SUDESTE,17.16,11.287476
,2023-08-08,51330,ICL JACAREI II CL,Consumidor Livre,SUDESTE,17.16,8.077749
,2023-08-09,51330,ICL JACAREI II CL,Consumidor Livre,SUDESTE,17.16,8.919697
,2023-08-10,51330,ICL JACAREI II CL,Consumidor Livre,SUDESTE,17.16,10.983315
,2023-08-11,51330,ICL JACAREI II CL,Consumidor Livre,SUDESTE,17.16,8.948791
,2023-08-12,51330,ICL JACAREI II CL,Consumidor Livre,SUDESTE,17.16,6.545789
,2023-08-13,51330,ICL JACAREI II CL,Consumidor Livre,SUDESTE,17.16,8.893988
,2023-08-14,51330,ICL JACAREI II CL,Consumidor Livre,SUDESTE,17.16,13.243633
,2023-08-15,51330,ICL JACAREI II CL,Consumidor Livre,SUDESTE,17.16,13.666031
,2023-08-16,51330,ICL JACAREI II CL,Consumidor Livre,SUDESTE,17.16,13.885713
,2023-08-17,51330,ICL JACAREI II CL,Consumidor Livre,SUDESTE,17.16,13.856052
,2023-08-18,51330,ICL JACAREI II CL,Consumidor Livre,SUDESTE,17.16,15.027688
,2023-08-19,51330,ICL JACAREI II CL,Consumidor Livre,SUDESTE,17.16,14.151834
,2023-08-20,51330,ICL JACAREI II CL,Consumidor Livre,SUDESTE,17.16,13.262055
,2023-08-21,51330,ICL JACAREI II CL,Consumidor Livre,SUDESTE,17.16,13.264375
,2023-08-22,51330,ICL JACAREI II CL,Consumidor Livre,SUDESTE,17.16,13.617342
,2023-08-23,51330,ICL JACAREI II CL,Consumidor Livre,SUDESTE,17.16,14.67429
,2023-08-24,51330,ICL JACAREI II CL,Consumidor Livre,SUDESTE,17.16,9.369592
,2023-08-25,51330,ICL JACAREI II CL,Consumidor Livre,SUDESTE,17.16,9.479869
,2023-08-26,51330,ICL JACAREI II CL,Consumidor Livre,SUDESTE,17.16,6.47266
,2023-08-27,51330,ICL JACAREI II CL,Consumidor Livre,SUDESTE,17.16,5.454056
,2023-08-28,51330,ICL JACAREI II CL,Consumidor Livre,SUDESTE,17.16,9.066903
,2023-08-29,51330,ICL JACAREI II CL,Consumidor Livre,SUDESTE,17.16,11.269803
,2023-08-30,51330,ICL JACAREI II CL,Consumidor Livre,SUDESTE,17.16,8.492386
,2023-08-31,51330,ICL JACAREI II CL,Consumidor Livre,SUDESTE,17.16,12.285185
,2023-09-01,51330,ICL JACAREI II CL,Consumidor Livre,SUDESTE,17.16,10.720884
,2023-09-02,51330,ICL JACAREI II CL,Consumidor Livre,SUDESTE,17.16,5.447067
,2023-09-03,51330,ICL JACAREI II CL,Consumidor Livre,SUDESTE,17.16,13.378852
,2023-09-04,51330,ICL JACAREI II CL,Consumidor Livre,SUDESTE,17.16,13.949427
,2023-09-05,51330,ICL JACAREI II CL,Consumidor Livre,SUDESTE,17.16,13.657351
,2023-09-06,51330,ICL JACAREI II CL,Consumidor Livre,SUDESTE,17.16,11.578837
,2023-09-07,51330,ICL JACAREI II CL,Consumidor Livre,SUDESTE,17.16,15.008248
,2023-09-08,51330,ICL JACAREI II CL,Consumidor Livre,SUDESTE,17.16,14.946794
,2023-09-09,51330,ICL JACAREI II CL,Consumidor Livre,SUDESTE,17.16,13.516702
,2023-09-10,51330,ICL JACAREI II CL,Consumidor Livre,SUDESTE,17.16,14.542437
,2023-09-11,51330,ICL JACAREI II CL,Consumidor Livre,SUDESTE,17.16,8.073579
,2023-09-12,51330,ICL JACAREI II CL,Consumidor Livre,SUDESTE,17.16,12.460418
,2023-09-13,51330,ICL JACAREI II CL,Consumidor Livre,SUDESTE,17.16,13.401703
,2023-09-14,51330,ICL JACAREI II CL,Consumidor Livre,SUDESTE,17.16,13.362198
,2023-09-15,51330,ICL JACAREI II CL,Consumidor Livre,SUDESTE,17.16,5.967492
,2023-09-16,51330,ICL JACAREI II CL,Consumidor Livre,SUDESTE,17.16,9.667361
,2023-09-17,51330,ICL JACAREI II CL,Consumidor Livre,SUDESTE,17.16,14.258176
,2023-09-18,51330,ICL JACAREI II CL,Consumidor Livre,SUDESTE,17.16,9.428114
,2023-09-19,51330,ICL JACAREI II CL,Consumidor Livre,SUDESTE,17.16,8.423295
,2023-09-20,51330,ICL JACAREI II CL,Consumidor Livre,SUDESTE,17.16,12.012091
,2023-09-21,51330,ICL JACAREI II CL,Consumidor Livre,SUDESTE,17.16,11.846844
,2023-09-22,51330,ICL JACAREI II CL,Consumidor Livre,SUDESTE,17.16,7.166898
,2023-09-23,51330,ICL JACAREI II CL,Consumidor Livre,SUDESTE,17.16,9.668548
,2023-09-24,51330,ICL JACAREI II CL,Consumidor Livre,SUDESTE,17.16,12.074741
,2023-09-25,51330,ICL JACAREI II CL,Consumidor Livre,SUDESTE,17.16,11.004051
,2023-09-26,51330,ICL JACAREI II CL,Consumidor Livre,SUDESTE,17.16,15.402542
,2023-09-27,51330,ICL JACAREI II CL,Consumidor Livre,SUDESTE,17.16,11.951908
,2023-09-28,51330,ICL JACAREI II CL,Consumidor Livre,SUDESTE,17.16,13.774146
,2023-09-29,51330,ICL JACAREI II CL,Consumidor Livre,SUDESTE,17.16,12.904008
,2023-09-30,51330,ICL JACAREI II CL,Consumidor Livre,SUDESTE,17.16,13.31782
,2023-10-01,51330,ICL JACAREI II CL,Consumidor Livre,SUDESTE,17.16,4.410144
,2023-10-02,51330,ICL JACAREI II CL,Consumidor Livre,SUDESTE,17.16,3.645889
,2023-10-03,51330,ICL JACAREI II CL,Consumidor Livre,SUDESTE,17.16,3.551585
,2023-10-04,51330,ICL JACAREI II CL,Consumidor Livre,SUDESTE,17.16,3.893669
,2023-10-05,51330,ICL JACAREI II CL,Consumidor Livre,SUDESTE,17.16,3.152014
,2023-10-06,51330,ICL JACAREI II CL,Consumidor Livre,SUDESTE,17.16,3.912986
,2023-10-07,51330,ICL JACAREI II CL,Consumidor Livre,SUDESTE,17.16,4.668467
,2023-10-08,51330,ICL JACAREI II CL,Consumidor Livre,SUDESTE,17.16,6.930799
,2023-10-09,51330,ICL JACAREI II CL,Consumidor Livre,SUDESTE,17.16,10.446563
,2023-10-10,51330,ICL JACAREI II CL,Consumidor Livre,SUDESTE,17.16,8.966168
,2023-10-11,51330,ICL JACAREI II CL,Consumidor Livre,SUDESTE,17.16,6.26693
,2023-10-12,51330,ICL JACAREI II CL,Consumidor Livre,SUDESTE,17.16,9.398909
,2023-10-13,51330,ICL JACAREI II CL,Consumidor Livre,SUDESTE,17.16,13.79336
,2023-10-14,51330,ICL JACAREI II CL,Consumidor Livre,SUDESTE,17.16,13.255515
,2023-10-15,51330,ICL JACAREI II CL,Consumidor Livre,SUDESTE,17.16,14.610573
,2023-10-16,51330,ICL JACAREI II CL,Consumidor Livre,SUDESTE,17.16,12.158199
,2023-10-17,51330,ICL JACAREI II CL,Consumidor Livre,SUDESTE,17.16,13.918734
,2023-10-18,51330,ICL JACAREI II CL,Consumidor Livre,SUDESTE,17.16,14.224737
,2023-10-19,51330,ICL JACAREI II CL,Consumidor Livre,SUDESTE,17.16,14.868733
,2023-10-20,51330,ICL JACAREI II CL,Consumidor Livre,SUDESTE,17.16,9.665872
,2023-10-21,51330,ICL JACAREI II CL,Consumidor Livre,SUDESTE,17.16,6.328273
,2023-10-22,51330,ICL JACAREI II CL,Consumidor Livre,SUDESTE,17.16,9.670761
,2023-10-23,51330,ICL JACAREI II CL,Consumidor Livre,SUDESTE,17.16,11.908534
,2023-10-24,51330,ICL JACAREI II CL,Consumidor Livre,SUDESTE,17.16,7.140282
,2023-10-25,51330,ICL JACAREI II CL,Consumidor Livre,SUDESTE,17.16,5.900511
,2023-10-26,51330,ICL JACAREI II CL,Consumidor Livre,SUDESTE,17.16,8.423531
,2023-10-27,51330,ICL JACAREI II CL,Consumidor Livre,SUDESTE,17.16,13.882544
,2023-10-28,51330,ICL JACAREI II CL,Consumidor Livre,SUDESTE,17.16,11.790126
,2023-10-29,51330,ICL JACAREI II CL,Consumidor Livre,SUDESTE,17.16,8.979861
,2023-10-30,51330,ICL JACAREI II CL,Consumidor Livre,SUDESTE,17.16,10.10989
,2023-10-31,51330,ICL JACAREI II CL,Consumidor Livre,SUDESTE,17.16,13.617734
,2023-11-01,51330,ICL JACAREI II CL,Consumidor Livre,SUDESTE,17.16,13.983943
,2023-11-02,51330,ICL JACAREI II CL,Consumidor Livre,SUDESTE,17.16,14.725451
,2023-11-03,51330,ICL JACAREI II CL,Consumidor Livre,SUDESTE,17.16,14.650413
,2023-11-04,51330,ICL JACAREI II CL,Consumidor Livre,SUDESTE,17.16,14.714877
,2023-11-05,51330,ICL JACAREI II CL,Consumidor Livre,SUDESTE,17.16,14.890667
,2023-11-06,51330,ICL JACAREI II CL,Consumidor Livre,SUDESTE,17.16,7.858795
,2023-11-07,51330,ICL JACAREI II CL,Consumidor Livre,SUDESTE,17.16,5.58467
,2023-11-08,51330,ICL JACAREI II CL,Consumidor Livre,SUDESTE,17.16,7.842954
,2023-11-09,51330,ICL JACAREI II CL,Consumidor Livre,SUDESTE,17.16,12.302776
,2023-11-10,51330,ICL JACAREI II CL,Consumidor Livre,SUDESTE,17.16,11.773013
,2023-11-11,51330,ICL JACAREI II CL,Consumidor Livre,SUDESTE,17.16,11.449527
,2023-11-12,51330,ICL JACAREI II CL,Consumidor Livre,SUDESTE,17.16,5.82314
,2023-11-13,51330,ICL JACAREI II CL,Consumidor Livre,SUDESTE,17.16,4.222571
,2023-11-14,51330,ICL JACAREI II CL,Consumidor Livre,SUDESTE,17.16,9.134817
,2023-11-15,51330,ICL JACAREI II CL,Consumidor Livre,SUDESTE,17.16,13.391099
,2023-11-16,51330,ICL JACAREI II CL,Consumidor Livre,SUDESTE,17.16,14.550769
,2023-11-17,51330,ICL JACAREI II CL,Consumidor Livre,SUDESTE,17.16,15.244313
,2023-11-18,51330,ICL JACAREI II CL,Consumidor Livre,SUDESTE,17.16,15.637147
,2023-11-19,51330,ICL JACAREI II CL,Consumidor Livre,SUDESTE,17.16,8.852158
,2023-11-20,51330,ICL JACAREI II CL,Consumidor Livre,SUDESTE,17.16,12.805292
,2023-11-21,51330,ICL JACAREI II CL,Consumidor Livre,SUDESTE,17.16,13.569372
,2023-11-22,51330,ICL JACAREI II CL,Consumidor Livre,SUDESTE,17.16,15.40828
,2023-11-23,51330,ICL JACAREI II CL,Consumidor Livre,SUDESTE,17.16,10.73254
,2023-11-24,51330,ICL JACAREI II CL,Consumidor Livre,SUDESTE,17.16,6.791493
,2023-11-25,51330,ICL JACAREI II CL,Consumidor Livre,SUDESTE,17.16,5.2419080000000005
,2023-11-26,51330,ICL JACAREI II CL,Consumidor Livre,SUDESTE,17.16,5.237621
,2023-11-27,51330,ICL JACAREI II CL,Consumidor Livre,SUDESTE,17.16,8.765138
,2023-11-28,51330,ICL JACAREI II CL,Consumidor Livre,SUDESTE,17.16,6.698598
,2023-11-29,51330,ICL JACAREI II CL,Consumidor Livre,SUDESTE,17.16,10.543466
,2023-11-30,51330,ICL JACAREI II CL,Consumidor Livre,SUDESTE,17.16,12.674446
,2023-12-01,51330,ICL JACAREI II CL,Consumidor Livre,SUDESTE,17.16,14.622775
,2023-12-02,51330,ICL JACAREI II CL,Consumidor Livre,SUDESTE,17.16,11.34901
,2023-12-03,51330,ICL JACAREI II CL,Consumidor Livre,SUDESTE,17.16,14.567665
,2023-12-04,51330,ICL JACAREI II CL,Consumidor Livre,SUDESTE,17.16,10.146061
,2023-12-05,51330,ICL JACAREI II CL,Consumidor Livre,SUDESTE,17.16,5.135605
,2023-12-06,51330,ICL JACAREI II CL,Consumidor Livre,SUDESTE,17.16,7.866364
,2023-12-07,51330,ICL JACAREI II CL,Consumidor Livre,SUDESTE,17.16,9.73808
,2023-12-08,51330,ICL JACAREI II CL,Consumidor Livre,SUDESTE,17.16,3.1652
,2023-12-09,51330,ICL JACAREI II CL,Consumidor Livre,SUDESTE,17.16,3.501536
,2023-12-10,51330,ICL JACAREI II CL,Consumidor Livre,SUDESTE,17.16,3.196293
,2023-12-11,51330,ICL JACAREI II CL,Consumidor Livre,SUDESTE,17.16,3.143743
,2023-12-12,51330,ICL JACAREI II CL,Consumidor Livre,SUDESTE,17.16,2.997918
,2023-12-13,51330,ICL JACAREI II CL,Consumidor Livre,SUDESTE,17.16,5.799688
,2023-12-14,51330,ICL JACAREI II CL,Consumidor Livre,SUDESTE,17.16,10.915775
,2023-12-15,51330,ICL JACAREI II CL,Consumidor Livre,SUDESTE,17.16,7.574605
,2023-12-16,51330,ICL JACAREI II CL,Consumidor Livre,SUDESTE,17.16,10.713372
,2023-12-17,51330,ICL JACAREI II CL,Consumidor Livre,SUDESTE,17.16,4.259857
,2023-12-18,51330,ICL JACAREI II CL,Consumidor Livre,SUDESTE,17.16,8.373445
,2023-12-19,51330,ICL JACAREI II CL,Consumidor Livre,SUDESTE,17.16,5.58507
,2023-12-20,51330,ICL JACAREI II CL,Consumidor Livre,SUDESTE,17.16,13.693397
,2023-12-21,51330,ICL JACAREI II CL,Consumidor Livre,SUDESTE,17.16,13.014297
,2023-12-22,51330,ICL JACAREI II CL,Consumidor Livre,SUDESTE,17.16,5.079103
,2023-12-23,51330,ICL JACAREI II CL,Consumidor Livre,SUDESTE,17.16,9.495078
,2023-12-24,51330,ICL JACAREI II CL,Consumidor Livre,SUDESTE,17.16,9.022033
,2023-12-25,51330,ICL JACAREI II CL,Consumidor Livre,SUDESTE,17.16,3.310155
,2023-12-26,51330,ICL JACAREI II CL,Consumidor Livre,SUDESTE,17.16,10.800686
,2023-12-27,51330,ICL JACAREI II CL,Consumidor Livre,SUDESTE,17.16,15.226025
,2023-12-28,51330,ICL JACAREI II CL,Consumidor Livre,SUDESTE,17.16,15.13659
,2023-12-29,51330,ICL JACAREI II CL,Consumidor Livre,SUDESTE,17.16,15.947186
,2023-12-30,51330,ICL JACAREI II CL,Consumidor Livre,SUDESTE,17.16,15.467463
,2023-12-31,51330,ICL JACAREI II CL,Consumidor Livre,SUDESTE,17.16,6.892232
,2024-01-01,51330,ICL JACAREI II CL,Consumidor Livre,SUDESTE,17.16,3.49414
,2024-01-02,51330,ICL JACAREI II CL,Consumidor Livre,SUDESTE,17.16,5.126142
,2024-01-03,51330,ICL JACAREI II CL,Consumidor Livre,SUDESTE,17.16,9.214521
,2024-01-04,51330,ICL JACAREI II CL,Consumidor Livre,SUDESTE,17.16,11.187728
,2024-01-05,51330,ICL JACAREI II CL,Consumidor Livre,SUDESTE,17.16,14.640438
,2024-01-06,51330,ICL JACAREI II CL,Consumidor Livre,SUDESTE,17.16,15.183204
,2024-01-07,51330,ICL JACAREI II CL,Consumidor Livre,SUDESTE,17.16,14.635616
,2024-01-08,51330,ICL JACAREI II CL,Consumidor Livre,SUDESTE,17.16,11.904951
,2024-01-09,51330,ICL JACAREI II CL,Consumidor Livre,SUDESTE,17.16,14.133806
,2024-01-10,51330,ICL JACAREI II CL,Consumidor Livre,SUDESTE,17.16,13.873748
,2024-01-11,51330,ICL JACAREI II CL,Consumidor Livre,SUDESTE,17.16,16.50539
,2024-01-12,51330,ICL JACAREI II CL,Consumidor Livre,SUDESTE,17.16,16.429996
,2024-01-13,51330,ICL JACAREI II CL,Consumidor Livre,SUDESTE,17.16,15.819772
,2024-01-14,51330,ICL JACAREI II CL,Consumidor Livre,SUDESTE,17.16,12.631198
,2024-01-15,51330,ICL JACAREI II CL,Consumidor Livre,SUDESTE,17.16,12.185228
,2024-01-16,51330,ICL JACAREI II CL,Consumidor Livre,SUDESTE,17.16,15.947323
,2024-01-17,51330,ICL JACAREI II CL,Consumidor Livre,SUDESTE,17.16,16.001998
,2024-01-18,51330,ICL JACAREI II CL,Consumidor Livre,SUDESTE,17.16,12.728351
,2024-01-19,51330,ICL JACAREI II CL,Consumidor Livre,SUDESTE,17.16,4.4242040000000005
,2024-01-20,51330,ICL JACAREI II CL,Consumidor Livre,SUDESTE,17.16,12.353824
,2024-01-21,51330,ICL JACAREI II CL,Consumidor Livre,SUDESTE,17.16,15.068913
,2024-01-22,51330,ICL JACAREI II CL,Consumidor Livre,SUDESTE,17.16,4.738619
,2024-01-23,51330,ICL JACAREI II CL,Consumidor Livre,SUDESTE,17.16,5.333762
,2024-01-24,51330,ICL JACAREI II CL,Consumidor Livre,SUDESTE,17.16,10.897602
,2024-01-25,51330,ICL JACAREI II CL,Consumidor Livre,SUDESTE,17.16,15.039454
,2024-01-26,51330,ICL JACAREI II CL,Consumidor Livre,SUDESTE,17.16,12.335338
,2024-01-27,51330,ICL JACAREI II CL,Consumidor Livre,SUDESTE,17.16,14.703844
,2024-01-28,51330,ICL JACAREI II CL,Consumidor Livre,SUDESTE,17.16,11.65272
,2024-01-29,51330,ICL JACAREI II CL,Consumidor Livre,SUDESTE,17.16,16.107908
,2024-01-30,51330,ICL JACAREI II CL,Consumidor Livre,SUDESTE,17.16,15.237507
,2024-01-31,51330,ICL JACAREI II CL,Consumidor Livre,SUDESTE,17.16,15.352553
,2024-02-01,51330,ICL JACAREI II CL,Consumidor Livre,SUDESTE,17.16,11.413195
,2024-02-02,51330,ICL JACAREI II CL,Consumidor Livre,SUDESTE,17.16,11.153605
,2024-02-03,51330,ICL JACAREI II CL,Consumidor Livre,SUDESTE,17.16,9.074235
,2024-02-04,51330,ICL JACAREI II CL,Consumidor Livre,SUDESTE,17.16,11.714143
,2024-02-05,51330,ICL JACAREI II CL,Consumidor Livre,SUDESTE,17.16,13.824113
,2024-02-06,51330,ICL JACAREI II CL,Consumidor Livre,SUDESTE,17.16,14.159401
,2024-02-07,51330,ICL JACAREI II CL,Consumidor Livre,SUDESTE,17.16,13.735937
,2024-02-08,51330,ICL JACAREI II CL,Consumidor Livre,SUDESTE,17.16,7.666077
,2024-02-09,51330,ICL JACAREI II CL,Consumidor Livre,SUDESTE,17.16,5.982678
,2024-02-10,51330,ICL JACAREI II CL,Consumidor Livre,SUDESTE,17.16,11.127425
,2024-02-11,51330,ICL JACAREI II CL,Consumidor Livre,SUDESTE,17.16,12.4056
,2024-02-12,51330,ICL JACAREI II CL,Consumidor Livre,SUDESTE,17.16,14.718311
,2024-02-13,51330,ICL JACAREI II CL,Consumidor Livre,SUDESTE,17.16,15.092171
,2024-02-14,51330,ICL JACAREI II CL,Consumidor Livre,SUDESTE,17.16,14.836048
,2024-02-15,51330,ICL JACAREI II CL,Consumidor Livre,SUDESTE,17.16,14.854542
,2024-02-16,51330,ICL JACAREI II CL,Consumidor Livre,SUDESTE,17.16,14.513319
,2024-02-17,51330,ICL JACAREI II CL,Consumidor Livre,SUDESTE,17.16,12.977001
,2024-02-18,51330,ICL JACAREI II CL,Consumidor Livre,SUDESTE,17.16,9.523199
,2024-02-19,51330,ICL JACAREI II CL,Consumidor Livre,SUDESTE,17.16,13.256301
,2024-02-20,51330,ICL JACAREI II CL,Consumidor Livre,SUDESTE,17.16,14.820448
,2024-02-21,51330,ICL JACAREI II CL,Consumidor Livre,SUDESTE,17.16,14.819921
,2024-02-22,51330,ICL JACAREI II CL,Consumidor Livre,SUDESTE,17.16,12.006244
,2024-02-23,51330,ICL JACAREI II CL,Consumidor Livre,SUDESTE,17.16,8.398612
,2024-02-24,51330,ICL JACAREI II CL,Consumidor Livre,SUDESTE,17.16,7.731736
,2024-02-25,51330,ICL JACAREI II CL,Consumidor Livre,SUDESTE,17.16,11.415326
,2024-02-26,51330,ICL JACAREI II CL,Consumidor Livre,SUDESTE,17.16,12.143119
,2024-02-27,51330,ICL JACAREI II CL,Consumidor Livre,SUDESTE,17.16,13.275345
,2024-02-28,51330,ICL JACAREI II CL,Consumidor Livre,SUDESTE,17.16,10.611079
,2024-02-29,51330,ICL JACAREI II CL,Consumidor Livre,SUDESTE,17.16,11.704242
202403.0,2024-03-01,51330,ICL JACAREI II CL,Consumidor Livre,SUDESTE,17.16,10.852902
202403.0,2024-03-02,51330,ICL JACAREI II CL,Consumidor Livre,SUDESTE,17.16,7.842602
202403.0,2024-03-03,51330,ICL JACAREI II CL,Consumidor Livre,SUDESTE,17.16,7.396379
202403.0,2024-03-04,51330,ICL JACAREI II CL,Consumidor Livre,SUDESTE,17.16,5.035301
202403.0,2024-03-05,51330,ICL JACAREI II CL,Consumidor Livre,SUDESTE,17.16,6.541335
202403.0,2024-03-06,51330,ICL JACAREI II CL,Consumidor Livre,SUDESTE,17.16,14.440089
202403.0,2024-03-07,51330,ICL JACAREI II CL,Consumidor Livre,SUDESTE,17.16,15.476917
202403.0,2024-03-08,51330,ICL JACAREI II CL,Consumidor Livre,SUDESTE,17.16,15.211697
202403.0,2024-03-09,51330,ICL JACAREI II CL,Consumidor Livre,SUDESTE,17.16,15.124182
202403.0,2024-03-10,51330,ICL JACAREI II CL,Consumidor Livre,SUDESTE,17.16,13.019917
202403.0,2024-03-11,51330,ICL JACAREI II CL,Consumidor Livre,SUDESTE,17.16,14.768358
202403.0,2024-03-12,51330,ICL JACAREI II CL,Consumidor Livre,SUDESTE,17.16,12.983266
202403.0,2024-03-13,51330,ICL JACAREI II CL,Consumidor Livre,SUDESTE,17.16,15.598938
202403.0,2024-03-14,51330,ICL JACAREI II CL,Consumidor Livre,SUDESTE,17.16,15.63678
202403.0,2024-03-15,51330,ICL JACAREI II CL,Consumidor Livre,SUDESTE,17.16,14.833761
202403.0,2024-03-16,51330,ICL JACAREI II CL,Consumidor Livre,SUDESTE,17.16,15.184263
202403.0,2024-03-17,51330,ICL JACAREI II CL,Consumidor Livre,SUDESTE,17.16,12.653274
202403.0,2024-03-18,51330,ICL JACAREI II CL,Consumidor Livre,SUDESTE,17.16,6.969668
202403.0,2024-03-19,51330,ICL JACAREI II CL,Consumidor Livre,SUDESTE,17.16,4.136454
202403.0,2024-03-20,51330,ICL JACAREI II CL,Consumidor Livre,SUDESTE,17.16,8.491047
202403.0,2024-03-21,51330,ICL JACAREI II CL,Consumidor Livre,SUDESTE,17.16,15.393462
202403.0,2024-03-22,51330,ICL JACAREI II CL,Consumidor Livre,SUDESTE,17.16,15.058644
202403.0,2024-03-23,51330,ICL JACAREI II CL,Consumidor Livre,SUDESTE,17.16,11.162652
202403.0,2024-03-24,51330,ICL JACAREI II CL,Consumidor Livre,SUDESTE,17.16,13.938462
202403.0,2024-03-25,51330,ICL JACAREI II CL,Consumidor Livre,SUDESTE,17.16,10.268717
202403.0,2024-03-26,51330,ICL JACAREI II CL,Consumidor Livre,SUDESTE,17.16,15.351259
202403.0,2024-03-27,51330,ICL JACAREI II CL,Consumidor Livre,SUDESTE,17.16,14.423871
202403.0,2024-03-28,51330,ICL JACAREI II CL,Consumidor Livre,SUDESTE,17.16,14.421946
202403.0,2024-03-29,51330,ICL JACAREI II CL,Consumidor Livre,SUDESTE,17.16,14.40474
202403.0,2024-03-30,51330,ICL JACAREI II CL,Consumidor Livre,SUDESTE,17.16,8.388698
202403.0,2024-03-31,51330,ICL JACAREI II CL,Consumidor Livre,SUDESTE,17.16,10.368784
202404.0,2024-04-01,51330,ICL JACAREI II CL,Consumidor Livre,SUDESTE,17.16,4.123127
202404.0,2024-04-02,51330,ICL JACAREI II CL,Consumidor Livre,SUDESTE,17.16,11.952126
202404.0,2024-04-03,51330,ICL JACAREI II CL,Consumidor Livre,SUDESTE,17.16,14.770202
202404.0,2024-04-04,51330,ICL JACAREI II CL,Consumidor Livre,SUDESTE,17.16,13.653681
202404.0,2024-04-05,51330,ICL JACAREI II CL,Consumidor Livre,SUDESTE,17.16,13.111341
202404.0,2024-04-06,51330,ICL JACAREI II CL,Consumidor Livre,SUDESTE,17.16,7.83253
202404.0,2024-04-07,51330,ICL JACAREI II CL,Consumidor Livre,SUDESTE,17.16,4.759402
202404.0,2024-04-08,51330,ICL JACAREI II CL,Consumidor Livre,SUDESTE,17.16,10.553006
202404.0,2024-04-09,51330,ICL JACAREI II CL,Consumidor Livre,SUDESTE,17.16,15.448475
202404.0,2024-04-10,51330,ICL JACAREI II CL,Consumidor Livre,SUDESTE,17.16,6.1129180000000005
202404.0,2024-04-11,51330,ICL JACAREI II CL,Consumidor Livre,SUDESTE,17.16,12.936849
202404.0,2024-04-12,51330,ICL JACAREI II CL,Consumidor Livre,SUDESTE,17.16,13.101833
202404.0,2024-04-13,51330,ICL JACAREI II CL,Consumidor Livre,SUDESTE,17.16,6.5198160000000005
202404.0,2024-04-14,51330,ICL JACAREI II CL,Consumidor Livre,SUDESTE,17.16,2.385159
202404.0,2024-04-15,51330,ICL JACAREI II CL,Consumidor Livre,SUDESTE,17.16,1.539475
202404.0,2024-04-16,51330,ICL JACAREI II CL,Consumidor Livre,SUDESTE,17.16,3.010949
202404.0,2024-04-17,51330,ICL JACAREI II CL,Consumidor Livre,SUDESTE,17.16,3.357623
202404.0,2024-04-18,51330,ICL JACAREI II CL,Consumidor Livre,SUDESTE,17.16,3.271594
202404.0,2024-04-19,51330,ICL JACAREI II CL,Consumidor Livre,SUDESTE,17.16,3.412806
202404.0,2024-04-20,51330,ICL JACAREI II CL,Consumidor Livre,SUDESTE,17.16,2.505996
202404.0,2024-04-21,51330,ICL JACAREI II CL,Consumidor Livre,SUDESTE,17.16,1.82291
202404.0,2024-04-22,51330,ICL JACAREI II CL,Consumidor Livre,SUDESTE,17.16,2.439705
202404.0,2024-04-23,51330,ICL JACAREI II CL,Consumidor Livre,SUDESTE,17.16,3.344264
202404.0,2024-04-24,51330,ICL JACAREI II CL,Consumidor Livre,SUDESTE,17.16,3.482189
202404.0,2024-04-25,51330,ICL JACAREI II CL,Consumidor Livre,SUDESTE,17.16,4.125867
202404.0,2024-04-26,51330,ICL JACAREI II CL,Consumidor Livre,SUDESTE,17.16,3.134125
202404.0,2024-04-27,51330,ICL JACAREI II CL,Consumidor Livre,SUDESTE,17.16,3.187106
202404.0,2024-04-28,51330,ICL JACAREI II CL,Consumidor Livre,SUDESTE,17.16,2.106313
202404.0,2024-04-29,51330,ICL JACAREI II CL,Consumidor Livre,SUDESTE,17.16,3.169243
202404.0,2024-04-30,51330,ICL JACAREI II CL,Consumidor Livre,SUDESTE,17.16,3.670659
202405.0,2024-05-01,51330,ICL JACAREI II CL,Consumidor Livre,SUDESTE,17.16,3.18006
202405.0,2024-05-02,51330,ICL JACAREI II CL,Consumidor Livre,SUDESTE,17.16,3.608339
202405.0,2024-05-03,51330,ICL JACAREI II CL,Consumidor Livre,SUDESTE,17.16,4.082768
202405.0,2024-05-04,51330,ICL JACAREI II CL,Consumidor Livre,SUDESTE,17.16,3.716293
202405.0,2024-05-05,51330,ICL JACAREI II CL,Consumidor Livre,SUDESTE,17.16,2.258
202405.0,2024-05-06,51330,ICL JACAREI II CL,Consumidor Livre,SUDESTE,17.16,3.479353
202405.0,2024-05-07,51330,ICL JACAREI II CL,Consumidor Livre,SUDESTE,17.16,4.447499
202405.0,2024-05-08,51330,ICL JACAREI II CL,Consumidor Livre,SUDESTE,17.16,3.741916
202405.0,2024-05-09,51330,ICL JACAREI II CL,Consumidor Livre,SUDESTE,17.16,3.973554
202405.0,2024-05-10,51330,ICL JACAREI II CL,Consumidor Livre,SUDESTE,17.16,4.93133
202405.0,2024-05-11,51330,ICL JACAREI II CL,Consumidor Livre,SUDESTE,17.16,4.809744
202405.0,2024-05-12,51330,ICL JACAREI II CL,Consumidor Livre,SUDESTE,17.16,3.068683
202405.0,2024-05-13,51330,ICL JACAREI II CL,Consumidor Livre,SUDESTE,17.16,3.659046
202405.0,2024-05-14,51330,ICL JACAREI II CL,Consumidor Livre,SUDESTE,17.16,3.885985
202405.0,2024-05-15,51330,ICL JACAREI II CL,Consumidor Livre,SUDESTE,17.16,4.4313970000000005
202405.0,2024-05-16,51330,ICL JACAREI II CL,Consumidor Livre,SUDESTE,17.16,4.302099
202405.0,2024-05-17,51330,ICL JACAREI II CL,Consumidor Livre,SUDESTE,17.16,5.524918
202405.0,2024-05-18,51330,ICL JACAREI II CL,Consumidor Livre,SUDESTE,17.16,7.165518
202405.0,2024-05-19,51330,ICL JACAREI II CL,Consumidor Livre,SUDESTE,17.16,11.578418
202405.0,2024-05-20,51330,ICL JACAREI II CL,Consumidor Livre,SUDESTE,17.16,15.594629
202405.0,2024-05-21,51330,ICL JACAREI II CL,Consumidor Livre,SUDESTE,17.16,15.520582
202405.0,2024-05-22,51330,ICL JACAREI II CL,Consumidor Livre,SUDESTE,17.16,15.098263
202405.0,2024-05-23,51330,ICL JACAREI II CL,Consumidor Livre,SUDESTE,17.16,8.756544
202405.0,2024-05-24,51330,ICL JACAREI II CL,Consumidor Livre,SUDESTE,17.16,5.806794
202405.0,2024-05-25,51330,ICL JACAREI II CL,Consumidor Livre,SUDESTE,17.16,11.166125
202405.0,2024-05-26,51330,ICL JACAREI II CL,Consumidor Livre,SUDESTE,17.16,8.41231
202405.0,2024-05-27,51330,ICL JACAREI II CL,Consumidor Livre,SUDESTE,17.16,12.848635
202405.0,2024-05-28,51330,ICL JACAREI II CL,Consumidor Livre,SUDESTE,17.16,13.124605
202405.0,2024-05-29,51330,ICL JACAREI II CL,Consumidor Livre,SUDESTE,17.16,10.587849
202405.0,2024-05-30,51330,ICL JACAREI II CL,Consumidor Livre,SUDESTE,17.16,11.933404
202405.0,2024-05-31,51330,ICL JACAREI II CL,Consumidor Livre,SUDESTE,17.16,11.98942
202406.0,2024-06-01,51330,ICL JACAREI II CL,Consumidor Livre,SUDESTE,17.16,11.580108
202406.0,2024-06-02,51330,ICL JACAREI II CL,Consumidor Livre,SUDESTE,17.16,10.112767
202406.0,2024-06-03,51330,ICL JACAREI II CL,Consumidor Livre,SUDESTE,17.16,5.0127310000000005
202406.0,2024-06-04,51330,ICL JACAREI II CL,Consumidor Livre,SUDESTE,17.16,6.257863
202406.0,2024-06-05,51330,ICL JACAREI II CL,Consumidor Livre,SUDESTE,17.16,12.361326
202406.0,2024-06-06,51330,ICL JACAREI II CL,Consumidor Livre,SUDESTE,17.16,13.732189
202406.0,2024-06-07,51330,ICL JACAREI II CL,Consumidor Livre,SUDESTE,17.16,13.410631
202406.0,2024-06-08,51330,ICL JACAREI II CL,Consumidor Livre,SUDESTE,17.16,14.641467
202406.0,2024-06-09,51330,ICL JACAREI II CL,Consumidor Livre,SUDESTE,17.16,13.914064
202406.0,2024-06-10,51330,ICL JACAREI II CL,Consumidor Livre,SUDESTE,17.16,11.150908
202406.0,2024-06-11,51330,ICL JACAREI II CL,Consumidor Livre,SUDESTE,17.16,14.359577
202406.0,2024-06-12,51330,ICL JACAREI II CL,Consumidor Livre,SUDESTE,17.16,14.785504
202406.0,2024-06-13,51330,ICL JACAREI II CL,Consumidor Livre,SUDESTE,17.16,14.623066
202406.0,2024-06-14,51330,ICL JACAREI II CL,Consumidor Livre,SUDESTE,17.16,15.36833
202406.0,2024-06-15,51330,ICL JACAREI II CL,Consumidor Livre,SUDESTE,17.16,12.892507
202406.0,2024-06-16,51330,ICL JACAREI II CL,Consumidor Livre,SUDESTE,17.16,11.746298
202406.0,2024-06-17,51330,ICL JACAREI II CL,Consumidor Livre,SUDESTE,17.16,6.459125
202406.0,2024-06-18,51330,ICL JACAREI II CL,Consumidor Livre,SUDESTE,17.16,5.105846
202406.0,2024-06-19,51330,ICL JACAREI II CL,Consumidor Livre,SUDESTE,17.16,10.984815
202406.0,2024-06-20,51330,ICL JACAREI II CL,Consumidor Livre,SUDESTE,17.16,14.679426
202406.0,2024-06-21,51330,ICL JACAREI II CL,Consumidor Livre,SUDESTE,17.16,10.120227
202406.0,2024-06-22,51330,ICL JACAREI II CL,Consumidor Livre,SUDESTE,17.16,15.613798
202406.0,2024-06-23,51330,ICL JACAREI II CL,Consumidor Livre,SUDESTE,17.16,9.402531
202406.0,2024-06-24,51330,ICL JACAREI II CL,Consumidor Livre,SUDESTE,17.16,11.165268
202406.0,2024-06-25,51330,ICL JACAREI II CL,Consumidor Livre,SUDESTE,17.16,16.64127
202406.0,2024-06-26,51330,ICL JACAREI II CL,Consumidor Livre,SUDESTE,17.16,16.58794
202406.0,2024-06-27,51330,ICL JACAREI II CL,Consumidor Livre,SUDESTE,17.16,16.439296
202406.0,2024-06-28,51330,ICL JACAREI II CL,Consumidor Livre,SUDESTE,17.16,15.969613
202406.0,2024-06-29,51330,ICL JACAREI II CL,Consumidor Livre,SUDESTE,17.16,8.055572
202406.0,2024-06-30,51330,ICL JACAREI II CL,Consumidor Livre,SUDESTE,17.16,5.130566
202407.0,2024-07-01,51330,ICL JACAREI II CL,Consumidor Livre,SUDESTE,17.16,4.837954
202407.0,2024-07-02,51330,ICL JACAREI II CL,Consumidor Livre,SUDESTE,17.16,5.109317
202407.0,2024-07-03,51330,ICL JACAREI II CL,Consumidor Livre,SUDESTE,17.16,7.265101
202407.0,2024-07-04,51330,ICL JACAREI II CL,Consumidor Livre,SUDESTE,17.16,10.890977
202407.0,2024-07-05,51330,ICL JACAREI II CL,Consumidor Livre,SUDESTE,17.16,15.650116
202407.0,2024-07-06,51330,ICL JACAREI II CL,Consumidor Livre,SUDESTE,17.16,14.903943
202407.0,2024-07-07,51330,ICL JACAREI II CL,Consumidor Livre,SUDESTE,17.16,13.408198
202407.0,2024-07-08,51330,ICL JACAREI II CL,Consumidor Livre,SUDESTE,17.16,7.930824
202407.0,2024-07-09,51330,ICL JACAREI II CL,Consumidor Livre,SUDESTE,17.16,6.881028
202407.0,2024-07-10,51330,ICL JACAREI II CL,Consumidor Livre,SUDESTE,17.16,13.048257
202407.0,2024-07-11,51330,ICL JACAREI II CL,Consumidor Livre,SUDESTE,17.16,12.705595
202407.0,2024-07-12,51330,ICL JACAREI II CL,Consumidor Livre,SUDESTE,17.16,12.494814
202407.0,2024-07-13,51330,ICL JACAREI II CL,Consumidor Livre,SUDESTE,17.16,12.565991
202407.0,2024-07-14,51330,ICL JACAREI II CL,Consumidor Livre,SUDESTE,17.16,11.910455
202407.0,2024-07-15,51330,ICL JACAREI II CL,Consumidor Livre,SUDESTE,17.16,8.727424000000001
202407.0,2024-07-16,51330,ICL JACAREI II CL,Consumidor Livre,SUDESTE,17.16,5.091993
202407.0,2024-07-17,51330,ICL JACAREI II CL,Consumidor Livre,SUDESTE,17.16,7.306814
202407.0,2024-07-18,51330,ICL JACAREI II CL,Consumidor Livre,SUDESTE,17.16,13.852232
202407.0,2024-07-19,51330,ICL JACAREI II CL,Consumidor Livre,SUDESTE,17.16,13.752891
202407.0,2024-07-20,51330,ICL JACAREI II CL,Consumidor Livre,SUDESTE,17.16,14.070639
202407.0,2024-07-21,51330,ICL JACAREI II CL,Consumidor Livre,SUDESTE,17.16,13.502909
202407.0,2024-07-22,51330,ICL JACAREI II CL,Consumidor Livre,SUDESTE,17.16,9.430518
202407.0,2024-07-23,51330,ICL JACAREI II CL,Consumidor Livre,SUDESTE,17.16,16.017621
202407.0,2024-07-24,51330,ICL JACAREI II CL,Consumidor Livre,SUDESTE,17.16,16.488148
202407.0,2024-07-25,51330,ICL JACAREI II CL,Consumidor Livre,SUDESTE,17.16,15.404287
202407.0,2024-07-26,51330,ICL JACAREI II CL,Consumidor Livre,SUDESTE,17.16,14.637223
202407.0,2024-07-27,51330,ICL JACAREI II CL,Consumidor Livre,SUDESTE,17.16,14.016845
202407.0,2024-07-28,51330,ICL JACAREI II CL,Consumidor Livre,SUDESTE,17.16,13.40859
202407.0,2024-07-29,51330,ICL JACAREI II CL,Consumidor Livre,SUDESTE,17.16,14.875378
202407.0,2024-07-30,51330,ICL JACAREI II CL,Consumidor Livre,SUDESTE,17.16,12.395834
202407.0,2024-07-31,51330,ICL JACAREI II CL,Consumidor Livre,SUDESTE,17.16,12.710725
202408.0,2024-08-01,51330,ICL JACAREI II CL,Consumidor Livre,SUDESTE,17.16,5.870229
202408.0,2024-08-02,51330,ICL JACAREI II CL,Consumidor Livre,SUDESTE,17.16,6.052797
202408.0,2024-08-03,51330,ICL JACAREI II CL,Consumidor Livre,SUDESTE,17.16,10.694031
202408.0,2024-08-04,51330,ICL JACAREI II CL,Consumidor Livre,SUDESTE,17.16,11.541875
202408.0,2024-08-05,51330,ICL JACAREI II CL,Consumidor Livre,SUDESTE,17.16,9.679672
202408.0,2024-08-06,51330,ICL JACAREI II CL,Consumidor Livre,SUDESTE,17.16,11.91917
202408.0,2024-08-07,51330,ICL JACAREI II CL,Consumidor Livre,SUDESTE,17.16,13.100754
202408.0,2024-08-08,51330,ICL JACAREI II CL,Consumidor Livre,SUDESTE,17.16,12.820435
202408.0,2024-08-09,51330,ICL JACAREI II CL,Consumidor Livre,SUDESTE,17.16,10.450201
202408.0,2024-08-10,51330,ICL JACAREI II CL,Consumidor Livre,SUDESTE,17.16,9.956374
202408.0,2024-08-11,51330,ICL JACAREI II CL,Consumidor Livre,SUDESTE,17.16,4.475954
202408.0,2024-08-12,51330,ICL JACAREI II CL,Consumidor Livre,SUDESTE,17.16,6.901957
202408.0,2024-08-13,51330,ICL JACAREI II CL,Consumidor Livre,SUDESTE,17.16,10.089168
202408.0,2024-08-14,51330,ICL JACAREI II CL,Consumidor Livre,SUDESTE,17.16,14.138545
202408.0,2024-08-15,51330,ICL JACAREI II CL,Consumidor Livre,SUDESTE,17.16,16.111327
202408.0,2024-08-16,51330,ICL JACAREI II CL,Consumidor Livre,SUDESTE,17.16,16.167638
202408.0,2024-08-17,51330,ICL JACAREI II CL,Consumidor Livre,SUDESTE,17.16,15.730228
202408.0,2024-08-18,51330,ICL JACAREI II CL,Consumidor Livre,SUDESTE,17.16,14.80981
202408.0,2024-08-19,51330,ICL JACAREI II CL,Consumidor Livre,SUDESTE,17.16,15.743317
202408.0,2024-08-20,51330,ICL JACAREI II CL,Consumidor Livre,SUDESTE,17.16,15.61956
202408.0,2024-08-21,51330,ICL JACAREI II CL,Consumidor Livre,SUDESTE,17.16,15.575481
202408.0,2024-08-22,51330,ICL JACAREI II CL,Consumidor Livre,SUDESTE,17.16,15.121521
202408.0,2024-08-23,51330,ICL JACAREI II CL,Consumidor Livre,SUDESTE,17.16,15.24314
202408.0,2024-08-24,51330,ICL JACAREI II CL,Consumidor Livre,SUDESTE,17.16,9.235906
202408.0,2024-08-25,51330,ICL JACAREI II CL,Consumidor Livre,SUDESTE,17.16,4.504356
202408.0,2024-08-26,51330,ICL JACAREI II CL,Consumidor Livre,SUDESTE,17.16,12.194209
202408.0,2024-08-27,51330,ICL JACAREI II CL,Consumidor Livre,SUDESTE,17.16,14.330439
202408.0,2024-08-28,51330,ICL JACAREI II CL,Consumidor Livre,SUDESTE,17.16,8.658769
202408.0,2024-08-29,51330,ICL JACAREI II CL,Consumidor Livre,SUDESTE,17.16,5.9199660000000005
202408.0,2024-08-30,51330,ICL JACAREI II CL,Consumidor Livre,SUDESTE,17.16,10.156653
202408.0,2024-08-31,51330,ICL JACAREI II CL,Consumidor Livre,SUDESTE,17.16,12.037693
202409.0,2024-09-01,51330,ICL JACAREI II CL,Consumidor Livre,SUDESTE,17.16,11.151184
202409.0,2024-09-02,51330,ICL JACAREI II CL,Consumidor Livre,SUDESTE,17.16,11.416437
202409.0,2024-09-03,51330,ICL JACAREI II CL,Consumidor Livre,SUDESTE,17.16,10.060541
202409.0,2024-09-04,51330,ICL JACAREI II CL,Consumidor Livre,SUDESTE,17.16,5.925895
202409.0,2024-09-05,51330,ICL JACAREI II CL,Consumidor Livre,SUDESTE,17.16,4.399966
202409.0,2024-09-06,51330,ICL JACAREI II CL,Consumidor Livre,SUDESTE,17.16,5.998028
202409.0,2024-09-07,51330,ICL JACAREI II CL,Consumidor Livre,SUDESTE,17.16,14.419629
202409.0,2024-09-08,51330,ICL JACAREI II CL,Consumidor Livre,SUDESTE,17.16,12.231572
202409.0,2024-09-09,51330,ICL JACAREI II CL,Consumidor Livre,SUDESTE,17.16,14.740247
202409.0,2024-09-10,51330,ICL JACAREI II CL,Consumidor Livre,SUDESTE,17.16,16.156325
202409.0,2024-09-11,51330,ICL JACAREI II CL,Consumidor Livre,SUDESTE,17.16,17.169475
202409.0,2024-09-12,51330,ICL JACAREI II CL,Consumidor Livre,SUDESTE,17.16,17.162731
202409.0,2024-09-13,51330,ICL JACAREI II CL,Consumidor Livre,SUDESTE,17.16,16.843837
202409.0,2024-09-14,51330,ICL JACAREI II CL,Consumidor Livre,SUDESTE,17.16,17.001211
202409.0,2024-09-15,51330,ICL JACAREI II CL,Consumidor Livre,SUDESTE,17.16,16.551578
202409.0,2024-09-16,51330,ICL JACAREI II CL,Consumidor Livre,SUDESTE,17.16,15.334697
202409.0,2024-09-17,51330,ICL JACAREI II CL,Consumidor Livre,SUDESTE,17.16,16.91644
202409.0,2024-09-18,51330,ICL JACAREI II CL,Consumidor Livre,SUDESTE,17.16,14.413015
202409.0,2024-09-19,51330,ICL JACAREI II CL,Consumidor Livre,SUDESTE,17.16,16.191856
202409.0,2024-09-20,51330,ICL JACAREI II CL,Consumidor Livre,SUDESTE,17.16,16.85058
202409.0,2024-09-21,51330,ICL JACAREI II CL,Consumidor Livre,SUDESTE,17.16,16.393968
202409.0,2024-09-22,51330,ICL JACAREI II CL,Consumidor Livre,SUDESTE,17.16,15.871846
202409.0,2024-09-23,51330,ICL JACAREI II CL,Consumidor Livre,SUDESTE,17.16,7.754462999999999
202409.0,2024-09-24,51330,ICL JACAREI II CL,Consumidor Livre,SUDESTE,17.16,7.045673
202409.0,2024-09-25,51330,ICL JACAREI II CL,Consumidor Livre,SUDESTE,17.16,15.68675
202409.0,2024-09-26,51330,ICL JACAREI II CL,Consumidor Livre,SUDESTE,17.16,17.10256
202409.0,2024-09-27,51330,ICL JACAREI II CL,Consumidor Livre,SUDESTE,17.16,15.21907
202409.0,2024-09-28,51330,ICL JACAREI II CL,Consumidor Livre,SUDESTE,17.16,14.47143
202409.0,2024-09-29,51330,ICL JACAREI II CL,Consumidor Livre,SUDESTE,17.16,13.24211
202409.0,2024-09-30,51330,ICL JACAREI II CL,Consumidor Livre,SUDESTE,17.16,12.932682
202410.0,2024-10-01,51330,ICL JACAREI II CL,Consumidor Livre,SUDESTE,17.16,5.949114
202410.0,2024-10-02,51330,ICL JACAREI II CL,Consumidor Livre,SUDESTE,17.16,7.761209
202410.0,2024-10-03,51330,ICL JACAREI II CL,Consumidor Livre,SUDESTE,17.16,10.258521
202410.0,2024-10-04,51330,ICL JACAREI II CL,Consumidor Livre,SUDESTE,17.16,11.841816
202410.0,2024-10-05,51330,ICL JACAREI II CL,Consumidor Livre,SUDESTE,17.16,12.170475
202410.0,2024-10-06,51330,ICL JACAREI II CL,Consumidor Livre,SUDESTE,17.16,11.237458
202410.0,2024-10-07,51330,ICL JACAREI II CL,Consumidor Livre,SUDESTE,17.16,11.904055
202410.0,2024-10-08,51330,ICL JACAREI II CL,Consumidor Livre,SUDESTE,17.16,6.225602
202410.0,2024-10-09,51330,ICL JACAREI II CL,Consumidor Livre,SUDESTE,17.16,5.945735
202410.0,2024-10-10,51330,ICL JACAREI II CL,Consumidor Livre,SUDESTE,17.16,4.471675
202410.0,2024-10-11,51330,ICL JACAREI II CL,Consumidor Livre,SUDESTE,17.16,6.39451
202410.0,2024-10-12,51330,ICL JACAREI II CL,Consumidor Livre,SUDESTE,17.16,13.881519
202410.0,2024-10-13,51330,ICL JACAREI II CL,Consumidor Livre,SUDESTE,17.16,12.853305
202410.0,2024-10-14,51330,ICL JACAREI II CL,Consumidor Livre,SUDESTE,17.16,14.924525
202410.0,2024-10-15,51330,ICL JACAREI II CL,Consumidor Livre,SUDESTE,17.16,15.624349
202410.0,2024-10-16,51330,ICL JACAREI II CL,Consumidor Livre,SUDESTE,17.16,16.174001
202410.0,2024-10-17,51330,ICL JACAREI II CL,Consumidor Livre,SUDESTE,17.16,14.143204
202410.0,2024-10-18,51330,ICL JACAREI II CL,Consumidor Livre,SUDESTE,17.16,5.780602
202410.0,2024-10-19,51330,ICL JACAREI II CL,Consumidor Livre,SUDESTE,17.16,6.494049
202410.0,2024-10-20,51330,ICL JACAREI II CL,Consumidor Livre,SUDESTE,17.16,3.31642
202410.0,2024-10-21,51330,ICL JACAREI II CL,Consumidor Livre,SUDESTE,17.16,4.247623
202410.0,2024-10-22,51330,ICL JACAREI II CL,Consumidor Livre,SUDESTE,17.16,6.384609
202410.0,2024-10-23,51330,ICL JACAREI II CL,Consumidor Livre,SUDESTE,17.16,9.377456
202410.0,2024-10-24,51330,ICL JACAREI II CL,Consumidor Livre,SUDESTE,17.16,16.132961
202410.0,2024-10-25,51330,ICL JACAREI II CL,Consumidor Livre,SUDESTE,17.16,14.35071
202410.0,2024-10-26,51330,ICL JACAREI II CL,Consumidor Livre,SUDESTE,17.16,14.889976
202410.0,2024-10-27,51330,ICL JACAREI II CL,Consumidor Livre,SUDESTE,17.16,13.542991
202410.0,2024-10-28,51330,ICL JACAREI II CL,Consumidor Livre,SUDESTE,17.16,6.476272
202410.0,2024-10-29,51330,ICL JACAREI II CL,Consumidor Livre,SUDESTE,17.16,5.867751
202410.0,2024-10-30,51330,ICL JACAREI II CL,Consumidor Livre,SUDESTE,17.16,10.130176
202410.0,2024-10-31,51330,ICL JACAREI II CL,Consumidor Livre,SUDESTE,17.16,15.207579
202411.0,2024-11-01,51330,ICL JACAREI II CL,Consumidor Livre,SUDESTE,17.16,14.806477
202411.0,2024-11-02,51330,ICL JACAREI II CL,Consumidor Livre,SUDESTE,17.16,11.423867
202411.0,2024-11-03,51330,ICL JACAREI II CL,Consumidor Livre,SUDESTE,17.16,12.49543
202411.0,2024-11-04,51330,ICL JACAREI II CL,Consumidor Livre,SUDESTE,17.16,7.271003
202411.0,2024-11-05,51330,ICL JACAREI II CL,Consumidor Livre,SUDESTE,17.16,5.301903
202411.0,2024-11-06,51330,ICL JACAREI II CL,Consumidor Livre,SUDESTE,17.16,6.115808
202411.0,2024-11-07,51330,ICL JACAREI II CL,Consumidor Livre,SUDESTE,17.16,6.096788
202411.0,2024-11-08,51330,ICL JACAREI II CL,Consumidor Livre,SUDESTE,17.16,4.069379
202411.0,2024-11-09,51330,ICL JACAREI II CL,Consumidor Livre,SUDESTE,17.16,0.902822
202411.0,2024-11-10,51330,ICL JACAREI II CL,Consumidor Livre,SUDESTE,17.16,3.188746
202411.0,2024-11-11,51330,ICL JACAREI II CL,Consumidor Livre,SUDESTE,17.16,5.374731
202411.0,2024-11-12,51330,ICL JACAREI II CL,Consumidor Livre,SUDESTE,17.16,6.905914
202411.0,2024-11-13,51330,ICL JACAREI II CL,Consumidor Livre,SUDESTE,17.16,7.338194
202411.0,2024-11-14,51330,ICL JACAREI II CL,Consumidor Livre,SUDESTE,17.16,12.13455
202411.0,2024-11-15,51330,ICL JACAREI II CL,Consumidor Livre,SUDESTE,17.16,13.342
202411.0,2024-11-16,51330,ICL JACAREI II CL,Consumidor Livre,SUDESTE,17.16,12.955264
202411.0,2024-11-17,51330,ICL JACAREI II CL,Consumidor Livre,SUDESTE,17.16,10.277926
202411.0,2024-11-18,51330,ICL JACAREI II CL,Consumidor Livre,SUDESTE,17.16,5.928094
202411.0,2024-11-19,51330,ICL JACAREI II CL,Consumidor Livre,SUDESTE,17.16,8.047287
202411.0,2024-11-20,51330,ICL JACAREI II CL,Consumidor Livre,SUDESTE,17.16,14.942656
202411.0,2024-11-21,51330,ICL JACAREI II CL,Consumidor Livre,SUDESTE,17.16,14.91141
202411.0,2024-11-22,51330,ICL JACAREI II CL,Consumidor Livre,SUDESTE,17.16,14.892147
202411.0,2024-11-23,51330,ICL JACAREI II CL,Consumidor Livre,SUDESTE,17.16,14.759344
202411.0,2024-11-24,51330,ICL JACAREI II CL,Consumidor Livre,SUDESTE,17.16,12.954832
202411.0,2024-11-25,51330,ICL JACAREI II CL,Consumidor Livre,SUDESTE,17.16,13.333855
202411.0,2024-11-26,51330,ICL JACAREI II CL,Consumidor Livre,SUDESTE,17.16,16.232814
202411.0,2024-11-27,51330,ICL JACAREI II CL,Consumidor Livre,SUDESTE,17.16,15.325896
202411.0,2024-11-28,51330,ICL JACAREI II CL,Consumidor Livre,SUDESTE,17.16,16.172432
202411.0,2024-11-29,51330,ICL JACAREI II CL,Consumidor Livre,SUDESTE,17.16,15.528109
202411.0,2024-11-30,51330,ICL JACAREI II CL,Consumidor Livre,SUDESTE,17.16,15.025057
202412.0,2024-12-01,51330,ICL JACAREI II CL,Consumidor Livre,SUDESTE,17.16,14.807683
202412.0,2024-12-02,51330,ICL JACAREI II CL,Consumidor Livre,SUDESTE,17.16,14.697318
202412.0,2024-12-03,51330,ICL JACAREI II CL,Consumidor Livre,SUDESTE,17.16,6.02208
202412.0,2024-12-04,51330,ICL JACAREI II CL,Consumidor Livre,SUDESTE,17.16,5.737768
202412.0,2024-12-05,51330,ICL JACAREI II CL,Consumidor Livre,SUDESTE,17.16,5.715961
202412.0,2024-12-06,51330,ICL JACAREI II CL,Consumidor Livre,SUDESTE,17.16,11.373481
202412.0,2024-12-07,51330,ICL JACAREI II CL,Consumidor Livre,SUDESTE,17.16,15.397644
202412.0,2024-12-08,51330,ICL JACAREI II CL,Consumidor Livre,SUDESTE,17.16,14.883396
202412.0,2024-12-09,51330,ICL JACAREI II CL,Consumidor Livre,SUDESTE,17.16,16.248862
202412.0,2024-12-10,51330,ICL JACAREI II CL,Consumidor Livre,SUDESTE,17.16,16.38877
202412.0,2024-12-11,51330,ICL JACAREI II CL,Consumidor Livre,SUDESTE,17.16,15.148388
202412.0,2024-12-12,51330,ICL JACAREI II CL,Consumidor Livre,SUDESTE,17.16,15.534683
202412.0,2024-12-13,51330,ICL JACAREI II CL,Consumidor Livre,SUDESTE,17.16,16.066303
202412.0,2024-12-14,51330,ICL JACAREI II CL,Consumidor Livre,SUDESTE,17.16,8.770967
202412.0,2024-12-15,51330,ICL JACAREI II CL,Consumidor Livre,SUDESTE,17.16,4.48125
202412.0,2024-12-16,51330,ICL JACAREI II CL,Consumidor Livre,SUDESTE,17.16,8.386553
202412.0,2024-12-17,51330,ICL JACAREI II CL,Consumidor Livre,SUDESTE,17.16,15.439331
202412.0,2024-12-18,51330,ICL JACAREI II CL,Consumidor Livre,SUDESTE,17.16,15.69431
202412.0,2024-12-19,51330,ICL JACAREI II CL,Consumidor Livre,SUDESTE,17.16,16.067813
202412.0,2024-12-20,51330,ICL JACAREI II CL,Consumidor Livre,SUDESTE,17.16,13.472339
202412.0,2024-12-21,51330,ICL JACAREI II CL,Consumidor Livre,SUDESTE,17.16,16.632135
202412.0,2024-12-22,51330,ICL JACAREI II CL,Consumidor Livre,SUDESTE,17.16,16.205108
202412.0,2024-12-23,51330,ICL JACAREI II CL,Consumidor Livre,SUDESTE,17.16,11.949227
202412.0,2024-12-24,51330,ICL JACAREI II CL,Consumidor Livre,SUDESTE,17.16,5.17722
202412.0,2024-12-25,51330,ICL JACAREI II CL,Consumidor Livre,SUDESTE,17.16,3.313861
202412.0,2024-12-26,51330,ICL JACAREI II CL,Consumidor Livre,SUDESTE,17.16,8.192805
202412.0,2024-12-27,51330,ICL JACAREI II CL,Consumidor Livre,SUDESTE,17.16,15.683221
202412.0,2024-12-28,51330,ICL JACAREI II CL,Consumidor Livre,SUDESTE,17.16,16.652093999999998
202412.0,2024-12-29,51330,ICL JACAREI II CL,Consumidor Livre,SUDESTE,17.16,14.638406
202412.0,2024-12-30,51330,ICL JACAREI II CL,Consumidor Livre,SUDESTE,17.16,11.034102
202412.0,2024-12-31,51330,ICL JACAREI II CL,Consumidor Livre,SUDESTE,17.16,3.873733
202501.0,2025-01-01,51330,ICL JACAREI II CL,Consumidor Livre,SUDESTE,17.16,2.442267
202501.0,2025-01-02,51330,ICL JACAREI II CL,Consumidor Livre,SUDESTE,17.16,4.740422
202501.0,2025-01-03,51330,ICL JACAREI II CL,Consumidor Livre,SUDESTE,17.16,9.305626
202501.0,2025-01-04,51330,ICL JACAREI II CL,Consumidor Livre,SUDESTE,17.16,16.393413
202501.0,2025-01-05,51330,ICL JACAREI II CL,Consumidor Livre,SUDESTE,17.16,15.538243
202501.0,2025-01-06,51330,ICL JACAREI II CL,Consumidor Livre,SUDESTE,17.16,15.623045
202501.0,2025-01-07,51330,ICL JACAREI II CL,Consumidor Livre,SUDESTE,17.16,16.292967
202501.0,2025-01-08,51330,ICL JACAREI II CL,Consumidor Livre,SUDESTE,17.16,16.387588
202501.0,2025-01-09,51330,ICL JACAREI II CL,Consumidor Livre,SUDESTE,17.16,16.662313
202501.0,2025-01-10,51330,ICL JACAREI II CL,Consumidor Livre,SUDESTE,17.16,16.653346
202501.0,2025-01-11,51330,ICL JACAREI II CL,Consumidor Livre,SUDESTE,17.16,16.458209
202501.0,2025-01-12,51330,ICL JACAREI II CL,Consumidor Livre,SUDESTE,17.16,15.362682
202501.0,2025-01-13,51330,ICL JACAREI II CL,Consumidor Livre,SUDESTE,17.16,4.231006
202501.0,2025-01-14,51330,ICL JACAREI II CL,Consumidor Livre,SUDESTE,17.16,3.881624
202501.0,2025-01-15,51330,ICL JACAREI II CL,Consumidor Livre,SUDESTE,17.16,13.526742
202501.0,2025-01-16,51330,ICL JACAREI II CL,Consumidor Livre,SUDESTE,17.16,16.012895
202501.0,2025-01-17,51330,ICL JACAREI II CL,Consumidor Livre,SUDESTE,17.16,17.452901999999998
202501.0,2025-01-18,51330,ICL JACAREI II CL,Consumidor Livre,SUDESTE,17.16,16.347957
202501.0,2025-01-19,51330,ICL JACAREI II CL,Consumidor Livre,SUDESTE,17.16,10.648023
202501.0,2025-01-20,51330,ICL JACAREI II CL,Consumidor Livre,SUDESTE,17.16,7.602955
202501.0,2025-01-21,51330,ICL JACAREI II CL,Consumidor Livre,SUDESTE,17.16,15.208614
202501.0,2025-01-22,51330,ICL JACAREI II CL,Consumidor Livre,SUDESTE,17.16,16.65032
202501.0,2025-01-23,51330,ICL JACAREI II CL,Consumidor Livre,SUDESTE,17.16,16.491843
202501.0,2025-01-24,51330,ICL JACAREI II CL,Consumidor Livre,SUDESTE,17.16,16.851624
202501.0,2025-01-25,51330,ICL JACAREI II CL,Consumidor Livre,SUDESTE,17.16,15.566678
202501.0,2025-01-26,51330,ICL JACAREI II CL,Consumidor Livre,SUDESTE,17.16,13.427128
202501.0,2025-01-27,51330,ICL JACAREI II CL,Consumidor Livre,SUDESTE,17.16,7.183016
202501.0,2025-01-28,51330,ICL JACAREI II CL,Consumidor Livre,SUDESTE,17.16,8.415568
202501.0,2025-01-29,51330,ICL JACAREI II CL,Consumidor Livre,SUDESTE,17.16,13.858697
202501.0,2025-01-30,51330,ICL JACAREI II CL,Consumidor Livre,SUDESTE,17.16,15.053547
202501.0,2025-01-31,51330,ICL JACAREI II CL,Consumidor Livre,SUDESTE,17.16,15.970972
202502.0,2025-02-01,51330,ICL JACAREI II CL,Consumidor Livre,SUDESTE,17.16,16.106117
202502.0,2025-02-02,51330,ICL JACAREI II CL,Consumidor Livre,SUDESTE,17.16,13.613362
202502.0,2025-02-03,51330,ICL JACAREI II CL,Consumidor Livre,SUDESTE,17.16,10.339837
202502.0,2025-02-04,51330,ICL JACAREI II CL,Consumidor Livre,SUDESTE,17.16,7.545739
202502.0,2025-02-05,51330,ICL JACAREI II CL,Consumidor Livre,SUDESTE,17.16,7.463934
202502.0,2025-02-06,51330,ICL JACAREI II CL,Consumidor Livre,SUDESTE,17.16,10.129333
202502.0,2025-02-07,51330,ICL JACAREI II CL,Consumidor Livre,SUDESTE,17.16,16.637502
202502.0,2025-02-08,51330,ICL JACAREI II CL,Consumidor Livre,SUDESTE,17.16,16.826159
202502.0,2025-02-09,51330,ICL JACAREI II CL,Consumidor Livre,SUDESTE,17.16,16.295089
202502.0,2025-02-10,51330,ICL JACAREI II CL,Consumidor Livre,SUDESTE,17.16,16.260198
202502.0,2025-02-11,51330,ICL JACAREI II CL,Consumidor Livre,SUDESTE,17.16,16.728211
202502.0,2025-02-12,51330,ICL JACAREI II CL,Consumidor Livre,SUDESTE,17.16,16.334744
202502.0,2025-02-13,51330,ICL JACAREI II CL,Consumidor Livre,SUDESTE,17.16,15.997406
202502.0,2025-02-14,51330,ICL JACAREI II CL,Consumidor Livre,SUDESTE,17.16,14.442744
202502.0,2025-02-15,51330,ICL JACAREI II CL,Consumidor Livre,SUDESTE,17.16,15.575019
202502.0,2025-02-16,51330,ICL JACAREI II CL,Consumidor Livre,SUDESTE,17.16,12.558687
202502.0,2025-02-17,51330,ICL JACAREI II CL,Consumidor Livre,SUDESTE,17.16,12.932831
202502.0,2025-02-18,51330,ICL JACAREI II CL,Consumidor Livre,SUDESTE,17.16,14.91307
202502.0,2025-02-19,51330,ICL JACAREI II CL,Consumidor Livre,SUDESTE,17.16,14.548089
202502.0,2025-02-20,51330,ICL JACAREI II CL,Consumidor Livre,SUDESTE,17.16,8.40602
202502.0,2025-02-21,51330,ICL JACAREI II CL,Consumidor Livre,SUDESTE,17.16,4.991947
202502.0,2025-02-22,51330,ICL JACAREI II CL,Consumidor Livre,SUDESTE,17.16,10.406132
202502.0,2025-02-23,51330,ICL JACAREI II CL,Consumidor Livre,SUDESTE,17.16,13.013447
202502.0,2025-02-24,51330,ICL JACAREI II CL,Consumidor Livre,SUDESTE,17.16,15.122313
202502.0,2025-02-25,51330,ICL JACAREI II CL,Consumidor Livre,SUDESTE,17.16,15.528899
202502.0,2025-02-26,51330,ICL JACAREI II CL,Consumidor Livre,SUDESTE,17.16,15.88637
202502.0,2025-02-27,51330,ICL JACAREI II CL,Consumidor Livre,SUDESTE,17.16,15.925333
202502.0,2025-02-28,51330,ICL JACAREI II CL,Consumidor Livre,SUDESTE,17.16,16.032937
202503.0,2025-03-01,51330,ICL JACAREI II CL,Consumidor Livre,SUDESTE,17.16,15.097247
202503.0,2025-03-02,51330,ICL JACAREI II CL,Consumidor Livre,SUDESTE,17.16,14.157309
202503.0,2025-03-03,51330,ICL JACAREI II CL,Consumidor Livre,SUDESTE,17.16,14.570939
202503.0,2025-03-04,51330,ICL JACAREI II CL,Consumidor Livre,SUDESTE,17.16,15.525441
202503.0,2025-03-05,51330,ICL JACAREI II CL,Consumidor Livre,SUDESTE,17.16,8.866646
202503.0,2025-03-06,51330,ICL JACAREI II CL,Consumidor Livre,SUDESTE,17.16,5.046901
202503.0,2025-03-07,51330,ICL JACAREI II CL,Consumidor Livre,SUDESTE,17.16,4.68514
202503.0,2025-03-08,51330,ICL JACAREI II CL,Consumidor Livre,SUDESTE,17.16,4.844443
202503.0,2025-03-09,51330,ICL JACAREI II CL,Consumidor Livre,SUDESTE,17.16,5.044515
202503.0,2025-03-10,51330,ICL JACAREI II CL,Consumidor Livre,SUDESTE,17.16,4.797616
202503.0,2025-03-11,51330,ICL JACAREI II CL,Consumidor Livre,SUDESTE,17.16,3.954329
202503.0,2025-03-12,51330,ICL JACAREI II CL,Consumidor Livre,SUDESTE,17.16,5.305025
202503.0,2025-03-13,51330,ICL JACAREI II CL,Consumidor Livre,SUDESTE,17.16,5.876148
202503.0,2025-03-14,51330,ICL JACAREI II CL,Consumidor Livre,SUDESTE,17.16,2.680188
202503.0,2025-03-15,51330,ICL JACAREI II CL,Consumidor Livre,SUDESTE,17.16,6.976502
202503.0,2025-03-16,51330,ICL JACAREI II CL,Consumidor Livre,SUDESTE,17.16,11.005873
202503.0,2025-03-17,51330,ICL JACAREI II CL,Consumidor Livre,SUDESTE,17.16,15.868182
202503.0,2025-03-18,51330,ICL JACAREI II CL,Consumidor Livre,SUDESTE,17.16,14.256526
202503.0,2025-03-19,51330,ICL JACAREI II CL,Consumidor Livre,SUDESTE,17.16,17.311732
202503.0,2025-03-20,51330,ICL JACAREI II CL,Consumidor Livre,SUDESTE,17.16,16.680387
202503.0,2025-03-21,51330,ICL JACAREI II CL,Consumidor Livre,SUDESTE,17.16,16.899721
202503.0,2025-03-22,51330,ICL JACAREI II CL,Consumidor Livre,SUDESTE,17.16,17.010575
202503.0,2025-03-23,51330,ICL JACAREI II CL,Consumidor Livre,SUDESTE,17.16,15.720476
202503.0,2025-03-24,51330,ICL JACAREI II CL,Consumidor Livre,SUDESTE,17.16,15.594457
202503.0,2025-03-25,51330,ICL JACAREI II CL,Consumidor Livre,SUDESTE,17.16,15.133673
202503.0,2025-03-26,51330,ICL JACAREI II CL,Consumidor Livre,SUDESTE,17.16,15.067506
202503.0,2025-03-27,51330,ICL JACAREI II CL,Consumidor Livre,SUDESTE,17.16,14.415207
202503.0,2025-03-28,51330,ICL JACAREI II CL,Consumidor Livre,SUDESTE,17.16,11.974207
202503.0,2025-03-29,51330,ICL JACAREI II CL,Consumidor Livre,SUDESTE,17.16,14.48282
202503.0,2025-03-30,51330,ICL JACAREI II CL,Consumidor Livre,SUDESTE,17.16,13.446627
202503.0,2025-03-31,51330,ICL JACAREI II CL,Consumidor Livre,SUDESTE,17.16,5.207734
202504.0,2025-04-01,51330,ICL JACAREI II CL,Consumidor Livre,SUDESTE,17.16,4.101015
202504.0,2025-04-02,51330,ICL JACAREI II CL,Consumidor Livre,SUDESTE,17.16,3.781933
202504.0,2025-04-03,51330,ICL JACAREI II CL,Consumidor Livre,SUDESTE,17.16,4.198643
202504.0,2025-04-04,51330,ICL JACAREI II CL,Consumidor Livre,SUDESTE,17.16,3.608163
202504.0,2025-04-05,51330,ICL JACAREI II CL,Consumidor Livre,SUDESTE,17.16,3.156663
202504.0,2025-04-06,51330,ICL JACAREI II CL,Consumidor Livre,SUDESTE,17.16,4.692289
202504.0,2025-04-07,51330,ICL JACAREI II CL,Consumidor Livre,SUDESTE,17.16,9.523238
202504.0,2025-04-08,51330,ICL JACAREI II CL,Consumidor Livre,SUDESTE,17.16,10.069989
202504.0,2025-04-09,51330,ICL JACAREI II CL,Consumidor Livre,SUDESTE,17.16,10.443022
202504.0,2025-04-10,51330,ICL JACAREI II CL,Consumidor Livre,SUDESTE,17.16,9.156017
202504.0,2025-04-11,51330,ICL JACAREI II CL,Consumidor Livre,SUDESTE,17.16,10.544327
202504.0,2025-04-12,51330,ICL JACAREI II CL,Consumidor Livre,SUDESTE,17.16,6.12478
202504.0,2025-04-13,51330,ICL JACAREI II CL,Consumidor Livre,SUDESTE,17.16,7.703936000000001
202504.0,2025-04-14,51330,ICL JACAREI II CL,Consumidor Livre,SUDESTE,17.16,14.165613
202504.0,2025-04-15,51330,ICL JACAREI II CL,Consumidor Livre,SUDESTE,17.16,13.83816
202504.0,2025-04-16,51330,ICL JACAREI II CL,Consumidor Livre,SUDESTE,17.16,14.854549
202504.0,2025-04-17,51330,ICL JACAREI II CL,Consumidor Livre,SUDESTE,17.16,15.243645
202504.0,2025-04-18,51330,ICL JACAREI II CL,Consumidor Livre,SUDESTE,17.16,14.853143
202504.0,2025-04-19,51330,ICL JACAREI II CL,Consumidor Livre,SUDESTE,17.16,2.247722
202504.0,2025-04-20,51330,ICL JACAREI II CL,Consumidor Livre,SUDESTE,17.16,1.6956
202504.0,2025-04-21,51330,ICL JACAREI II CL,Consumidor Livre,SUDESTE,17.16,4.054918
202504.0,2025-04-22,51330,ICL JACAREI II CL,Consumidor Livre,SUDESTE,17.16,3.564182
202504.0,2025-04-23,51330,ICL JACAREI II CL,Consumidor Livre,SUDESTE,17.16,3.608508
202504.0,2025-04-24,51330,ICL JACAREI II CL,Consumidor Livre,SUDESTE,17.16,4.144305
202504.0,2025-04-25,51330,ICL JACAREI II CL,Consumidor Livre,SUDESTE,17.16,3.739487
202504.0,2025-04-26,51330,ICL JACAREI II CL,Consumidor Livre,SUDESTE,17.16,4.188202
202504.0,2025-04-27,51330,ICL JACAREI II CL,Consumidor Livre,SUDESTE,17.16,3.651524
202504.0,2025-04-28,51330,ICL JACAREI II CL,Consumidor Livre,SUDESTE,17.16,3.979425
202504.0,2025-04-29,51330,ICL JACAREI II CL,Consumidor Livre,SUDESTE,17.16,4.084262
202504.0,2025-04-30,51330,ICL JACAREI II CL,Consumidor Livre,SUDESTE,17.16,4.004651
202505.0,2025-05-01,51330,ICL JACAREI II CL,Consumidor Livre,SUDESTE,17.16,3.71572
202505.0,2025-05-02,51330,ICL JACAREI II CL,Consumidor Livre,SUDESTE,17.16,3.466656
202505.0,2025-05-03,51330,ICL JACAREI II CL,Consumidor Livre,SUDESTE,17.16,2.319395
202505.0,2025-05-04,51330,ICL JACAREI II CL,Consumidor Livre,SUDESTE,17.16,2.744911
202505.0,2025-05-05,51330,ICL JACAREI II CL,Consumidor Livre,SUDESTE,17.16,3.211137
202505.0,2025-05-06,51330,ICL JACAREI II CL,Consumidor Livre,SUDESTE,17.16,4.147233
202505.0,2025-05-07,51330,ICL JACAREI II CL,Consumidor Livre,SUDESTE,17.16,4.382741
202505.0,2025-05-08,51330,ICL JACAREI II CL,Consumidor Livre,SUDESTE,17.16,4.177434
202505.0,2025-05-09,51330,ICL JACAREI II CL,Consumidor Livre,SUDESTE,17.16,3.616802
202505.0,2025-05-10,51330,ICL JACAREI II CL,Consumidor Livre,SUDESTE,17.16,3.125247
202505.0,2025-05-11,51330,ICL JACAREI II CL,Consumidor Livre,SUDESTE,17.16,2.028476
202505.0,2025-05-12,51330,ICL JACAREI II CL,Consumidor Livre,SUDESTE,17.16,2.751266
202505.0,2025-05-13,51330,ICL JACAREI II CL,Consumidor Livre,SUDESTE,17.16,4.30535
202505.0,2025-05-14,51330,ICL JACAREI II CL,Consumidor Livre,SUDESTE,17.16,5.300212
202505.0,2025-05-15,51330,ICL JACAREI II CL,Consumidor Livre,SUDESTE,17.16,5.745626
202505.0,2025-05-16,51330,ICL JACAREI II CL,Consumidor Livre,SUDESTE,17.16,7.051178
202505.0,2025-05-17,51330,ICL JACAREI II CL,Consumidor Livre,SUDESTE,17.16,10.519384
202505.0,2025-05-18,51330,ICL JACAREI II CL,Consumidor Livre,SUDESTE,17.16,13.887551
202505.0,2025-05-19,51330,ICL JACAREI II CL,Consumidor Livre,SUDESTE,17.16,14.532819
202505.0,2025-05-20,51330,ICL JACAREI II CL,Consumidor Livre,SUDESTE,17.16,14.792827
202505.0,2025-05-21,51330,ICL JACAREI II CL,Consumidor Livre,SUDESTE,17.16,14.894923
202505.0,2025-05-22,51330,ICL JACAREI II CL,Consumidor Livre,SUDESTE,17.16,15.2928
202505.0,2025-05-23,51330,ICL JACAREI II CL,Consumidor Livre,SUDESTE,17.16,15.758274
202505.0,2025-05-24,51330,ICL JACAREI II CL,Consumidor Livre,SUDESTE,17.16,14.97254
202505.0,2025-05-25,51330,ICL JACAREI II CL,Consumidor Livre,SUDESTE,17.16,6.8750420000000005
202505.0,2025-05-26,51330,ICL JACAREI II CL,Consumidor Livre,SUDESTE,17.16,2.976614
202505.0,2025-05-27,51330,ICL JACAREI II CL,Consumidor Livre,SUDESTE,17.16,7.104513
202505.0,2025-05-28,51330,ICL JACAREI II CL,Consumidor Livre,SUDESTE,17.16,13.355742
202505.0,2025-05-29,51330,ICL JACAREI II CL,Consumidor Livre,SUDESTE,17.16,6.607483
202505.0,2025-05-30,51330,ICL JACAREI II CL,Consumidor Livre,SUDESTE,17.16,5.7347660000000005
202505.0,2025-05-31,51330,ICL JACAREI II CL,Consumidor Livre,SUDESTE,17.16,4.870653
202506.0,2025-06-01,51330,ICL JACAREI II CL,Consumidor Livre,SUDESTE,17.16,4.781095
202506.0,2025-06-02,51330,ICL JACAREI II CL,Consumidor Livre,SUDESTE,17.16,4.719404
202506.0,2025-06-03,51330,ICL JACAREI II CL,Consumidor Livre,SUDESTE,17.16,5.04271
202506.0,2025-06-04,51330,ICL JACAREI II CL,Consumidor Livre,SUDESTE,17.16,6.20808
202506.0,2025-06-05,51330,ICL JACAREI II CL,Consumidor Livre,SUDESTE,17.16,4.972424
202506.0,2025-06-06,51330,ICL JACAREI II CL,Consumidor Livre,SUDESTE,17.16,2.38012
202506.0,2025-06-07,51330,ICL JACAREI II CL,Consumidor Livre,SUDESTE,17.16,2.85615
202506.0,2025-06-08,51330,ICL JACAREI II CL,Consumidor Livre,SUDESTE,17.16,2.896559
202506.0,2025-06-09,51330,ICL JACAREI II CL,Consumidor Livre,SUDESTE,17.16,3.051693
202506.0,2025-06-10,51330,ICL JACAREI II CL,Consumidor Livre,SUDESTE,17.16,2.948299
202506.0,2025-06-11,51330,ICL JACAREI II CL,Consumidor Livre,SUDESTE,17.16,4.523551
202506.0,2025-06-12,51330,ICL JACAREI II CL,Consumidor Livre,SUDESTE,17.16,6.517455
202506.0,2025-06-13,51330,ICL JACAREI II CL,Consumidor Livre,SUDESTE,17.16,8.564612
202506.0,2025-06-14,51330,ICL JACAREI II CL,Consumidor Livre,SUDESTE,17.16,12.666828
202506.0,2025-06-15,51330,ICL JACAREI II CL,Consumidor Livre,SUDESTE,17.16,10.426608
202506.0,2025-06-16,51330,ICL JACAREI II CL,Consumidor Livre,SUDESTE,17.16,12.006213
202506.0,2025-06-17,51330,ICL JACAREI II CL,Consumidor Livre,SUDESTE,17.16,11.297983
202506.0,2025-06-18,51330,ICL JACAREI II CL,Consumidor Livre,SUDESTE,17.16,10.650874
202506.0,2025-06-19,51330,ICL JACAREI II CL,Consumidor Livre,SUDESTE,17.16,5.894195
202506.0,2025-06-20,51330,ICL JACAREI II CL,Consumidor Livre,SUDESTE,17.16,7.09117
202506.0,2025-06-21,51330,ICL JACAREI II CL,Consumidor Livre,SUDESTE,17.16,9.810464
202506.0,2025-06-22,51330,ICL JACAREI II CL,Consumidor Livre,SUDESTE,17.16,13.19221
202506.0,2025-06-23,51330,ICL JACAREI II CL,Consumidor Livre,SUDESTE,17.16,13.55236
202506.0,2025-06-24,51330,ICL JACAREI II CL,Consumidor Livre,SUDESTE,17.16,12.127602
202506.0,2025-06-25,51330,ICL JACAREI II CL,Consumidor Livre,SUDESTE,17.16,9.428704
202506.0,2025-06-26,51330,ICL JACAREI II CL,Consumidor Livre,SUDESTE,17.16,10.070745
202506.0,2025-06-27,51330,ICL JACAREI II CL,Consumidor Livre,SUDESTE,17.16,11.200958
202506.0,2025-06-28,51330,ICL JACAREI II CL,Consumidor Livre,SUDESTE,17.16,14.646849
202506.0,2025-06-29,51330,ICL JACAREI II CL,Consumidor Livre,SUDESTE,17.16,16.348398
202506.0,2025-06-30,51330,ICL JACAREI II CL,Consumidor Livre,SUDESTE,17.16,12.77984
202507.0,2025-07-01,51330,ICL JACAREI II CL,Consumidor Livre,SUDESTE,17.16,14.222095
202507.0,2025-07-02,51330,ICL JACAREI II CL,Consumidor Livre,SUDESTE,17.16,6.134646
202507.0,2025-07-03,51330,ICL JACAREI II CL,Consumidor Livre,SUDESTE,17.16,5.19259
202507.0,2025-07-04,51330,ICL JACAREI II CL,Consumidor Livre,SUDESTE,17.16,5.484365
202507.0,2025-07-05,51330,ICL JACAREI II CL,Consumidor Livre,SUDESTE,17.16,3.445014
202507.0,2025-07-06,51330,ICL JACAREI II CL,Consumidor Livre,SUDESTE,17.16,3.610106
202507.0,2025-07-07,51330,ICL JACAREI II CL,Consumidor Livre,SUDESTE,17.16,4.2746070000000005
202507.0,2025-07-08,51330,ICL JACAREI II CL,Consumidor Livre,SUDESTE,17.16,6.603721
202507.0,2025-07-09,51330,ICL JACAREI II CL,Consumidor Livre,SUDESTE,17.16,7.676319
202507.0,2025-07-10,51330,ICL JACAREI II CL,Consumidor Livre,SUDESTE,17.16,9.686891
202507.0,2025-07-11,51330,ICL JACAREI II CL,Consumidor Livre,SUDESTE,17.16,12.891259
202507.0,2025-07-12,51330,ICL JACAREI II CL,Consumidor Livre,SUDESTE,17.16,11.24109
202507.0,2025-07-13,51330,ICL JACAREI II CL,Consumidor Livre,SUDESTE,17.16,5.116065
202507.0,2025-07-14,51330,ICL JACAREI II CL,Consumidor Livre,SUDESTE,17.16,6.037737
202507.0,2025-07-15,51330,ICL JACAREI II CL,Consumidor Livre,SUDESTE,17.16,11.250043
202507.0,2025-07-16,51330,ICL JACAREI II CL,Consumidor Livre,SUDESTE,17.16,13.905626
202507.0,2025-07-17,51330,ICL JACAREI II CL,Consumidor Livre,SUDESTE,17.16,14.019555
202507.0,2025-07-18,51330,ICL JACAREI II CL,Consumidor Livre,SUDESTE,17.16,15.331449
202507.0,2025-07-19,51330,ICL JACAREI II CL,Consumidor Livre,SUDESTE,17.16,13.958626
202507.0,2025-07-20,51330,ICL JACAREI II CL,Consumidor Livre,SUDESTE,17.16,10.918653
202507.0,2025-07-21,51330,ICL JACAREI II CL,Consumidor Livre,SUDESTE,17.16,8.473904000000001
202507.0,2025-07-22,51330,ICL JACAREI II CL,Consumidor Livre,SUDESTE,17.16,14.832589
202507.0,2025-07-23,51330,ICL JACAREI II CL,Consumidor Livre,SUDESTE,17.16,12.587225
202507.0,2025-07-24,51330,ICL JACAREI II CL,Consumidor Livre,SUDESTE,17.16,15.151852
202507.0,2025-07-25,51330,ICL JACAREI II CL,Consumidor Livre,SUDESTE,17.16,14.139193
202507.0,2025-07-26,51330,ICL JACAREI II CL,Consumidor Livre,SUDESTE,17.16,15.007167
202507.0,2025-07-27,51330,ICL JACAREI II CL,Consumidor Livre,SUDESTE,17.16,14.611727
202507.0,2025-07-28,51330,ICL JACAREI II CL,Consumidor Livre,SUDESTE,17.16,12.672695
202507.0,2025-07-29,51330,ICL JACAREI II CL,Consumidor Livre,SUDESTE,17.16,14.744357
202507.0,2025-07-30,51330,ICL JACAREI II CL,Consumidor Livre,SUDESTE,17.16,10.20103
202507.0,2025-07-31,51330,ICL JACAREI II CL,Consumidor Livre,SUDESTE,17.16,5.869234
202508.0,2025-08-01,51330,ICL JACAREI II CL,Consumidor Livre,SUDESTE,17.16,5.193952
202508.0,2025-08-02,51330,ICL JACAREI II CL,Consumidor Livre,SUDESTE,17.16,4.875561
202508.0,2025-08-03,51330,ICL JACAREI II CL,Consumidor Livre,SUDESTE,17.16,4.787626
202508.0,2025-08-04,51330,ICL JACAREI II CL,Consumidor Livre,SUDESTE,17.16,4.235571
202508.0,2025-08-05,51330,ICL JACAREI II CL,Consumidor Livre,SUDESTE,17.16,5.73611
202508.0,2025-08-06,51330,ICL JACAREI II CL,Consumidor Livre,SUDESTE,17.16,5.273662
202508.0,2025-08-07,51330,ICL JACAREI II CL,Consumidor Livre,SUDESTE,17.16,4.636705
202508.0,2025-08-08,51330,ICL JACAREI II CL,Consumidor Livre,SUDESTE,17.16,5.089354
202508.0,2025-08-09,51330,ICL JACAREI II CL,Consumidor Livre,SUDESTE,17.16,7.568094
202508.0,2025-08-10,51330,ICL JACAREI II CL,Consumidor Livre,SUDESTE,17.16,6.05122
202508.0,2025-08-11,51330,ICL JACAREI II CL,Consumidor Livre,SUDESTE,17.16,4.73415
202508.0,2025-08-12,51330,ICL JACAREI II CL,Consumidor Livre,SUDESTE,17.16,5.584808
202508.0,2025-08-13,51330,ICL JACAREI II CL,Consumidor Livre,SUDESTE,17.16,13.499952
202508.0,2025-08-14,51330,ICL JACAREI II CL,Consumidor Livre,SUDESTE,17.16,16.668731
202508.0,2025-08-15,51330,ICL JACAREI II CL,Consumidor Livre,SUDESTE,17.16,16.500553
202508.0,2025-08-16,51330,ICL JACAREI II CL,Consumidor Livre,SUDESTE,17.16,16.912998
202508.0,2025-08-17,51330,ICL JACAREI II CL,Consumidor Livre,SUDESTE,17.16,12.361652
202508.0,2025-08-18,51330,ICL JACAREI II CL,Consumidor Livre,SUDESTE,17.16,15.395445
202508.0,2025-08-19,51330,ICL JACAREI II CL,Consumidor Livre,SUDESTE,17.16,16.291324
202508.0,2025-08-20,51330,ICL JACAREI II CL,Consumidor Livre,SUDESTE,17.16,16.743972
202508.0,2025-08-21,51330,ICL JACAREI II CL,Consumidor Livre,SUDESTE,17.16,11.437098
202508.0,2025-08-22,51330,ICL JACAREI II CL,Consumidor Livre,SUDESTE,17.16,5.457899
202508.0,2025-08-23,51330,ICL JACAREI II CL,Consumidor Livre,SUDESTE,17.16,5.100983
202508.0,2025-08-24,51330,ICL JACAREI II CL,Consumidor Livre,SUDESTE,17.16,5.764934
202508.0,2025-08-25,51330,ICL JACAREI II CL,Consumidor Livre,SUDESTE,17.16,13.525163
202508.0,2025-08-26,51330,ICL JACAREI II CL,Consumidor Livre,SUDESTE,17.16,15.417719
202508.0,2025-08-27,51330,ICL JACAREI II CL,Consumidor Livre,SUDESTE,17.16,10.209378
202508.0,2025-08-28,51330,ICL JACAREI II CL,Consumidor Livre,SUDESTE,17.16,12.826292
202508.0,2025-08-29,51330,ICL JACAREI II CL,Consumidor Livre,SUDESTE,17.16,14.049371
202508.0,2025-08-30,51330,ICL JACAREI II CL,Consumidor Livre,SUDESTE,17.16,9.955279
202508.0,2025-08-31,51330,ICL JACAREI II CL,Consumidor Livre,SUDESTE,17.16,5.194255
