MES_REFERENCIA,DATA,CODIGO_PERFIL_AGENTE,SIGLA_PERFIL_AGENTE,CLASSE_PERFIL_AGENTE,SUBMERCADO,CAPACIDADE_CARGA,CONSUMO_CARGA_ACL
,2022-01-01,77141,MANOEL MARCHETTI,Consumidor Especial,SUL,40.2,0.240801
,2022-01-02,77141,MANOEL MARCHETTI,Consumidor Especial,SUL,40.2,0.072522
,2022-01-03,77141,MANOEL MARCHETTI,Consumidor Especial,SUL,40.2,1.249066
,2022-01-04,77141,MANOEL MARCHETTI,Consumidor Especial,SUL,40.2,1.638392
,2022-01-05,77141,MANOEL MARCHETTI,Consumidor Especial,SUL,40.2,1.633602
,2022-01-06,77141,MANOEL MARCHETTI,Consumidor Especial,SUL,40.2,1.372152
,2022-01-07,77141,MANOEL MARCHETTI,Consumidor Especial,SUL,40.2,1.335129
,2022-01-08,77141,MANOEL MARCHETTI,Consumidor Especial,SUL,40.2,0.836155
,2022-01-09,77141,MANOEL MARCHETTI,Consumidor Especial,SUL,40.2,0.846059
,2022-01-10,77141,MANOEL MARCHETTI,Consumidor Especial,SUL,40.2,2.128886
,2022-01-11,77141,MANOEL MARCHETTI,Consumidor Especial,SUL,40.2,13.895988
,2022-01-12,77141,MANOEL MARCHETTI,Consumidor Especial,SUL,40.2,16.360073
,2022-01-13,77141,MANOEL MARCHETTI,Consumidor Especial,SUL,40.2,16.900478
,2022-01-14,77141,MANOEL MARCHETTI,Consumidor Especial,SUL,40.2,18.307421
,2022-01-15,77141,MANOEL MARCHETTI,Consumidor Especial,SUL,40.2,7.738485
,2022-01-16,77141,MANOEL MARCHETTI,Consumidor Especial,SUL,40.2,5.518334
,2022-01-17,77141,MANOEL MARCHETTI,Consumidor Especial,SUL,40.2,16.709714
,2022-01-18,77141,MANOEL MARCHETTI,Consumidor Especial,SUL,40.2,19.945854
,2022-01-19,77141,MANOEL MARCHETTI,Consumidor Especial,SUL,40.2,19.609722
,2022-01-20,77141,MANOEL MARCHETTI,Consumidor Especial,SUL,40.2,21.883024
,2022-01-21,77141,MANOEL MARCHETTI,Consumidor Especial,SUL,40.2,20.906758
,2022-01-22,77141,MANOEL MARCHETTI,Consumidor Especial,SUL,40.2,10.603243
,2022-01-23,77141,MANOEL MARCHETTI,Consumidor Especial,SUL,40.2,7.998437
,2022-01-24,77141,MANOEL MARCHETTI,Consumidor Especial,SUL,40.2,16.780735
,2022-01-25,77141,MANOEL MARCHETTI,Consumidor Especial,SUL,40.2,17.478297
,2022-01-26,77141,MANOEL MARCHETTI,Consumidor Especial,SUL,40.2,18.616905
,2022-01-27,77141,MANOEL MARCHETTI,Consumidor Especial,SUL,40.2,19.47296
,2022-01-28,77141,MANOEL MARCHETTI,Consumidor Especial,SUL,40.2,19.362576
,2022-01-29,77141,MANOEL MARCHETTI,Consumidor Especial,SUL,40.2,10.948383
,2022-01-30,77141,MANOEL MARCHETTI,Consumidor Especial,SUL,40.2,9.054812
,2022-01-31,77141,MANOEL MARCHETTI,Consumidor Especial,SUL,40.2,17.795872
,2022-02-01,77141,MANOEL MARCHETTI,Consumidor Especial,SUL,40.2,19.395329
,2022-02-02,77141,MANOEL MARCHETTI,Consumidor Especial,SUL,40.2,19.961504
,2022-02-03,77141,MANOEL MARCHETTI,Consumidor Especial,SUL,40.2,19.090253
,2022-02-04,77141,MANOEL MARCHETTI,Consumidor Especial,SUL,40.2,20.405567
,2022-02-05,77141,MANOEL MARCHETTI,Consumidor Especial,SUL,40.2,12.905754
,2022-02-06,77141,MANOEL MARCHETTI,Consumidor Especial,SUL,40.2,9.051096
,2022-02-07,77141,MANOEL MARCHETTI,Consumidor Especial,SUL,40.2,19.813766
,2022-02-08,77141,MANOEL MARCHETTI,Consumidor Especial,SUL,40.2,18.846166
,2022-02-09,77141,MANOEL MARCHETTI,Consumidor Especial,SUL,40.2,19.527635
,2022-02-10,77141,MANOEL MARCHETTI,Consumidor Especial,SUL,40.2,18.870952
,2022-02-11,77141,MANOEL MARCHETTI,Consumidor Especial,SUL,40.2,20.800871
,2022-02-12,77141,MANOEL MARCHETTI,Consumidor Especial,SUL,40.2,10.811789
,2022-02-13,77141,MANOEL MARCHETTI,Consumidor Especial,SUL,40.2,8.431003
,2022-02-14,77141,MANOEL MARCHETTI,Consumidor Especial,SUL,40.2,17.794232
,2022-02-15,77141,MANOEL MARCHETTI,Consumidor Especial,SUL,40.2,20.357861
,2022-02-16,77141,MANOEL MARCHETTI,Consumidor Especial,SUL,40.2,20.931572
,2022-02-17,77141,MANOEL MARCHETTI,Consumidor Especial,SUL,40.2,20.596104
,2022-02-18,77141,MANOEL MARCHETTI,Consumidor Especial,SUL,40.2,21.739617
,2022-02-19,77141,MANOEL MARCHETTI,Consumidor Especial,SUL,40.2,12.963776
,2022-02-20,77141,MANOEL MARCHETTI,Consumidor Especial,SUL,40.2,10.382412
,2022-02-21,77141,MANOEL MARCHETTI,Consumidor Especial,SUL,40.2,20.125151
,2022-02-22,77141,MANOEL MARCHETTI,Consumidor Especial,SUL,40.2,21.287429
,2022-02-23,77141,MANOEL MARCHETTI,Consumidor Especial,SUL,40.2,22.053116
,2022-02-24,77141,MANOEL MARCHETTI,Consumidor Especial,SUL,40.2,22.480239
,2022-02-25,77141,MANOEL MARCHETTI,Consumidor Especial,SUL,40.2,22.71769
,2022-02-26,77141,MANOEL MARCHETTI,Consumidor Especial,SUL,40.2,11.526191
,2022-02-27,77141,MANOEL MARCHETTI,Consumidor Especial,SUL,40.2,9.008462
,2022-02-28,77141,MANOEL MARCHETTI,Consumidor Especial,SUL,40.2,19.757142
,2022-03-01,77141,MANOEL MARCHETTI,Consumidor Especial,SUL,40.2,20.374708
,2022-03-02,77141,MANOEL MARCHETTI,Consumidor Especial,SUL,40.2,19.525297
,2022-03-03,77141,MANOEL MARCHETTI,Consumidor Especial,SUL,40.2,20.034451
,2022-03-04,77141,MANOEL MARCHETTI,Consumidor Especial,SUL,40.2,21.388858
,2022-03-05,77141,MANOEL MARCHETTI,Consumidor Especial,SUL,40.2,12.56491
,2022-03-06,77141,MANOEL MARCHETTI,Consumidor Especial,SUL,40.2,9.346428
,2022-03-07,77141,MANOEL MARCHETTI,Consumidor Especial,SUL,40.2,19.35351
,2022-03-08,77141,MANOEL MARCHETTI,Consumidor Especial,SUL,40.2,19.61367
,2022-03-09,77141,MANOEL MARCHETTI,Consumidor Especial,SUL,40.2,19.638875
,2022-03-10,77141,MANOEL MARCHETTI,Consumidor Especial,SUL,40.2,20.412914
,2022-03-11,77141,MANOEL MARCHETTI,Consumidor Especial,SUL,40.2,11.375706
,2022-03-12,77141,MANOEL MARCHETTI,Consumidor Especial,SUL,40.2,10.579518
,2022-03-13,77141,MANOEL MARCHETTI,Consumidor Especial,SUL,40.2,9.144641
,2022-03-14,77141,MANOEL MARCHETTI,Consumidor Especial,SUL,40.2,18.320602
,2022-03-15,77141,MANOEL MARCHETTI,Consumidor Especial,SUL,40.2,18.064379
,2022-03-16,77141,MANOEL MARCHETTI,Consumidor Especial,SUL,40.2,18.967219
,2022-03-17,77141,MANOEL MARCHETTI,Consumidor Especial,SUL,40.2,19.800673
,2022-03-18,77141,MANOEL MARCHETTI,Consumidor Especial,SUL,40.2,22.118689
,2022-03-19,77141,MANOEL MARCHETTI,Consumidor Especial,SUL,40.2,13.470415
,2022-03-20,77141,MANOEL MARCHETTI,Consumidor Especial,SUL,40.2,10.077139
,2022-03-21,77141,MANOEL MARCHETTI,Consumidor Especial,SUL,40.2,19.901131
,2022-03-22,77141,MANOEL MARCHETTI,Consumidor Especial,SUL,40.2,20.208227
,2022-03-23,77141,MANOEL MARCHETTI,Consumidor Especial,SUL,40.2,20.500018
,2022-03-24,77141,MANOEL MARCHETTI,Consumidor Especial,SUL,40.2,21.513135
,2022-03-25,77141,MANOEL MARCHETTI,Consumidor Especial,SUL,40.2,21.635004
,2022-03-26,77141,MANOEL MARCHETTI,Consumidor Especial,SUL,40.2,12.059493
,2022-03-27,77141,MANOEL MARCHETTI,Consumidor Especial,SUL,40.2,9.657501
,2022-03-28,77141,MANOEL MARCHETTI,Consumidor Especial,SUL,40.2,20.005801
,2022-03-29,77141,MANOEL MARCHETTI,Consumidor Especial,SUL,40.2,21.188511
,2022-03-30,77141,MANOEL MARCHETTI,Consumidor Especial,SUL,40.2,20.215744
,2022-03-31,77141,MANOEL MARCHETTI,Consumidor Especial,SUL,40.2,20.37257
,2022-04-01,77141,MANOEL MARCHETTI,Consumidor Especial,SUL,40.2,23.191787
,2022-04-02,77141,MANOEL MARCHETTI,Consumidor Especial,SUL,40.2,11.985429
,2022-04-03,77141,MANOEL MARCHETTI,Consumidor Especial,SUL,40.2,9.110748
,2022-04-04,77141,MANOEL MARCHETTI,Consumidor Especial,SUL,40.2,21.367071
,2022-04-05,77141,MANOEL MARCHETTI,Consumidor Especial,SUL,40.2,22.683926
,2022-04-06,77141,MANOEL MARCHETTI,Consumidor Especial,SUL,40.2,22.019436
,2022-04-07,77141,MANOEL MARCHETTI,Consumidor Especial,SUL,40.2,21.679035
,2022-04-08,77141,MANOEL MARCHETTI,Consumidor Especial,SUL,40.2,21.229857
,2022-04-09,77141,MANOEL MARCHETTI,Consumidor Especial,SUL,40.2,11.061271
,2022-04-10,77141,MANOEL MARCHETTI,Consumidor Especial,SUL,40.2,9.731076
,2022-04-11,77141,MANOEL MARCHETTI,Consumidor Especial,SUL,40.2,20.744482
,2022-04-12,77141,MANOEL MARCHETTI,Consumidor Especial,SUL,40.2,21.145088
,2022-04-13,77141,MANOEL MARCHETTI,Consumidor Especial,SUL,40.2,21.980391
,2022-04-14,77141,MANOEL MARCHETTI,Consumidor Especial,SUL,40.2,20.633004
,2022-04-15,77141,MANOEL MARCHETTI,Consumidor Especial,SUL,40.2,9.373529
,2022-04-16,77141,MANOEL MARCHETTI,Consumidor Especial,SUL,40.2,8.631756
,2022-04-17,77141,MANOEL MARCHETTI,Consumidor Especial,SUL,40.2,8.175354
,2022-04-18,77141,MANOEL MARCHETTI,Consumidor Especial,SUL,40.2,20.150513
,2022-04-19,77141,MANOEL MARCHETTI,Consumidor Especial,SUL,40.2,22.250031
,2022-04-20,77141,MANOEL MARCHETTI,Consumidor Especial,SUL,40.2,21.287933
,2022-04-21,77141,MANOEL MARCHETTI,Consumidor Especial,SUL,40.2,11.103625
,2022-04-22,77141,MANOEL MARCHETTI,Consumidor Especial,SUL,40.2,20.391854
,2022-04-23,77141,MANOEL MARCHETTI,Consumidor Especial,SUL,40.2,11.359641
,2022-04-24,77141,MANOEL MARCHETTI,Consumidor Especial,SUL,40.2,9.989704
,2022-04-25,77141,MANOEL MARCHETTI,Consumidor Especial,SUL,40.2,21.96069
,2022-04-26,77141,MANOEL MARCHETTI,Consumidor Especial,SUL,40.2,22.093236
,2022-04-27,77141,MANOEL MARCHETTI,Consumidor Especial,SUL,40.2,20.045651
,2022-04-28,77141,MANOEL MARCHETTI,Consumidor Especial,SUL,40.2,17.508865
,2022-04-29,77141,MANOEL MARCHETTI,Consumidor Especial,SUL,40.2,19.87832
,2022-04-30,77141,MANOEL MARCHETTI,Consumidor Especial,SUL,40.2,9.784232
,2022-05-01,77141,MANOEL MARCHETTI,Consumidor Especial,SUL,40.2,8.205788
,2022-05-02,77141,MANOEL MARCHETTI,Consumidor Especial,SUL,40.2,19.717575
,2022-05-03,77141,MANOEL MARCHETTI,Consumidor Especial,SUL,40.2,20.730859
,2022-05-04,77141,MANOEL MARCHETTI,Consumidor Especial,SUL,40.2,19.972045
,2022-05-05,77141,MANOEL MARCHETTI,Consumidor Especial,SUL,40.2,20.645841
,2022-05-06,77141,MANOEL MARCHETTI,Consumidor Especial,SUL,40.2,22.072662
,2022-05-07,77141,MANOEL MARCHETTI,Consumidor Especial,SUL,40.2,11.437285
,2022-05-08,77141,MANOEL MARCHETTI,Consumidor Especial,SUL,40.2,10.913741
,2022-05-09,77141,MANOEL MARCHETTI,Consumidor Especial,SUL,40.2,20.754794
,2022-05-10,77141,MANOEL MARCHETTI,Consumidor Especial,SUL,40.2,24.05512
,2022-05-11,77141,MANOEL MARCHETTI,Consumidor Especial,SUL,40.2,24.476019
,2022-05-12,77141,MANOEL MARCHETTI,Consumidor Especial,SUL,40.2,22.70041
,2022-05-13,77141,MANOEL MARCHETTI,Consumidor Especial,SUL,40.2,21.081946
,2022-05-14,77141,MANOEL MARCHETTI,Consumidor Especial,SUL,40.2,13.054926
,2022-05-15,77141,MANOEL MARCHETTI,Consumidor Especial,SUL,40.2,9.512693
,2022-05-16,77141,MANOEL MARCHETTI,Consumidor Especial,SUL,40.2,20.757339
,2022-05-17,77141,MANOEL MARCHETTI,Consumidor Especial,SUL,40.2,24.497023
,2022-05-18,77141,MANOEL MARCHETTI,Consumidor Especial,SUL,40.2,22.73733
,2022-05-19,77141,MANOEL MARCHETTI,Consumidor Especial,SUL,40.2,22.144308
,2022-05-20,77141,MANOEL MARCHETTI,Consumidor Especial,SUL,40.2,22.442378
,2022-05-21,77141,MANOEL MARCHETTI,Consumidor Especial,SUL,40.2,13.063421
,2022-05-22,77141,MANOEL MARCHETTI,Consumidor Especial,SUL,40.2,9.744889
,2022-05-23,77141,MANOEL MARCHETTI,Consumidor Especial,SUL,40.2,21.322552
,2022-05-24,77141,MANOEL MARCHETTI,Consumidor Especial,SUL,40.2,21.41698
,2022-05-25,77141,MANOEL MARCHETTI,Consumidor Especial,SUL,40.2,21.549513
,2022-05-26,77141,MANOEL MARCHETTI,Consumidor Especial,SUL,40.2,20.858192
,2022-05-27,77141,MANOEL MARCHETTI,Consumidor Especial,SUL,40.2,21.299413
,2022-05-28,77141,MANOEL MARCHETTI,Consumidor Especial,SUL,40.2,12.665277
,2022-05-29,77141,MANOEL MARCHETTI,Consumidor Especial,SUL,40.2,9.209479
,2022-05-30,77141,MANOEL MARCHETTI,Consumidor Especial,SUL,40.2,20.724877
,2022-05-31,77141,MANOEL MARCHETTI,Consumidor Especial,SUL,40.2,22.145139
,2022-06-01,77141,MANOEL MARCHETTI,Consumidor Especial,SUL,40.2,18.871879
,2022-06-02,77141,MANOEL MARCHETTI,Consumidor Especial,SUL,40.2,18.738136
,2022-06-03,77141,MANOEL MARCHETTI,Consumidor Especial,SUL,40.2,18.965131
,2022-06-04,77141,MANOEL MARCHETTI,Consumidor Especial,SUL,40.2,10.883248
,2022-06-05,77141,MANOEL MARCHETTI,Consumidor Especial,SUL,40.2,10.243502
,2022-06-06,77141,MANOEL MARCHETTI,Consumidor Especial,SUL,40.2,17.592708
,2022-06-07,77141,MANOEL MARCHETTI,Consumidor Especial,SUL,40.2,18.177393
,2022-06-08,77141,MANOEL MARCHETTI,Consumidor Especial,SUL,40.2,16.101706
,2022-06-09,77141,MANOEL MARCHETTI,Consumidor Especial,SUL,40.2,16.790237
,2022-06-10,77141,MANOEL MARCHETTI,Consumidor Especial,SUL,40.2,17.68273
,2022-06-11,77141,MANOEL MARCHETTI,Consumidor Especial,SUL,40.2,10.920331
,2022-06-12,77141,MANOEL MARCHETTI,Consumidor Especial,SUL,40.2,9.129429
,2022-06-13,77141,MANOEL MARCHETTI,Consumidor Especial,SUL,40.2,19.908636
,2022-06-14,77141,MANOEL MARCHETTI,Consumidor Especial,SUL,40.2,21.985051
,2022-06-15,77141,MANOEL MARCHETTI,Consumidor Especial,SUL,40.2,20.848725
,2022-06-16,77141,MANOEL MARCHETTI,Consumidor Especial,SUL,40.2,9.936337
,2022-06-17,77141,MANOEL MARCHETTI,Consumidor Especial,SUL,40.2,19.838008
,2022-06-18,77141,MANOEL MARCHETTI,Consumidor Especial,SUL,40.2,11.026756
,2022-06-19,77141,MANOEL MARCHETTI,Consumidor Especial,SUL,40.2,8.975373
,2022-06-20,77141,MANOEL MARCHETTI,Consumidor Especial,SUL,40.2,20.147381
,2022-06-21,77141,MANOEL MARCHETTI,Consumidor Especial,SUL,40.2,21.096812
,2022-06-22,77141,MANOEL MARCHETTI,Consumidor Especial,SUL,40.2,22.174538
,2022-06-23,77141,MANOEL MARCHETTI,Consumidor Especial,SUL,40.2,23.62315
,2022-06-24,77141,MANOEL MARCHETTI,Consumidor Especial,SUL,40.2,22.789443
,2022-06-25,77141,MANOEL MARCHETTI,Consumidor Especial,SUL,40.2,12.795371
,2022-06-26,77141,MANOEL MARCHETTI,Consumidor Especial,SUL,40.2,9.468095
,2022-06-27,77141,MANOEL MARCHETTI,Consumidor Especial,SUL,40.2,19.147689
,2022-06-28,77141,MANOEL MARCHETTI,Consumidor Especial,SUL,40.2,22.51044
,2022-06-29,77141,MANOEL MARCHETTI,Consumidor Especial,SUL,40.2,23.570334
,2022-06-30,77141,MANOEL MARCHETTI,Consumidor Especial,SUL,40.2,22.737982
,2022-07-01,77141,MANOEL MARCHETTI,Consumidor Especial,SUL,40.2,20.525116
,2022-07-02,77141,MANOEL MARCHETTI,Consumidor Especial,SUL,40.2,10.859409
,2022-07-03,77141,MANOEL MARCHETTI,Consumidor Especial,SUL,40.2,8.166732
,2022-07-04,77141,MANOEL MARCHETTI,Consumidor Especial,SUL,40.2,20.966054
,2022-07-05,77141,MANOEL MARCHETTI,Consumidor Especial,SUL,40.2,24.192387
,2022-07-06,77141,MANOEL MARCHETTI,Consumidor Especial,SUL,40.2,23.067422
,2022-07-07,77141,MANOEL MARCHETTI,Consumidor Especial,SUL,40.2,22.3779
,2022-07-08,77141,MANOEL MARCHETTI,Consumidor Especial,SUL,40.2,23.170078
,2022-07-09,77141,MANOEL MARCHETTI,Consumidor Especial,SUL,40.2,7.542349
,2022-07-10,77141,MANOEL MARCHETTI,Consumidor Especial,SUL,40.2,8.325311
,2022-07-11,77141,MANOEL MARCHETTI,Consumidor Especial,SUL,40.2,20.777956
,2022-07-12,77141,MANOEL MARCHETTI,Consumidor Especial,SUL,40.2,20.220773
,2022-07-13,77141,MANOEL MARCHETTI,Consumidor Especial,SUL,40.2,22.530431
,2022-07-14,77141,MANOEL MARCHETTI,Consumidor Especial,SUL,40.2,23.239232
,2022-07-15,77141,MANOEL MARCHETTI,Consumidor Especial,SUL,40.2,21.683973
,2022-07-16,77141,MANOEL MARCHETTI,Consumidor Especial,SUL,40.2,11.155143
,2022-07-17,77141,MANOEL MARCHETTI,Consumidor Especial,SUL,40.2,7.965987
,2022-07-18,77141,MANOEL MARCHETTI,Consumidor Especial,SUL,40.2,21.081187
,2022-07-19,77141,MANOEL MARCHETTI,Consumidor Especial,SUL,40.2,22.785313
,2022-07-20,77141,MANOEL MARCHETTI,Consumidor Especial,SUL,40.2,23.033785
,2022-07-21,77141,MANOEL MARCHETTI,Consumidor Especial,SUL,40.2,23.494837
,2022-07-22,77141,MANOEL MARCHETTI,Consumidor Especial,SUL,40.2,22.442044
,2022-07-23,77141,MANOEL MARCHETTI,Consumidor Especial,SUL,40.2,12.241672
,2022-07-24,77141,MANOEL MARCHETTI,Consumidor Especial,SUL,40.2,9.461244
,2022-07-25,77141,MANOEL MARCHETTI,Consumidor Especial,SUL,40.2,20.179827
,2022-07-26,77141,MANOEL MARCHETTI,Consumidor Especial,SUL,40.2,21.232603
,2022-07-27,77141,MANOEL MARCHETTI,Consumidor Especial,SUL,40.2,22.586542
,2022-07-28,77141,MANOEL MARCHETTI,Consumidor Especial,SUL,40.2,21.005963
,2022-07-29,77141,MANOEL MARCHETTI,Consumidor Especial,SUL,40.2,18.523821
,2022-07-30,77141,MANOEL MARCHETTI,Consumidor Especial,SUL,40.2,9.384217
,2022-07-31,77141,MANOEL MARCHETTI,Consumidor Especial,SUL,40.2,8.060149
,2022-08-01,77141,MANOEL MARCHETTI,Consumidor Especial,SUL,40.2,19.628717
,2022-08-02,77141,MANOEL MARCHETTI,Consumidor Especial,SUL,40.2,21.588407
,2022-08-03,77141,MANOEL MARCHETTI,Consumidor Especial,SUL,40.2,23.150003
,2022-08-04,77141,MANOEL MARCHETTI,Consumidor Especial,SUL,40.2,22.838619
,2022-08-05,77141,MANOEL MARCHETTI,Consumidor Especial,SUL,40.2,21.910641
,2022-08-06,77141,MANOEL MARCHETTI,Consumidor Especial,SUL,40.2,7.158144
,2022-08-07,77141,MANOEL MARCHETTI,Consumidor Especial,SUL,40.2,8.878164
,2022-08-08,77141,MANOEL MARCHETTI,Consumidor Especial,SUL,40.2,17.730253
,2022-08-09,77141,MANOEL MARCHETTI,Consumidor Especial,SUL,40.2,20.954325
,2022-08-10,77141,MANOEL MARCHETTI,Consumidor Especial,SUL,40.2,22.871512
,2022-08-11,77141,MANOEL MARCHETTI,Consumidor Especial,SUL,40.2,23.941799
,2022-08-12,77141,MANOEL MARCHETTI,Consumidor Especial,SUL,40.2,24.214726
,2022-08-13,77141,MANOEL MARCHETTI,Consumidor Especial,SUL,40.2,11.789426
,2022-08-14,77141,MANOEL MARCHETTI,Consumidor Especial,SUL,40.2,9.818944
,2022-08-15,77141,MANOEL MARCHETTI,Consumidor Especial,SUL,40.2,17.970737
,2022-08-16,77141,MANOEL MARCHETTI,Consumidor Especial,SUL,40.2,20.782429
,2022-08-17,77141,MANOEL MARCHETTI,Consumidor Especial,SUL,40.2,20.692989
,2022-08-18,77141,MANOEL MARCHETTI,Consumidor Especial,SUL,40.2,23.057255
,2022-08-19,77141,MANOEL MARCHETTI,Consumidor Especial,SUL,40.2,23.70616
,2022-08-20,77141,MANOEL MARCHETTI,Consumidor Especial,SUL,40.2,10.545228
,2022-08-21,77141,MANOEL MARCHETTI,Consumidor Especial,SUL,40.2,9.110149
,2022-08-22,77141,MANOEL MARCHETTI,Consumidor Especial,SUL,40.2,21.410481
,2022-08-23,77141,MANOEL MARCHETTI,Consumidor Especial,SUL,40.2,21.856936
,2022-08-24,77141,MANOEL MARCHETTI,Consumidor Especial,SUL,40.2,20.898685
,2022-08-25,77141,MANOEL MARCHETTI,Consumidor Especial,SUL,40.2,21.77939
,2022-08-26,77141,MANOEL MARCHETTI,Consumidor Especial,SUL,40.2,19.542412
,2022-08-27,77141,MANOEL MARCHETTI,Consumidor Especial,SUL,40.2,9.787974
,2022-08-28,77141,MANOEL MARCHETTI,Consumidor Especial,SUL,40.2,8.224666
,2022-08-29,77141,MANOEL MARCHETTI,Consumidor Especial,SUL,40.2,21.15646
,2022-08-30,77141,MANOEL MARCHETTI,Consumidor Especial,SUL,40.2,22.993034
,2022-08-31,77141,MANOEL MARCHETTI,Consumidor Especial,SUL,40.2,23.029407
,2022-09-01,77141,MANOEL MARCHETTI,Consumidor Especial,SUL,40.2,22.692652
,2022-09-02,77141,MANOEL MARCHETTI,Consumidor Especial,SUL,40.2,21.420363
,2022-09-03,77141,MANOEL MARCHETTI,Consumidor Especial,SUL,40.2,9.415688
,2022-09-04,77141,MANOEL MARCHETTI,Consumidor Especial,SUL,40.2,7.502781
,2022-09-05,77141,MANOEL MARCHETTI,Consumidor Especial,SUL,40.2,17.67954
,2022-09-06,77141,MANOEL MARCHETTI,Consumidor Especial,SUL,40.2,20.480523
,2022-09-07,77141,MANOEL MARCHETTI,Consumidor Especial,SUL,40.2,8.334878
,2022-09-08,77141,MANOEL MARCHETTI,Consumidor Especial,SUL,40.2,19.738244
,2022-09-09,77141,MANOEL MARCHETTI,Consumidor Especial,SUL,40.2,16.734233
,2022-09-10,77141,MANOEL MARCHETTI,Consumidor Especial,SUL,40.2,6.456839
,2022-09-11,77141,MANOEL MARCHETTI,Consumidor Especial,SUL,40.2,6.157727
,2022-09-12,77141,MANOEL MARCHETTI,Consumidor Especial,SUL,40.2,18.689383
,2022-09-13,77141,MANOEL MARCHETTI,Consumidor Especial,SUL,40.2,19.71303
,2022-09-14,77141,MANOEL MARCHETTI,Consumidor Especial,SUL,40.2,21.727139
,2022-09-15,77141,MANOEL MARCHETTI,Consumidor Especial,SUL,40.2,21.083277
,2022-09-16,77141,MANOEL MARCHETTI,Consumidor Especial,SUL,40.2,16.624259
,2022-09-17,77141,MANOEL MARCHETTI,Consumidor Especial,SUL,40.2,7.664961
,2022-09-18,77141,MANOEL MARCHETTI,Consumidor Especial,SUL,40.2,6.503294
,2022-09-19,77141,MANOEL MARCHETTI,Consumidor Especial,SUL,40.2,19.876849
,2022-09-20,77141,MANOEL MARCHETTI,Consumidor Especial,SUL,40.2,20.710287
,2022-09-21,77141,MANOEL MARCHETTI,Consumidor Especial,SUL,40.2,21.761215
,2022-09-22,77141,MANOEL MARCHETTI,Consumidor Especial,SUL,40.2,21.775183
,2022-09-23,77141,MANOEL MARCHETTI,Consumidor Especial,SUL,40.2,21.654017
,2022-09-24,77141,MANOEL MARCHETTI,Consumidor Especial,SUL,40.2,8.945877
,2022-09-25,77141,MANOEL MARCHETTI,Consumidor Especial,SUL,40.2,6.407502
,2022-09-26,77141,MANOEL MARCHETTI,Consumidor Especial,SUL,40.2,19.682619
,2022-09-27,77141,MANOEL MARCHETTI,Consumidor Especial,SUL,40.2,19.524727
,2022-09-28,77141,MANOEL MARCHETTI,Consumidor Especial,SUL,40.2,19.283712
,2022-09-29,77141,MANOEL MARCHETTI,Consumidor Especial,SUL,40.2,18.47602
,2022-09-30,77141,MANOEL MARCHETTI,Consumidor Especial,SUL,40.2,16.304168
,2022-10-01,77141,MANOEL MARCHETTI,Consumidor Especial,SUL,40.2,7.293644
,2022-10-02,77141,MANOEL MARCHETTI,Consumidor Especial,SUL,40.2,7.426037
,2022-10-03,77141,MANOEL MARCHETTI,Consumidor Especial,SUL,40.2,19.475374
,2022-10-04,77141,MANOEL MARCHETTI,Consumidor Especial,SUL,40.2,19.463459
,2022-10-05,77141,MANOEL MARCHETTI,Consumidor Especial,SUL,40.2,20.330054
,2022-10-06,77141,MANOEL MARCHETTI,Consumidor Especial,SUL,40.2,18.93665
,2022-10-07,77141,MANOEL MARCHETTI,Consumidor Especial,SUL,40.2,19.099156
,2022-10-08,77141,MANOEL MARCHETTI,Consumidor Especial,SUL,40.2,8.244961
,2022-10-09,77141,MANOEL MARCHETTI,Consumidor Especial,SUL,40.2,7.712472
,2022-10-10,77141,MANOEL MARCHETTI,Consumidor Especial,SUL,40.2,21.220247
,2022-10-11,77141,MANOEL MARCHETTI,Consumidor Especial,SUL,40.2,20.356761
,2022-10-12,77141,MANOEL MARCHETTI,Consumidor Especial,SUL,40.2,5.763818
,2022-10-13,77141,MANOEL MARCHETTI,Consumidor Especial,SUL,40.2,17.304298
,2022-10-14,77141,MANOEL MARCHETTI,Consumidor Especial,SUL,40.2,18.112573
,2022-10-15,77141,MANOEL MARCHETTI,Consumidor Especial,SUL,40.2,6.600084
,2022-10-16,77141,MANOEL MARCHETTI,Consumidor Especial,SUL,40.2,5.833234
,2022-10-17,77141,MANOEL MARCHETTI,Consumidor Especial,SUL,40.2,19.452968
,2022-10-18,77141,MANOEL MARCHETTI,Consumidor Especial,SUL,40.2,18.531255
,2022-10-19,77141,MANOEL MARCHETTI,Consumidor Especial,SUL,40.2,17.453059
,2022-10-20,77141,MANOEL MARCHETTI,Consumidor Especial,SUL,40.2,17.607748
,2022-10-21,77141,MANOEL MARCHETTI,Consumidor Especial,SUL,40.2,16.199969
,2022-10-22,77141,MANOEL MARCHETTI,Consumidor Especial,SUL,40.2,4.796806
,2022-10-23,77141,MANOEL MARCHETTI,Consumidor Especial,SUL,40.2,3.899125
,2022-10-24,77141,MANOEL MARCHETTI,Consumidor Especial,SUL,40.2,17.199238
,2022-10-25,77141,MANOEL MARCHETTI,Consumidor Especial,SUL,40.2,18.395135
,2022-10-26,77141,MANOEL MARCHETTI,Consumidor Especial,SUL,40.2,19.663606
,2022-10-27,77141,MANOEL MARCHETTI,Consumidor Especial,SUL,40.2,19.054853
,2022-10-28,77141,MANOEL MARCHETTI,Consumidor Especial,SUL,40.2,17.784141
,2022-10-29,77141,MANOEL MARCHETTI,Consumidor Especial,SUL,40.2,6.573989
,2022-10-30,77141,MANOEL MARCHETTI,Consumidor Especial,SUL,40.2,8.139871
,2022-10-31,77141,MANOEL MARCHETTI,Consumidor Especial,SUL,40.2,18.9499
,2022-11-01,77141,MANOEL MARCHETTI,Consumidor Especial,SUL,40.2,19.500246
,2022-11-02,77141,MANOEL MARCHETTI,Consumidor Especial,SUL,40.2,5.665983
,2022-11-03,77141,MANOEL MARCHETTI,Consumidor Especial,SUL,40.2,18.038118
,2022-11-04,77141,MANOEL MARCHETTI,Consumidor Especial,SUL,40.2,18.509713
,2022-11-05,77141,MANOEL MARCHETTI,Consumidor Especial,SUL,40.2,4.770715
,2022-11-06,77141,MANOEL MARCHETTI,Consumidor Especial,SUL,40.2,6.142756
,2022-11-07,77141,MANOEL MARCHETTI,Consumidor Especial,SUL,40.2,18.190141
,2022-11-08,77141,MANOEL MARCHETTI,Consumidor Especial,SUL,40.2,20.825444
,2022-11-09,77141,MANOEL MARCHETTI,Consumidor Especial,SUL,40.2,20.695206
,2022-11-10,77141,MANOEL MARCHETTI,Consumidor Especial,SUL,40.2,20.379466
,2022-11-11,77141,MANOEL MARCHETTI,Consumidor Especial,SUL,40.2,20.127929
,2022-11-12,77141,MANOEL MARCHETTI,Consumidor Especial,SUL,40.2,7.362535
,2022-11-13,77141,MANOEL MARCHETTI,Consumidor Especial,SUL,40.2,5.550369
,2022-11-14,77141,MANOEL MARCHETTI,Consumidor Especial,SUL,40.2,5.3151530000000005
,2022-11-15,77141,MANOEL MARCHETTI,Consumidor Especial,SUL,40.2,18.709459
,2022-11-16,77141,MANOEL MARCHETTI,Consumidor Especial,SUL,40.2,16.125203
,2022-11-17,77141,MANOEL MARCHETTI,Consumidor Especial,SUL,40.2,17.536528999999998
,2022-11-18,77141,MANOEL MARCHETTI,Consumidor Especial,SUL,40.2,15.648672
,2022-11-19,77141,MANOEL MARCHETTI,Consumidor Especial,SUL,40.2,6.354496
,2022-11-20,77141,MANOEL MARCHETTI,Consumidor Especial,SUL,40.2,6.20943
,2022-11-21,77141,MANOEL MARCHETTI,Consumidor Especial,SUL,40.2,20.520964
,2022-11-22,77141,MANOEL MARCHETTI,Consumidor Especial,SUL,40.2,21.47645
,2022-11-23,77141,MANOEL MARCHETTI,Consumidor Especial,SUL,40.2,16.679281
,2022-11-24,77141,MANOEL MARCHETTI,Consumidor Especial,SUL,40.2,21.288018
,2022-11-25,77141,MANOEL MARCHETTI,Consumidor Especial,SUL,40.2,20.941736
,2022-11-26,77141,MANOEL MARCHETTI,Consumidor Especial,SUL,40.2,7.883764999999999
,2022-11-27,77141,MANOEL MARCHETTI,Consumidor Especial,SUL,40.2,6.247501
,2022-11-28,77141,MANOEL MARCHETTI,Consumidor Especial,SUL,40.2,19.948773
,2022-11-29,77141,MANOEL MARCHETTI,Consumidor Especial,SUL,40.2,20.928855
,2022-11-30,77141,MANOEL MARCHETTI,Consumidor Especial,SUL,40.2,18.894275
,2022-12-01,77141,MANOEL MARCHETTI,Consumidor Especial,SUL,40.2,17.683769
,2022-12-02,77141,MANOEL MARCHETTI,Consumidor Especial,SUL,40.2,19.70861
,2022-12-03,77141,MANOEL MARCHETTI,Consumidor Especial,SUL,40.2,7.109617
,2022-12-04,77141,MANOEL MARCHETTI,Consumidor Especial,SUL,40.2,5.84986
,2022-12-05,77141,MANOEL MARCHETTI,Consumidor Especial,SUL,40.2,16.810078
,2022-12-06,77141,MANOEL MARCHETTI,Consumidor Especial,SUL,40.2,15.53078
,2022-12-07,77141,MANOEL MARCHETTI,Consumidor Especial,SUL,40.2,20.172514
,2022-12-08,77141,MANOEL MARCHETTI,Consumidor Especial,SUL,40.2,20.512455
,2022-12-09,77141,MANOEL MARCHETTI,Consumidor Especial,SUL,40.2,18.164017
,2022-12-10,77141,MANOEL MARCHETTI,Consumidor Especial,SUL,40.2,8.788212
,2022-12-11,77141,MANOEL MARCHETTI,Consumidor Especial,SUL,40.2,7.103057
,2022-12-12,77141,MANOEL MARCHETTI,Consumidor Especial,SUL,40.2,19.929524
,2022-12-13,77141,MANOEL MARCHETTI,Consumidor Especial,SUL,40.2,19.219897
,2022-12-14,77141,MANOEL MARCHETTI,Consumidor Especial,SUL,40.2,19.757249
,2022-12-15,77141,MANOEL MARCHETTI,Consumidor Especial,SUL,40.2,19.787184
,2022-12-16,77141,MANOEL MARCHETTI,Consumidor Especial,SUL,40.2,23.110826
,2022-12-17,77141,MANOEL MARCHETTI,Consumidor Especial,SUL,40.2,13.221302
,2022-12-18,77141,MANOEL MARCHETTI,Consumidor Especial,SUL,40.2,8.471102
,2022-12-19,77141,MANOEL MARCHETTI,Consumidor Especial,SUL,40.2,20.273308
,2022-12-20,77141,MANOEL MARCHETTI,Consumidor Especial,SUL,40.2,18.916781
,2022-12-21,77141,MANOEL MARCHETTI,Consumidor Especial,SUL,40.2,12.280071
,2022-12-22,77141,MANOEL MARCHETTI,Consumidor Especial,SUL,40.2,4.195455
,2022-12-23,77141,MANOEL MARCHETTI,Consumidor Especial,SUL,40.2,0.787615
,2022-12-24,77141,MANOEL MARCHETTI,Consumidor Especial,SUL,40.2,0.527145
,2022-12-25,77141,MANOEL MARCHETTI,Consumidor Especial,SUL,40.2,0.536032
,2022-12-26,77141,MANOEL MARCHETTI,Consumidor Especial,SUL,40.2,0.755126
,2022-12-27,77141,MANOEL MARCHETTI,Consumidor Especial,SUL,40.2,0.869787
,2022-12-28,77141,MANOEL MARCHETTI,Consumidor Especial,SUL,40.2,0.8588199999999999
,2022-12-29,77141,MANOEL MARCHETTI,Consumidor Especial,SUL,40.2,0.835803
,2022-12-30,77141,MANOEL MARCHETTI,Consumidor Especial,SUL,40.2,0.875507
,2022-12-31,77141,MANOEL MARCHETTI,Consumidor Especial,SUL,40.2,0.57264
,2023-01-01,77141,MANOEL MARCHETTI,Consumidor Especial,SUL,40.2,0.589578
,2023-01-02,77141,MANOEL MARCHETTI,Consumidor Especial,SUL,40.2,0.96731
,2023-01-03,77141,MANOEL MARCHETTI,Consumidor Especial,SUL,40.2,1.001335
,2023-01-04,77141,MANOEL MARCHETTI,Consumidor Especial,SUL,40.2,1.009526
,2023-01-05,77141,MANOEL MARCHETTI,Consumidor Especial,SUL,40.2,0.975651
,2023-01-06,77141,MANOEL MARCHETTI,Consumidor Especial,SUL,40.2,0.983983
,2023-01-07,77141,MANOEL MARCHETTI,Consumidor Especial,SUL,40.2,0.425855
,2023-01-08,77141,MANOEL MARCHETTI,Consumidor Especial,SUL,40.2,0.607308
,2023-01-09,77141,MANOEL MARCHETTI,Consumidor Especial,SUL,40.2,1.046636
,2023-01-10,77141,MANOEL MARCHETTI,Consumidor Especial,SUL,40.2,1.709167
,2023-01-11,77141,MANOEL MARCHETTI,Consumidor Especial,SUL,40.2,16.700976999999998
,2023-01-12,77141,MANOEL MARCHETTI,Consumidor Especial,SUL,40.2,19.083287
,2023-01-13,77141,MANOEL MARCHETTI,Consumidor Especial,SUL,40.2,18.16618
,2023-01-14,77141,MANOEL MARCHETTI,Consumidor Especial,SUL,40.2,6.611738
,2023-01-15,77141,MANOEL MARCHETTI,Consumidor Especial,SUL,40.2,5.271763
,2023-01-16,77141,MANOEL MARCHETTI,Consumidor Especial,SUL,40.2,17.86269
,2023-01-17,77141,MANOEL MARCHETTI,Consumidor Especial,SUL,40.2,17.946894
,2023-01-18,77141,MANOEL MARCHETTI,Consumidor Especial,SUL,40.2,21.269802
,2023-01-19,77141,MANOEL MARCHETTI,Consumidor Especial,SUL,40.2,22.33426
,2023-01-20,77141,MANOEL MARCHETTI,Consumidor Especial,SUL,40.2,23.137857
,2023-01-21,77141,MANOEL MARCHETTI,Consumidor Especial,SUL,40.2,9.968065
,2023-01-22,77141,MANOEL MARCHETTI,Consumidor Especial,SUL,40.2,9.224222
,2023-01-23,77141,MANOEL MARCHETTI,Consumidor Especial,SUL,40.2,18.688721
,2023-01-24,77141,MANOEL MARCHETTI,Consumidor Especial,SUL,40.2,22.545642
,2023-01-25,77141,MANOEL MARCHETTI,Consumidor Especial,SUL,40.2,20.949657
,2023-01-26,77141,MANOEL MARCHETTI,Consumidor Especial,SUL,40.2,22.298644
,2023-01-27,77141,MANOEL MARCHETTI,Consumidor Especial,SUL,40.2,21.543545
,2023-01-28,77141,MANOEL MARCHETTI,Consumidor Especial,SUL,40.2,10.841772
,2023-01-29,77141,MANOEL MARCHETTI,Consumidor Especial,SUL,40.2,8.818526
,2023-01-30,77141,MANOEL MARCHETTI,Consumidor Especial,SUL,40.2,21.856604
,2023-01-31,77141,MANOEL MARCHETTI,Consumidor Especial,SUL,40.2,21.327051
,2023-02-01,77141,MANOEL MARCHETTI,Consumidor Especial,SUL,40.2,21.753272
,2023-02-02,77141,MANOEL MARCHETTI,Consumidor Especial,SUL,40.2,18.457025
,2023-02-03,77141,MANOEL MARCHETTI,Consumidor Especial,SUL,40.2,21.721881
,2023-02-04,77141,MANOEL MARCHETTI,Consumidor Especial,SUL,40.2,10.192836
,2023-02-05,77141,MANOEL MARCHETTI,Consumidor Especial,SUL,40.2,9.62601
,2023-02-06,77141,MANOEL MARCHETTI,Consumidor Especial,SUL,40.2,22.543116
,2023-02-07,77141,MANOEL MARCHETTI,Consumidor Especial,SUL,40.2,21.693423
,2023-02-08,77141,MANOEL MARCHETTI,Consumidor Especial,SUL,40.2,24.218881
,2023-02-09,77141,MANOEL MARCHETTI,Consumidor Especial,SUL,40.2,22.397881
,2023-02-10,77141,MANOEL MARCHETTI,Consumidor Especial,SUL,40.2,21.017195
,2023-02-11,77141,MANOEL MARCHETTI,Consumidor Especial,SUL,40.2,11.348635
,2023-02-12,77141,MANOEL MARCHETTI,Consumidor Especial,SUL,40.2,9.113102
,2023-02-13,77141,MANOEL MARCHETTI,Consumidor Especial,SUL,40.2,22.600123
,2023-02-14,77141,MANOEL MARCHETTI,Consumidor Especial,SUL,40.2,22.896978
,2023-02-15,77141,MANOEL MARCHETTI,Consumidor Especial,SUL,40.2,22.050096
,2023-02-16,77141,MANOEL MARCHETTI,Consumidor Especial,SUL,40.2,24.561167
,2023-02-17,77141,MANOEL MARCHETTI,Consumidor Especial,SUL,40.2,23.318875
,2023-02-18,77141,MANOEL MARCHETTI,Consumidor Especial,SUL,40.2,11.526199
,2023-02-19,77141,MANOEL MARCHETTI,Consumidor Especial,SUL,40.2,10.419152
,2023-02-20,77141,MANOEL MARCHETTI,Consumidor Especial,SUL,40.2,24.776681
,2023-02-21,77141,MANOEL MARCHETTI,Consumidor Especial,SUL,40.2,24.955776
,2023-02-22,77141,MANOEL MARCHETTI,Consumidor Especial,SUL,40.2,23.557356
,2023-02-23,77141,MANOEL MARCHETTI,Consumidor Especial,SUL,40.2,20.929201
,2023-02-24,77141,MANOEL MARCHETTI,Consumidor Especial,SUL,40.2,21.594785
,2023-02-25,77141,MANOEL MARCHETTI,Consumidor Especial,SUL,40.2,9.441094
,2023-02-26,77141,MANOEL MARCHETTI,Consumidor Especial,SUL,40.2,6.422045
,2023-02-27,77141,MANOEL MARCHETTI,Consumidor Especial,SUL,40.2,19.961192
,2023-02-28,77141,MANOEL MARCHETTI,Consumidor Especial,SUL,40.2,20.522892
,2023-03-01,77141,MANOEL MARCHETTI,Consumidor Especial,SUL,40.2,19.338436
,2023-03-02,77141,MANOEL MARCHETTI,Consumidor Especial,SUL,40.2,20.721291
,2023-03-03,77141,MANOEL MARCHETTI,Consumidor Especial,SUL,40.2,22.235347
,2023-03-04,77141,MANOEL MARCHETTI,Consumidor Especial,SUL,40.2,9.479145
,2023-03-05,77141,MANOEL MARCHETTI,Consumidor Especial,SUL,40.2,8.740199
,2023-03-06,77141,MANOEL MARCHETTI,Consumidor Especial,SUL,40.2,23.271189
,2023-03-07,77141,MANOEL MARCHETTI,Consumidor Especial,SUL,40.2,21.775684
,2023-03-08,77141,MANOEL MARCHETTI,Consumidor Especial,SUL,40.2,22.686776
,2023-03-09,77141,MANOEL MARCHETTI,Consumidor Especial,SUL,40.2,22.046699
,2023-03-10,77141,MANOEL MARCHETTI,Consumidor Especial,SUL,40.2,21.030566
,2023-03-11,77141,MANOEL MARCHETTI,Consumidor Especial,SUL,40.2,6.820814
,2023-03-12,77141,MANOEL MARCHETTI,Consumidor Especial,SUL,40.2,7.352661
,2023-03-13,77141,MANOEL MARCHETTI,Consumidor Especial,SUL,40.2,19.602762
,2023-03-14,77141,MANOEL MARCHETTI,Consumidor Especial,SUL,40.2,21.408066
,2023-03-15,77141,MANOEL MARCHETTI,Consumidor Especial,SUL,40.2,21.724304
,2023-03-16,77141,MANOEL MARCHETTI,Consumidor Especial,SUL,40.2,21.731776
,2023-03-17,77141,MANOEL MARCHETTI,Consumidor Especial,SUL,40.2,23.54079
,2023-03-18,77141,MANOEL MARCHETTI,Consumidor Especial,SUL,40.2,10.153204
,2023-03-19,77141,MANOEL MARCHETTI,Consumidor Especial,SUL,40.2,7.083105
,2023-03-20,77141,MANOEL MARCHETTI,Consumidor Especial,SUL,40.2,20.144651
,2023-03-21,77141,MANOEL MARCHETTI,Consumidor Especial,SUL,40.2,22.008337
,2023-03-22,77141,MANOEL MARCHETTI,Consumidor Especial,SUL,40.2,21.474365
,2023-03-23,77141,MANOEL MARCHETTI,Consumidor Especial,SUL,40.2,21.11431
,2023-03-24,77141,MANOEL MARCHETTI,Consumidor Especial,SUL,40.2,20.098224
,2023-03-25,77141,MANOEL MARCHETTI,Consumidor Especial,SUL,40.2,10.242538
,2023-03-26,77141,MANOEL MARCHETTI,Consumidor Especial,SUL,40.2,8.320328
,2023-03-27,77141,MANOEL MARCHETTI,Consumidor Especial,SUL,40.2,22.61897
,2023-03-28,77141,MANOEL MARCHETTI,Consumidor Especial,SUL,40.2,22.465106
,2023-03-29,77141,MANOEL MARCHETTI,Consumidor Especial,SUL,40.2,21.525211
,2023-03-30,77141,MANOEL MARCHETTI,Consumidor Especial,SUL,40.2,19.856624
,2023-03-31,77141,MANOEL MARCHETTI,Consumidor Especial,SUL,40.2,20.688052
,2023-04-01,77141,MANOEL MARCHETTI,Consumidor Especial,SUL,40.2,9.184207
,2023-04-02,77141,MANOEL MARCHETTI,Consumidor Especial,SUL,40.2,8.199484
,2023-04-03,77141,MANOEL MARCHETTI,Consumidor Especial,SUL,40.2,22.057323
,2023-04-04,77141,MANOEL MARCHETTI,Consumidor Especial,SUL,40.2,21.364065
,2023-04-05,77141,MANOEL MARCHETTI,Consumidor Especial,SUL,40.2,21.0972
,2023-04-06,77141,MANOEL MARCHETTI,Consumidor Especial,SUL,40.2,22.119657
,2023-04-07,77141,MANOEL MARCHETTI,Consumidor Especial,SUL,40.2,8.432771
,2023-04-08,77141,MANOEL MARCHETTI,Consumidor Especial,SUL,40.2,8.294817
,2023-04-09,77141,MANOEL MARCHETTI,Consumidor Especial,SUL,40.2,6.090626
,2023-04-10,77141,MANOEL MARCHETTI,Consumidor Especial,SUL,40.2,20.133586
,2023-04-11,77141,MANOEL MARCHETTI,Consumidor Especial,SUL,40.2,20.822958
,2023-04-12,77141,MANOEL MARCHETTI,Consumidor Especial,SUL,40.2,20.175233
,2023-04-13,77141,MANOEL MARCHETTI,Consumidor Especial,SUL,40.2,20.082613
,2023-04-14,77141,MANOEL MARCHETTI,Consumidor Especial,SUL,40.2,22.517939
,2023-04-15,77141,MANOEL MARCHETTI,Consumidor Especial,SUL,40.2,10.972425
,2023-04-16,77141,MANOEL MARCHETTI,Consumidor Especial,SUL,40.2,9.187874
,2023-04-17,77141,MANOEL MARCHETTI,Consumidor Especial,SUL,40.2,21.514976
,2023-04-18,77141,MANOEL MARCHETTI,Consumidor Especial,SUL,40.2,23.649336
,2023-04-19,77141,MANOEL MARCHETTI,Consumidor Especial,SUL,40.2,22.928723
,2023-04-20,77141,MANOEL MARCHETTI,Consumidor Especial,SUL,40.2,22.885583
,2023-04-21,77141,MANOEL MARCHETTI,Consumidor Especial,SUL,40.2,11.229676
,2023-04-22,77141,MANOEL MARCHETTI,Consumidor Especial,SUL,40.2,10.143424
,2023-04-23,77141,MANOEL MARCHETTI,Consumidor Especial,SUL,40.2,7.193666
,2023-04-24,77141,MANOEL MARCHETTI,Consumidor Especial,SUL,40.2,20.267598
,2023-04-25,77141,MANOEL MARCHETTI,Consumidor Especial,SUL,40.2,21.518297
,2023-04-26,77141,MANOEL MARCHETTI,Consumidor Especial,SUL,40.2,20.557098
,2023-04-27,77141,MANOEL MARCHETTI,Consumidor Especial,SUL,40.2,21.467719
,2023-04-28,77141,MANOEL MARCHETTI,Consumidor Especial,SUL,40.2,19.617827
,2023-04-29,77141,MANOEL MARCHETTI,Consumidor Especial,SUL,40.2,10.722163
,2023-04-30,77141,MANOEL MARCHETTI,Consumidor Especial,SUL,40.2,10.012773
,2023-05-01,77141,MANOEL MARCHETTI,Consumidor Especial,SUL,40.2,8.268929
,2023-05-02,77141,MANOEL MARCHETTI,Consumidor Especial,SUL,40.2,22.157962
,2023-05-03,77141,MANOEL MARCHETTI,Consumidor Especial,SUL,40.2,22.384389
,2023-05-04,77141,MANOEL MARCHETTI,Consumidor Especial,SUL,40.2,21.914842
,2023-05-05,77141,MANOEL MARCHETTI,Consumidor Especial,SUL,40.2,21.28333
,2023-05-06,77141,MANOEL MARCHETTI,Consumidor Especial,SUL,40.2,10.80774
,2023-05-07,77141,MANOEL MARCHETTI,Consumidor Especial,SUL,40.2,9.729366
,2023-05-08,77141,MANOEL MARCHETTI,Consumidor Especial,SUL,40.2,21.439506
,2023-05-09,77141,MANOEL MARCHETTI,Consumidor Especial,SUL,40.2,22.470381
,2023-05-10,77141,MANOEL MARCHETTI,Consumidor Especial,SUL,40.2,22.741284
,2023-05-11,77141,MANOEL MARCHETTI,Consumidor Especial,SUL,40.2,21.092835
,2023-05-12,77141,MANOEL MARCHETTI,Consumidor Especial,SUL,40.2,22.219513
,2023-05-13,77141,MANOEL MARCHETTI,Consumidor Especial,SUL,40.2,9.464648
,2023-05-14,77141,MANOEL MARCHETTI,Consumidor Especial,SUL,40.2,8.931892
,2023-05-15,77141,MANOEL MARCHETTI,Consumidor Especial,SUL,40.2,22.187788
,2023-05-16,77141,MANOEL MARCHETTI,Consumidor Especial,SUL,40.2,22.400289
,2023-05-17,77141,MANOEL MARCHETTI,Consumidor Especial,SUL,40.2,22.828249
,2023-05-18,77141,MANOEL MARCHETTI,Consumidor Especial,SUL,40.2,22.715243
,2023-05-19,77141,MANOEL MARCHETTI,Consumidor Especial,SUL,40.2,21.863492
,2023-05-20,77141,MANOEL MARCHETTI,Consumidor Especial,SUL,40.2,10.046464
,2023-05-21,77141,MANOEL MARCHETTI,Consumidor Especial,SUL,40.2,7.957302
,2023-05-22,77141,MANOEL MARCHETTI,Consumidor Especial,SUL,40.2,22.07228
,2023-05-23,77141,MANOEL MARCHETTI,Consumidor Especial,SUL,40.2,23.053707
,2023-05-24,77141,MANOEL MARCHETTI,Consumidor Especial,SUL,40.2,23.969422
,2023-05-25,77141,MANOEL MARCHETTI,Consumidor Especial,SUL,40.2,22.984983
,2023-05-26,77141,MANOEL MARCHETTI,Consumidor Especial,SUL,40.2,21.745119
,2023-05-27,77141,MANOEL MARCHETTI,Consumidor Especial,SUL,40.2,12.047738
,2023-05-28,77141,MANOEL MARCHETTI,Consumidor Especial,SUL,40.2,9.70273
,2023-05-29,77141,MANOEL MARCHETTI,Consumidor Especial,SUL,40.2,23.484537
,2023-05-30,77141,MANOEL MARCHETTI,Consumidor Especial,SUL,40.2,24.321855
,2023-05-31,77141,MANOEL MARCHETTI,Consumidor Especial,SUL,40.2,22.965812
,2023-06-01,77141,MANOEL MARCHETTI,Consumidor Especial,SUL,40.2,22.418332
,2023-06-02,77141,MANOEL MARCHETTI,Consumidor Especial,SUL,40.2,21.962994
,2023-06-03,77141,MANOEL MARCHETTI,Consumidor Especial,SUL,40.2,9.699788
,2023-06-04,77141,MANOEL MARCHETTI,Consumidor Especial,SUL,40.2,8.803209
,2023-06-05,77141,MANOEL MARCHETTI,Consumidor Especial,SUL,40.2,21.173483
,2023-06-06,77141,MANOEL MARCHETTI,Consumidor Especial,SUL,40.2,21.682176
,2023-06-07,77141,MANOEL MARCHETTI,Consumidor Especial,SUL,40.2,23.351953
,2023-06-08,77141,MANOEL MARCHETTI,Consumidor Especial,SUL,40.2,8.750099
,2023-06-09,77141,MANOEL MARCHETTI,Consumidor Especial,SUL,40.2,20.587443
,2023-06-10,77141,MANOEL MARCHETTI,Consumidor Especial,SUL,40.2,9.545873
,2023-06-11,77141,MANOEL MARCHETTI,Consumidor Especial,SUL,40.2,8.350258
,2023-06-12,77141,MANOEL MARCHETTI,Consumidor Especial,SUL,40.2,21.729382
,2023-06-13,77141,MANOEL MARCHETTI,Consumidor Especial,SUL,40.2,21.689016
,2023-06-14,77141,MANOEL MARCHETTI,Consumidor Especial,SUL,40.2,22.523506
,2023-06-15,77141,MANOEL MARCHETTI,Consumidor Especial,SUL,40.2,21.796346
,2023-06-16,77141,MANOEL MARCHETTI,Consumidor Especial,SUL,40.2,22.385216
,2023-06-17,77141,MANOEL MARCHETTI,Consumidor Especial,SUL,40.2,9.347656
,2023-06-18,77141,MANOEL MARCHETTI,Consumidor Especial,SUL,40.2,8.754892
,2023-06-19,77141,MANOEL MARCHETTI,Consumidor Especial,SUL,40.2,22.433128
,2023-06-20,77141,MANOEL MARCHETTI,Consumidor Especial,SUL,40.2,23.530028
,2023-06-21,77141,MANOEL MARCHETTI,Consumidor Especial,SUL,40.2,24.282359
,2023-06-22,77141,MANOEL MARCHETTI,Consumidor Especial,SUL,40.2,22.054442
,2023-06-23,77141,MANOEL MARCHETTI,Consumidor Especial,SUL,40.2,23.732153
,2023-06-24,77141,MANOEL MARCHETTI,Consumidor Especial,SUL,40.2,11.223498
,2023-06-25,77141,MANOEL MARCHETTI,Consumidor Especial,SUL,40.2,8.019454
,2023-06-26,77141,MANOEL MARCHETTI,Consumidor Especial,SUL,40.2,21.444047
,2023-06-27,77141,MANOEL MARCHETTI,Consumidor Especial,SUL,40.2,23.390508
,2023-06-28,77141,MANOEL MARCHETTI,Consumidor Especial,SUL,40.2,23.726205
,2023-06-29,77141,MANOEL MARCHETTI,Consumidor Especial,SUL,40.2,24.643616
,2023-06-30,77141,MANOEL MARCHETTI,Consumidor Especial,SUL,40.2,23.255401
,2023-07-01,77141,MANOEL MARCHETTI,Consumidor Especial,SUL,40.2,10.689438
,2023-07-02,77141,MANOEL MARCHETTI,Consumidor Especial,SUL,40.2,8.190202
,2023-07-03,77141,MANOEL MARCHETTI,Consumidor Especial,SUL,40.2,21.418146
,2023-07-04,77141,MANOEL MARCHETTI,Consumidor Especial,SUL,40.2,24.485887
,2023-07-05,77141,MANOEL MARCHETTI,Consumidor Especial,SUL,40.2,22.713514
,2023-07-06,77141,MANOEL MARCHETTI,Consumidor Especial,SUL,40.2,23.730469
,2023-07-07,77141,MANOEL MARCHETTI,Consumidor Especial,SUL,40.2,23.860029
,2023-07-08,77141,MANOEL MARCHETTI,Consumidor Especial,SUL,40.2,11.190977
,2023-07-09,77141,MANOEL MARCHETTI,Consumidor Especial,SUL,40.2,8.804378
,2023-07-10,77141,MANOEL MARCHETTI,Consumidor Especial,SUL,40.2,22.027952
,2023-07-11,77141,MANOEL MARCHETTI,Consumidor Especial,SUL,40.2,23.288066
,2023-07-12,77141,MANOEL MARCHETTI,Consumidor Especial,SUL,40.2,22.366976
,2023-07-13,77141,MANOEL MARCHETTI,Consumidor Especial,SUL,40.2,19.117155
,2023-07-14,77141,MANOEL MARCHETTI,Consumidor Especial,SUL,40.2,23.835356
,2023-07-15,77141,MANOEL MARCHETTI,Consumidor Especial,SUL,40.2,10.619783
,2023-07-16,77141,MANOEL MARCHETTI,Consumidor Especial,SUL,40.2,9.362285
,2023-07-17,77141,MANOEL MARCHETTI,Consumidor Especial,SUL,40.2,22.087091
,2023-07-18,77141,MANOEL MARCHETTI,Consumidor Especial,SUL,40.2,23.252462
,2023-07-19,77141,MANOEL MARCHETTI,Consumidor Especial,SUL,40.2,23.046404
,2023-07-20,77141,MANOEL MARCHETTI,Consumidor Especial,SUL,40.2,22.587548
,2023-07-21,77141,MANOEL MARCHETTI,Consumidor Especial,SUL,40.2,20.886482
,2023-07-22,77141,MANOEL MARCHETTI,Consumidor Especial,SUL,40.2,10.322195
,2023-07-23,77141,MANOEL MARCHETTI,Consumidor Especial,SUL,40.2,8.858808
,2023-07-24,77141,MANOEL MARCHETTI,Consumidor Especial,SUL,40.2,21.69016
,2023-07-25,77141,MANOEL MARCHETTI,Consumidor Especial,SUL,40.2,21.952135
,2023-07-26,77141,MANOEL MARCHETTI,Consumidor Especial,SUL,40.2,22.00173
,2023-07-27,77141,MANOEL MARCHETTI,Consumidor Especial,SUL,40.2,22.079127
,2023-07-28,77141,MANOEL MARCHETTI,Consumidor Especial,SUL,40.2,21.279222
,2023-07-29,77141,MANOEL MARCHETTI,Consumidor Especial,SUL,40.2,11.094444
,2023-07-30,77141,MANOEL MARCHETTI,Consumidor Especial,SUL,40.2,9.207153
,2023-07-31,77141,MANOEL MARCHETTI,Consumidor Especial,SUL,40.2,21.84686
,2023-08-01,77141,MANOEL MARCHETTI,Consumidor Especial,SUL,40.2,21.011875
,2023-08-02,77141,MANOEL MARCHETTI,Consumidor Especial,SUL,40.2,22.834719
,2023-08-03,77141,MANOEL MARCHETTI,Consumidor Especial,SUL,40.2,21.149992
,2023-08-04,77141,MANOEL MARCHETTI,Consumidor Especial,SUL,40.2,20.778166
,2023-08-05,77141,MANOEL MARCHETTI,Consumidor Especial,SUL,40.2,7.379667
,2023-08-06,77141,MANOEL MARCHETTI,Consumidor Especial,SUL,40.2,6.261841
,2023-08-07,77141,MANOEL MARCHETTI,Consumidor Especial,SUL,40.2,20.390511
,2023-08-08,77141,MANOEL MARCHETTI,Consumidor Especial,SUL,40.2,21.181539
,2023-08-09,77141,MANOEL MARCHETTI,Consumidor Especial,SUL,40.2,20.736816
,2023-08-10,77141,MANOEL MARCHETTI,Consumidor Especial,SUL,40.2,19.23669
,2023-08-11,77141,MANOEL MARCHETTI,Consumidor Especial,SUL,40.2,19.642861
,2023-08-12,77141,MANOEL MARCHETTI,Consumidor Especial,SUL,40.2,6.472959
,2023-08-13,77141,MANOEL MARCHETTI,Consumidor Especial,SUL,40.2,6.035631
,2023-08-14,77141,MANOEL MARCHETTI,Consumidor Especial,SUL,40.2,20.097095
,2023-08-15,77141,MANOEL MARCHETTI,Consumidor Especial,SUL,40.2,20.738874
,2023-08-16,77141,MANOEL MARCHETTI,Consumidor Especial,SUL,40.2,22.137686
,2023-08-17,77141,MANOEL MARCHETTI,Consumidor Especial,SUL,40.2,21.052698
,2023-08-18,77141,MANOEL MARCHETTI,Consumidor Especial,SUL,40.2,20.604505
,2023-08-19,77141,MANOEL MARCHETTI,Consumidor Especial,SUL,40.2,8.366143000000001
,2023-08-20,77141,MANOEL MARCHETTI,Consumidor Especial,SUL,40.2,7.169534
,2023-08-21,77141,MANOEL MARCHETTI,Consumidor Especial,SUL,40.2,21.442348
,2023-08-22,77141,MANOEL MARCHETTI,Consumidor Especial,SUL,40.2,21.460855
,2023-08-23,77141,MANOEL MARCHETTI,Consumidor Especial,SUL,40.2,21.380576
,2023-08-24,77141,MANOEL MARCHETTI,Consumidor Especial,SUL,40.2,22.138161
,2023-08-25,77141,MANOEL MARCHETTI,Consumidor Especial,SUL,40.2,19.727425
,2023-08-26,77141,MANOEL MARCHETTI,Consumidor Especial,SUL,40.2,10.035199
,2023-08-27,77141,MANOEL MARCHETTI,Consumidor Especial,SUL,40.2,8.189527
,2023-08-28,77141,MANOEL MARCHETTI,Consumidor Especial,SUL,40.2,22.702524
,2023-08-29,77141,MANOEL MARCHETTI,Consumidor Especial,SUL,40.2,22.171512
,2023-08-30,77141,MANOEL MARCHETTI,Consumidor Especial,SUL,40.2,21.915142
,2023-08-31,77141,MANOEL MARCHETTI,Consumidor Especial,SUL,40.2,21.189053
,2023-09-01,77141,MANOEL MARCHETTI,Consumidor Especial,SUL,40.2,21.88366
,2023-09-02,77141,MANOEL MARCHETTI,Consumidor Especial,SUL,40.2,9.583824
,2023-09-03,77141,MANOEL MARCHETTI,Consumidor Especial,SUL,40.2,8.46429
,2023-09-04,77141,MANOEL MARCHETTI,Consumidor Especial,SUL,40.2,20.377993
,2023-09-05,77141,MANOEL MARCHETTI,Consumidor Especial,SUL,40.2,20.001389
,2023-09-06,77141,MANOEL MARCHETTI,Consumidor Especial,SUL,40.2,21.482813
,2023-09-07,77141,MANOEL MARCHETTI,Consumidor Especial,SUL,40.2,9.196321
,2023-09-08,77141,MANOEL MARCHETTI,Consumidor Especial,SUL,40.2,20.952059
,2023-09-09,77141,MANOEL MARCHETTI,Consumidor Especial,SUL,40.2,8.979902000000001
,2023-09-10,77141,MANOEL MARCHETTI,Consumidor Especial,SUL,40.2,7.879263
,2023-09-11,77141,MANOEL MARCHETTI,Consumidor Especial,SUL,40.2,20.947954
,2023-09-12,77141,MANOEL MARCHETTI,Consumidor Especial,SUL,40.2,19.848853
,2023-09-13,77141,MANOEL MARCHETTI,Consumidor Especial,SUL,40.2,19.10799
,2023-09-14,77141,MANOEL MARCHETTI,Consumidor Especial,SUL,40.2,20.768922
,2023-09-15,77141,MANOEL MARCHETTI,Consumidor Especial,SUL,40.2,21.256838
,2023-09-16,77141,MANOEL MARCHETTI,Consumidor Especial,SUL,40.2,9.023312
,2023-09-17,77141,MANOEL MARCHETTI,Consumidor Especial,SUL,40.2,8.095348
,2023-09-18,77141,MANOEL MARCHETTI,Consumidor Especial,SUL,40.2,21.2563
,2023-09-19,77141,MANOEL MARCHETTI,Consumidor Especial,SUL,40.2,19.942049
,2023-09-20,77141,MANOEL MARCHETTI,Consumidor Especial,SUL,40.2,21.173613
,2023-09-21,77141,MANOEL MARCHETTI,Consumidor Especial,SUL,40.2,20.483538
,2023-09-22,77141,MANOEL MARCHETTI,Consumidor Especial,SUL,40.2,18.690015
,2023-09-23,77141,MANOEL MARCHETTI,Consumidor Especial,SUL,40.2,9.916975
,2023-09-24,77141,MANOEL MARCHETTI,Consumidor Especial,SUL,40.2,7.321802
,2023-09-25,77141,MANOEL MARCHETTI,Consumidor Especial,SUL,40.2,19.514784
,2023-09-26,77141,MANOEL MARCHETTI,Consumidor Especial,SUL,40.2,20.729025
,2023-09-27,77141,MANOEL MARCHETTI,Consumidor Especial,SUL,40.2,21.524566
,2023-09-28,77141,MANOEL MARCHETTI,Consumidor Especial,SUL,40.2,22.029671
,2023-09-29,77141,MANOEL MARCHETTI,Consumidor Especial,SUL,40.2,20.789486
,2023-09-30,77141,MANOEL MARCHETTI,Consumidor Especial,SUL,40.2,9.807196
,2023-10-01,77141,MANOEL MARCHETTI,Consumidor Especial,SUL,40.2,7.696538
,2023-10-02,77141,MANOEL MARCHETTI,Consumidor Especial,SUL,40.2,19.100774
,2023-10-03,77141,MANOEL MARCHETTI,Consumidor Especial,SUL,40.2,19.180921
,2023-10-04,77141,MANOEL MARCHETTI,Consumidor Especial,SUL,40.2,19.377762
,2023-10-05,77141,MANOEL MARCHETTI,Consumidor Especial,SUL,40.2,19.296324
,2023-10-06,77141,MANOEL MARCHETTI,Consumidor Especial,SUL,40.2,19.711293
,2023-10-07,77141,MANOEL MARCHETTI,Consumidor Especial,SUL,40.2,8.71691
,2023-10-08,77141,MANOEL MARCHETTI,Consumidor Especial,SUL,40.2,7.113659
,2023-10-09,77141,MANOEL MARCHETTI,Consumidor Especial,SUL,40.2,19.343212
,2023-10-10,77141,MANOEL MARCHETTI,Consumidor Especial,SUL,40.2,21.585884
,2023-10-11,77141,MANOEL MARCHETTI,Consumidor Especial,SUL,40.2,20.295426
,2023-10-12,77141,MANOEL MARCHETTI,Consumidor Especial,SUL,40.2,8.071137
,2023-10-13,77141,MANOEL MARCHETTI,Consumidor Especial,SUL,40.2,19.916278
,2023-10-14,77141,MANOEL MARCHETTI,Consumidor Especial,SUL,40.2,6.183782
,2023-10-15,77141,MANOEL MARCHETTI,Consumidor Especial,SUL,40.2,6.484172
,2023-10-16,77141,MANOEL MARCHETTI,Consumidor Especial,SUL,40.2,19.111041
,2023-10-17,77141,MANOEL MARCHETTI,Consumidor Especial,SUL,40.2,20.045217
,2023-10-18,77141,MANOEL MARCHETTI,Consumidor Especial,SUL,40.2,20.011125
,2023-10-19,77141,MANOEL MARCHETTI,Consumidor Especial,SUL,40.2,20.498589
,2023-10-20,77141,MANOEL MARCHETTI,Consumidor Especial,SUL,40.2,19.902635
,2023-10-21,77141,MANOEL MARCHETTI,Consumidor Especial,SUL,40.2,9.008268
,2023-10-22,77141,MANOEL MARCHETTI,Consumidor Especial,SUL,40.2,7.062204
,2023-10-23,77141,MANOEL MARCHETTI,Consumidor Especial,SUL,40.2,20.093807
,2023-10-24,77141,MANOEL MARCHETTI,Consumidor Especial,SUL,40.2,20.903255
,2023-10-25,77141,MANOEL MARCHETTI,Consumidor Especial,SUL,40.2,20.606141
,2023-10-26,77141,MANOEL MARCHETTI,Consumidor Especial,SUL,40.2,20.910798
,2023-10-27,77141,MANOEL MARCHETTI,Consumidor Especial,SUL,40.2,20.947836
,2023-10-28,77141,MANOEL MARCHETTI,Consumidor Especial,SUL,40.2,8.918769
,2023-10-29,77141,MANOEL MARCHETTI,Consumidor Especial,SUL,40.2,7.305487
,2023-10-30,77141,MANOEL MARCHETTI,Consumidor Especial,SUL,40.2,20.326746
,2023-10-31,77141,MANOEL MARCHETTI,Consumidor Especial,SUL,40.2,19.636831
,2023-11-01,77141,MANOEL MARCHETTI,Consumidor Especial,SUL,40.2,21.844209
,2023-11-02,77141,MANOEL MARCHETTI,Consumidor Especial,SUL,40.2,7.303865
,2023-11-03,77141,MANOEL MARCHETTI,Consumidor Especial,SUL,40.2,20.453703
,2023-11-04,77141,MANOEL MARCHETTI,Consumidor Especial,SUL,40.2,6.782857
,2023-11-05,77141,MANOEL MARCHETTI,Consumidor Especial,SUL,40.2,6.954492
,2023-11-06,77141,MANOEL MARCHETTI,Consumidor Especial,SUL,40.2,20.992564
,2023-11-07,77141,MANOEL MARCHETTI,Consumidor Especial,SUL,40.2,19.480953
,2023-11-08,77141,MANOEL MARCHETTI,Consumidor Especial,SUL,40.2,19.428127
,2023-11-09,77141,MANOEL MARCHETTI,Consumidor Especial,SUL,40.2,21.804083
,2023-11-10,77141,MANOEL MARCHETTI,Consumidor Especial,SUL,40.2,23.377425
,2023-11-11,77141,MANOEL MARCHETTI,Consumidor Especial,SUL,40.2,9.990632
,2023-11-12,77141,MANOEL MARCHETTI,Consumidor Especial,SUL,40.2,8.086054
,2023-11-13,77141,MANOEL MARCHETTI,Consumidor Especial,SUL,40.2,20.955477
,2023-11-14,77141,MANOEL MARCHETTI,Consumidor Especial,SUL,40.2,20.95484
,2023-11-15,77141,MANOEL MARCHETTI,Consumidor Especial,SUL,40.2,8.669777
,2023-11-16,77141,MANOEL MARCHETTI,Consumidor Especial,SUL,40.2,18.160121
,2023-11-17,77141,MANOEL MARCHETTI,Consumidor Especial,SUL,40.2,17.223538
,2023-11-18,77141,MANOEL MARCHETTI,Consumidor Especial,SUL,40.2,7.849925
,2023-11-19,77141,MANOEL MARCHETTI,Consumidor Especial,SUL,40.2,7.249074
,2023-11-20,77141,MANOEL MARCHETTI,Consumidor Especial,SUL,40.2,21.188772
,2023-11-21,77141,MANOEL MARCHETTI,Consumidor Especial,SUL,40.2,21.068462
,2023-11-22,77141,MANOEL MARCHETTI,Consumidor Especial,SUL,40.2,20.804041
,2023-11-23,77141,MANOEL MARCHETTI,Consumidor Especial,SUL,40.2,22.201314
,2023-11-24,77141,MANOEL MARCHETTI,Consumidor Especial,SUL,40.2,21.601161
,2023-11-25,77141,MANOEL MARCHETTI,Consumidor Especial,SUL,40.2,10.233659
,2023-11-26,77141,MANOEL MARCHETTI,Consumidor Especial,SUL,40.2,7.271697
,2023-11-27,77141,MANOEL MARCHETTI,Consumidor Especial,SUL,40.2,20.810173
,2023-11-28,77141,MANOEL MARCHETTI,Consumidor Especial,SUL,40.2,21.155322
,2023-11-29,77141,MANOEL MARCHETTI,Consumidor Especial,SUL,40.2,20.247688
,2023-11-30,77141,MANOEL MARCHETTI,Consumidor Especial,SUL,40.2,20.408214
,2023-12-01,77141,MANOEL MARCHETTI,Consumidor Especial,SUL,40.2,21.791595
,2023-12-02,77141,MANOEL MARCHETTI,Consumidor Especial,SUL,40.2,9.813283
,2023-12-03,77141,MANOEL MARCHETTI,Consumidor Especial,SUL,40.2,7.65637
,2023-12-04,77141,MANOEL MARCHETTI,Consumidor Especial,SUL,40.2,20.602526
,2023-12-05,77141,MANOEL MARCHETTI,Consumidor Especial,SUL,40.2,22.177079
,2023-12-06,77141,MANOEL MARCHETTI,Consumidor Especial,SUL,40.2,20.955786
,2023-12-07,77141,MANOEL MARCHETTI,Consumidor Especial,SUL,40.2,20.56896
,2023-12-08,77141,MANOEL MARCHETTI,Consumidor Especial,SUL,40.2,20.96014
,2023-12-09,77141,MANOEL MARCHETTI,Consumidor Especial,SUL,40.2,10.578663
,2023-12-10,77141,MANOEL MARCHETTI,Consumidor Especial,SUL,40.2,7.83962
,2023-12-11,77141,MANOEL MARCHETTI,Consumidor Especial,SUL,40.2,22.167682
,2023-12-12,77141,MANOEL MARCHETTI,Consumidor Especial,SUL,40.2,21.20643
,2023-12-13,77141,MANOEL MARCHETTI,Consumidor Especial,SUL,40.2,22.388023
,2023-12-14,77141,MANOEL MARCHETTI,Consumidor Especial,SUL,40.2,22.230605
,2023-12-15,77141,MANOEL MARCHETTI,Consumidor Especial,SUL,40.2,22.74856
,2023-12-16,77141,MANOEL MARCHETTI,Consumidor Especial,SUL,40.2,10.848326
,2023-12-17,77141,MANOEL MARCHETTI,Consumidor Especial,SUL,40.2,8.4748
,2023-12-18,77141,MANOEL MARCHETTI,Consumidor Especial,SUL,40.2,22.022254
,2023-12-19,77141,MANOEL MARCHETTI,Consumidor Especial,SUL,40.2,19.20498
,2023-12-20,77141,MANOEL MARCHETTI,Consumidor Especial,SUL,40.2,14.220379
,2023-12-21,77141,MANOEL MARCHETTI,Consumidor Especial,SUL,40.2,6.230183
,2023-12-22,77141,MANOEL MARCHETTI,Consumidor Especial,SUL,40.2,5.73288
,2023-12-23,77141,MANOEL MARCHETTI,Consumidor Especial,SUL,40.2,4.057244
,2023-12-24,77141,MANOEL MARCHETTI,Consumidor Especial,SUL,40.2,4.129275
,2023-12-25,77141,MANOEL MARCHETTI,Consumidor Especial,SUL,40.2,0.65381
,2023-12-26,77141,MANOEL MARCHETTI,Consumidor Especial,SUL,40.2,2.337531
,2023-12-27,77141,MANOEL MARCHETTI,Consumidor Especial,SUL,40.2,2.188715
,2023-12-28,77141,MANOEL MARCHETTI,Consumidor Especial,SUL,40.2,2.220192
,2023-12-29,77141,MANOEL MARCHETTI,Consumidor Especial,SUL,40.2,2.083255
,2023-12-30,77141,MANOEL MARCHETTI,Consumidor Especial,SUL,40.2,1.211539
,2023-12-31,77141,MANOEL MARCHETTI,Consumidor Especial,SUL,40.2,0.622738
,2024-01-01,77141,MANOEL MARCHETTI,Consumidor Especial,SUL,40.2,0.621824
,2024-01-02,77141,MANOEL MARCHETTI,Consumidor Especial,SUL,40.2,2.237893
,2024-01-03,77141,MANOEL MARCHETTI,Consumidor Especial,SUL,40.2,2.261888
,2024-01-04,77141,MANOEL MARCHETTI,Consumidor Especial,SUL,40.2,2.407652
,2024-01-05,77141,MANOEL MARCHETTI,Consumidor Especial,SUL,40.2,2.491278
,2024-01-06,77141,MANOEL MARCHETTI,Consumidor Especial,SUL,40.2,1.154631
,2024-01-07,77141,MANOEL MARCHETTI,Consumidor Especial,SUL,40.2,1.034605
,2024-01-08,77141,MANOEL MARCHETTI,Consumidor Especial,SUL,40.2,13.234245
,2024-01-09,77141,MANOEL MARCHETTI,Consumidor Especial,SUL,40.2,16.562768
,2024-01-10,77141,MANOEL MARCHETTI,Consumidor Especial,SUL,40.2,15.792276
,2024-01-11,77141,MANOEL MARCHETTI,Consumidor Especial,SUL,40.2,17.191928
,2024-01-12,77141,MANOEL MARCHETTI,Consumidor Especial,SUL,40.2,17.099241
,2024-01-13,77141,MANOEL MARCHETTI,Consumidor Especial,SUL,40.2,6.016211
,2024-01-14,77141,MANOEL MARCHETTI,Consumidor Especial,SUL,40.2,3.774062
,2024-01-15,77141,MANOEL MARCHETTI,Consumidor Especial,SUL,40.2,17.588506
,2024-01-16,77141,MANOEL MARCHETTI,Consumidor Especial,SUL,40.2,20.365814
,2024-01-17,77141,MANOEL MARCHETTI,Consumidor Especial,SUL,40.2,18.98775
,2024-01-18,77141,MANOEL MARCHETTI,Consumidor Especial,SUL,40.2,20.690259
,2024-01-19,77141,MANOEL MARCHETTI,Consumidor Especial,SUL,40.2,19.863786
,2024-01-20,77141,MANOEL MARCHETTI,Consumidor Especial,SUL,40.2,9.313435
,2024-01-21,77141,MANOEL MARCHETTI,Consumidor Especial,SUL,40.2,6.987815
,2024-01-22,77141,MANOEL MARCHETTI,Consumidor Especial,SUL,40.2,20.230099
,2024-01-23,77141,MANOEL MARCHETTI,Consumidor Especial,SUL,40.2,18.307282
,2024-01-24,77141,MANOEL MARCHETTI,Consumidor Especial,SUL,40.2,19.274255
,2024-01-25,77141,MANOEL MARCHETTI,Consumidor Especial,SUL,40.2,20.453692
,2024-01-26,77141,MANOEL MARCHETTI,Consumidor Especial,SUL,40.2,20.113505
,2024-01-27,77141,MANOEL MARCHETTI,Consumidor Especial,SUL,40.2,9.423859
,2024-01-28,77141,MANOEL MARCHETTI,Consumidor Especial,SUL,40.2,7.067498
,2024-01-29,77141,MANOEL MARCHETTI,Consumidor Especial,SUL,40.2,19.9327
,2024-01-30,77141,MANOEL MARCHETTI,Consumidor Especial,SUL,40.2,20.036036
,2024-01-31,77141,MANOEL MARCHETTI,Consumidor Especial,SUL,40.2,19.656328
,2024-02-01,77141,MANOEL MARCHETTI,Consumidor Especial,SUL,40.2,20.516653
,2024-02-02,77141,MANOEL MARCHETTI,Consumidor Especial,SUL,40.2,20.616732
,2024-02-03,77141,MANOEL MARCHETTI,Consumidor Especial,SUL,40.2,8.123751
,2024-02-04,77141,MANOEL MARCHETTI,Consumidor Especial,SUL,40.2,7.762376
,2024-02-05,77141,MANOEL MARCHETTI,Consumidor Especial,SUL,40.2,20.32846
,2024-02-06,77141,MANOEL MARCHETTI,Consumidor Especial,SUL,40.2,20.257247
,2024-02-07,77141,MANOEL MARCHETTI,Consumidor Especial,SUL,40.2,20.718859
,2024-02-08,77141,MANOEL MARCHETTI,Consumidor Especial,SUL,40.2,19.334002
,2024-02-09,77141,MANOEL MARCHETTI,Consumidor Especial,SUL,40.2,20.154998
,2024-02-10,77141,MANOEL MARCHETTI,Consumidor Especial,SUL,40.2,9.201626
,2024-02-11,77141,MANOEL MARCHETTI,Consumidor Especial,SUL,40.2,7.714121
,2024-02-12,77141,MANOEL MARCHETTI,Consumidor Especial,SUL,40.2,20.648184
,2024-02-13,77141,MANOEL MARCHETTI,Consumidor Especial,SUL,40.2,21.277978
,2024-02-14,77141,MANOEL MARCHETTI,Consumidor Especial,SUL,40.2,20.491066
,2024-02-15,77141,MANOEL MARCHETTI,Consumidor Especial,SUL,40.2,21.383857
,2024-02-16,77141,MANOEL MARCHETTI,Consumidor Especial,SUL,40.2,18.272694
,2024-02-17,77141,MANOEL MARCHETTI,Consumidor Especial,SUL,40.2,10.686829
,2024-02-18,77141,MANOEL MARCHETTI,Consumidor Especial,SUL,40.2,8.857017
,2024-02-19,77141,MANOEL MARCHETTI,Consumidor Especial,SUL,40.2,21.481498
,2024-02-20,77141,MANOEL MARCHETTI,Consumidor Especial,SUL,40.2,23.692678
,2024-02-21,77141,MANOEL MARCHETTI,Consumidor Especial,SUL,40.2,22.068334
,2024-02-22,77141,MANOEL MARCHETTI,Consumidor Especial,SUL,40.2,22.96536
,2024-02-23,77141,MANOEL MARCHETTI,Consumidor Especial,SUL,40.2,22.793825
,2024-02-24,77141,MANOEL MARCHETTI,Consumidor Especial,SUL,40.2,12.011112
,2024-02-25,77141,MANOEL MARCHETTI,Consumidor Especial,SUL,40.2,7.25983
,2024-02-26,77141,MANOEL MARCHETTI,Consumidor Especial,SUL,40.2,21.614
,2024-02-27,77141,MANOEL MARCHETTI,Consumidor Especial,SUL,40.2,22.606229
,2024-02-28,77141,MANOEL MARCHETTI,Consumidor Especial,SUL,40.2,23.112043
,2024-02-29,77141,MANOEL MARCHETTI,Consumidor Especial,SUL,40.2,22.015347
202403.0,2024-03-01,77141,MANOEL MARCHETTI,Consumidor Especial,SUL,40.2,23.138022
202403.0,2024-03-02,77141,MANOEL MARCHETTI,Consumidor Especial,SUL,40.2,9.808081
202403.0,2024-03-03,77141,MANOEL MARCHETTI,Consumidor Especial,SUL,40.2,7.845463
202403.0,2024-03-04,77141,MANOEL MARCHETTI,Consumidor Especial,SUL,40.2,20.690912
202403.0,2024-03-05,77141,MANOEL MARCHETTI,Consumidor Especial,SUL,40.2,21.855493
202403.0,2024-03-06,77141,MANOEL MARCHETTI,Consumidor Especial,SUL,40.2,21.034149
202403.0,2024-03-07,77141,MANOEL MARCHETTI,Consumidor Especial,SUL,40.2,21.228408
202403.0,2024-03-08,77141,MANOEL MARCHETTI,Consumidor Especial,SUL,40.2,20.921159
202403.0,2024-03-09,77141,MANOEL MARCHETTI,Consumidor Especial,SUL,40.2,8.697676
202403.0,2024-03-10,77141,MANOEL MARCHETTI,Consumidor Especial,SUL,40.2,7.028166
202403.0,2024-03-11,77141,MANOEL MARCHETTI,Consumidor Especial,SUL,40.2,6.125077
202403.0,2024-03-12,77141,MANOEL MARCHETTI,Consumidor Especial,SUL,40.2,19.829897
202403.0,2024-03-13,77141,MANOEL MARCHETTI,Consumidor Especial,SUL,40.2,20.7024
202403.0,2024-03-14,77141,MANOEL MARCHETTI,Consumidor Especial,SUL,40.2,18.916539
202403.0,2024-03-15,77141,MANOEL MARCHETTI,Consumidor Especial,SUL,40.2,19.047073
202403.0,2024-03-16,77141,MANOEL MARCHETTI,Consumidor Especial,SUL,40.2,7.861334
202403.0,2024-03-17,77141,MANOEL MARCHETTI,Consumidor Especial,SUL,40.2,5.283468
202403.0,2024-03-18,77141,MANOEL MARCHETTI,Consumidor Especial,SUL,40.2,19.950323
202403.0,2024-03-19,77141,MANOEL MARCHETTI,Consumidor Especial,SUL,40.2,19.828797
202403.0,2024-03-20,77141,MANOEL MARCHETTI,Consumidor Especial,SUL,40.2,20.415043
202403.0,2024-03-21,77141,MANOEL MARCHETTI,Consumidor Especial,SUL,40.2,19.845452
202403.0,2024-03-22,77141,MANOEL MARCHETTI,Consumidor Especial,SUL,40.2,19.047932
202403.0,2024-03-23,77141,MANOEL MARCHETTI,Consumidor Especial,SUL,40.2,6.581985
202403.0,2024-03-24,77141,MANOEL MARCHETTI,Consumidor Especial,SUL,40.2,4.879267
202403.0,2024-03-25,77141,MANOEL MARCHETTI,Consumidor Especial,SUL,40.2,17.777464
202403.0,2024-03-26,77141,MANOEL MARCHETTI,Consumidor Especial,SUL,40.2,18.262355
202403.0,2024-03-27,77141,MANOEL MARCHETTI,Consumidor Especial,SUL,40.2,18.045326
202403.0,2024-03-28,77141,MANOEL MARCHETTI,Consumidor Especial,SUL,40.2,20.65295
202403.0,2024-03-29,77141,MANOEL MARCHETTI,Consumidor Especial,SUL,40.2,6.402851
202403.0,2024-03-30,77141,MANOEL MARCHETTI,Consumidor Especial,SUL,40.2,5.6942260000000005
202403.0,2024-03-31,77141,MANOEL MARCHETTI,Consumidor Especial,SUL,40.2,5.384307
202404.0,2024-04-01,77141,MANOEL MARCHETTI,Consumidor Especial,SUL,40.2,19.194944
202404.0,2024-04-02,77141,MANOEL MARCHETTI,Consumidor Especial,SUL,40.2,17.936124
202404.0,2024-04-03,77141,MANOEL MARCHETTI,Consumidor Especial,SUL,40.2,16.708871
202404.0,2024-04-04,77141,MANOEL MARCHETTI,Consumidor Especial,SUL,40.2,17.245354
202404.0,2024-04-05,77141,MANOEL MARCHETTI,Consumidor Especial,SUL,40.2,17.855841
202404.0,2024-04-06,77141,MANOEL MARCHETTI,Consumidor Especial,SUL,40.2,5.333923
202404.0,2024-04-07,77141,MANOEL MARCHETTI,Consumidor Especial,SUL,40.2,3.974895
202404.0,2024-04-08,77141,MANOEL MARCHETTI,Consumidor Especial,SUL,40.2,17.260523
202404.0,2024-04-09,77141,MANOEL MARCHETTI,Consumidor Especial,SUL,40.2,17.940186
202404.0,2024-04-10,77141,MANOEL MARCHETTI,Consumidor Especial,SUL,40.2,15.985396
202404.0,2024-04-11,77141,MANOEL MARCHETTI,Consumidor Especial,SUL,40.2,17.43726
202404.0,2024-04-12,77141,MANOEL MARCHETTI,Consumidor Especial,SUL,40.2,18.76917
202404.0,2024-04-13,77141,MANOEL MARCHETTI,Consumidor Especial,SUL,40.2,8.952435
202404.0,2024-04-14,77141,MANOEL MARCHETTI,Consumidor Especial,SUL,40.2,7.313744
202404.0,2024-04-15,77141,MANOEL MARCHETTI,Consumidor Especial,SUL,40.2,18.719024
202404.0,2024-04-16,77141,MANOEL MARCHETTI,Consumidor Especial,SUL,40.2,19.720267
202404.0,2024-04-17,77141,MANOEL MARCHETTI,Consumidor Especial,SUL,40.2,20.739182
202404.0,2024-04-18,77141,MANOEL MARCHETTI,Consumidor Especial,SUL,40.2,19.506656
202404.0,2024-04-19,77141,MANOEL MARCHETTI,Consumidor Especial,SUL,40.2,19.416178
202404.0,2024-04-20,77141,MANOEL MARCHETTI,Consumidor Especial,SUL,40.2,10.241712
202404.0,2024-04-21,77141,MANOEL MARCHETTI,Consumidor Especial,SUL,40.2,8.359969
202404.0,2024-04-22,77141,MANOEL MARCHETTI,Consumidor Especial,SUL,40.2,19.860512
202404.0,2024-04-23,77141,MANOEL MARCHETTI,Consumidor Especial,SUL,40.2,21.372999
202404.0,2024-04-24,77141,MANOEL MARCHETTI,Consumidor Especial,SUL,40.2,21.678328
202404.0,2024-04-25,77141,MANOEL MARCHETTI,Consumidor Especial,SUL,40.2,21.089478
202404.0,2024-04-26,77141,MANOEL MARCHETTI,Consumidor Especial,SUL,40.2,21.707223
202404.0,2024-04-27,77141,MANOEL MARCHETTI,Consumidor Especial,SUL,40.2,10.585868
202404.0,2024-04-28,77141,MANOEL MARCHETTI,Consumidor Especial,SUL,40.2,8.196698
202404.0,2024-04-29,77141,MANOEL MARCHETTI,Consumidor Especial,SUL,40.2,22.048687
202404.0,2024-04-30,77141,MANOEL MARCHETTI,Consumidor Especial,SUL,40.2,21.446423
202405.0,2024-05-01,77141,MANOEL MARCHETTI,Consumidor Especial,SUL,40.2,8.339684
202405.0,2024-05-02,77141,MANOEL MARCHETTI,Consumidor Especial,SUL,40.2,19.619838
202405.0,2024-05-03,77141,MANOEL MARCHETTI,Consumidor Especial,SUL,40.2,18.727294
202405.0,2024-05-04,77141,MANOEL MARCHETTI,Consumidor Especial,SUL,40.2,9.669895
202405.0,2024-05-05,77141,MANOEL MARCHETTI,Consumidor Especial,SUL,40.2,8.838693
202405.0,2024-05-06,77141,MANOEL MARCHETTI,Consumidor Especial,SUL,40.2,18.656349
202405.0,2024-05-07,77141,MANOEL MARCHETTI,Consumidor Especial,SUL,40.2,20.311717
202405.0,2024-05-08,77141,MANOEL MARCHETTI,Consumidor Especial,SUL,40.2,20.268675
202405.0,2024-05-09,77141,MANOEL MARCHETTI,Consumidor Especial,SUL,40.2,20.77603
202405.0,2024-05-10,77141,MANOEL MARCHETTI,Consumidor Especial,SUL,40.2,21.189806
202405.0,2024-05-11,77141,MANOEL MARCHETTI,Consumidor Especial,SUL,40.2,9.125411
202405.0,2024-05-12,77141,MANOEL MARCHETTI,Consumidor Especial,SUL,40.2,6.055267
202405.0,2024-05-13,77141,MANOEL MARCHETTI,Consumidor Especial,SUL,40.2,18.814748
202405.0,2024-05-14,77141,MANOEL MARCHETTI,Consumidor Especial,SUL,40.2,18.555804
202405.0,2024-05-15,77141,MANOEL MARCHETTI,Consumidor Especial,SUL,40.2,18.862854
202405.0,2024-05-16,77141,MANOEL MARCHETTI,Consumidor Especial,SUL,40.2,19.916375
202405.0,2024-05-17,77141,MANOEL MARCHETTI,Consumidor Especial,SUL,40.2,20.378209
202405.0,2024-05-18,77141,MANOEL MARCHETTI,Consumidor Especial,SUL,40.2,11.525947
202405.0,2024-05-19,77141,MANOEL MARCHETTI,Consumidor Especial,SUL,40.2,8.159638000000001
202405.0,2024-05-20,77141,MANOEL MARCHETTI,Consumidor Especial,SUL,40.2,21.08529
202405.0,2024-05-21,77141,MANOEL MARCHETTI,Consumidor Especial,SUL,40.2,21.162637
202405.0,2024-05-22,77141,MANOEL MARCHETTI,Consumidor Especial,SUL,40.2,20.478011
202405.0,2024-05-23,77141,MANOEL MARCHETTI,Consumidor Especial,SUL,40.2,20.529274
202405.0,2024-05-24,77141,MANOEL MARCHETTI,Consumidor Especial,SUL,40.2,21.056837
202405.0,2024-05-25,77141,MANOEL MARCHETTI,Consumidor Especial,SUL,40.2,9.83861
202405.0,2024-05-26,77141,MANOEL MARCHETTI,Consumidor Especial,SUL,40.2,8.19157
202405.0,2024-05-27,77141,MANOEL MARCHETTI,Consumidor Especial,SUL,40.2,20.481449
202405.0,2024-05-28,77141,MANOEL MARCHETTI,Consumidor Especial,SUL,40.2,20.462796
202405.0,2024-05-29,77141,MANOEL MARCHETTI,Consumidor Especial,SUL,40.2,20.408348
202405.0,2024-05-30,77141,MANOEL MARCHETTI,Consumidor Especial,SUL,40.2,9.547859
202405.0,2024-05-31,77141,MANOEL MARCHETTI,Consumidor Especial,SUL,40.2,19.614976
202406.0,2024-06-01,77141,MANOEL MARCHETTI,Consumidor Especial,SUL,40.2,8.950508
202406.0,2024-06-02,77141,MANOEL MARCHETTI,Consumidor Especial,SUL,40.2,7.741326
202406.0,2024-06-03,77141,MANOEL MARCHETTI,Consumidor Especial,SUL,40.2,18.36769
202406.0,2024-06-04,77141,MANOEL MARCHETTI,Consumidor Especial,SUL,40.2,17.868584000000002
202406.0,2024-06-05,77141,MANOEL MARCHETTI,Consumidor Especial,SUL,40.2,18.948087
202406.0,2024-06-06,77141,MANOEL MARCHETTI,Consumidor Especial,SUL,40.2,19.890728
202406.0,2024-06-07,77141,MANOEL MARCHETTI,Consumidor Especial,SUL,40.2,19.751798
202406.0,2024-06-08,77141,MANOEL MARCHETTI,Consumidor Especial,SUL,40.2,10.253828
202406.0,2024-06-09,77141,MANOEL MARCHETTI,Consumidor Especial,SUL,40.2,9.154304
202406.0,2024-06-10,77141,MANOEL MARCHETTI,Consumidor Especial,SUL,40.2,19.691822
202406.0,2024-06-11,77141,MANOEL MARCHETTI,Consumidor Especial,SUL,40.2,20.195719
202406.0,2024-06-12,77141,MANOEL MARCHETTI,Consumidor Especial,SUL,40.2,20.603956
202406.0,2024-06-13,77141,MANOEL MARCHETTI,Consumidor Especial,SUL,40.2,20.989248
202406.0,2024-06-14,77141,MANOEL MARCHETTI,Consumidor Especial,SUL,40.2,21.057963
202406.0,2024-06-15,77141,MANOEL MARCHETTI,Consumidor Especial,SUL,40.2,12.205142
202406.0,2024-06-16,77141,MANOEL MARCHETTI,Consumidor Especial,SUL,40.2,9.123739
202406.0,2024-06-17,77141,MANOEL MARCHETTI,Consumidor Especial,SUL,40.2,20.123607
202406.0,2024-06-18,77141,MANOEL MARCHETTI,Consumidor Especial,SUL,40.2,19.473516
202406.0,2024-06-19,77141,MANOEL MARCHETTI,Consumidor Especial,SUL,40.2,20.36477
202406.0,2024-06-20,77141,MANOEL MARCHETTI,Consumidor Especial,SUL,40.2,19.09723
202406.0,2024-06-21,77141,MANOEL MARCHETTI,Consumidor Especial,SUL,40.2,21.032168
202406.0,2024-06-22,77141,MANOEL MARCHETTI,Consumidor Especial,SUL,40.2,11.694141
202406.0,2024-06-23,77141,MANOEL MARCHETTI,Consumidor Especial,SUL,40.2,6.636681
202406.0,2024-06-24,77141,MANOEL MARCHETTI,Consumidor Especial,SUL,40.2,19.621638
202406.0,2024-06-25,77141,MANOEL MARCHETTI,Consumidor Especial,SUL,40.2,21.53051
202406.0,2024-06-26,77141,MANOEL MARCHETTI,Consumidor Especial,SUL,40.2,21.075971
202406.0,2024-06-27,77141,MANOEL MARCHETTI,Consumidor Especial,SUL,40.2,20.813113
202406.0,2024-06-28,77141,MANOEL MARCHETTI,Consumidor Especial,SUL,40.2,22.097551
202406.0,2024-06-29,77141,MANOEL MARCHETTI,Consumidor Especial,SUL,40.2,11.013729
202406.0,2024-06-30,77141,MANOEL MARCHETTI,Consumidor Especial,SUL,40.2,7.319159
202407.0,2024-07-01,77141,MANOEL MARCHETTI,Consumidor Especial,SUL,40.2,17.511034
202407.0,2024-07-02,77141,MANOEL MARCHETTI,Consumidor Especial,SUL,40.2,16.147297000000002
202407.0,2024-07-03,77141,MANOEL MARCHETTI,Consumidor Especial,SUL,40.2,17.062601
202407.0,2024-07-04,77141,MANOEL MARCHETTI,Consumidor Especial,SUL,40.2,18.046544
202407.0,2024-07-05,77141,MANOEL MARCHETTI,Consumidor Especial,SUL,40.2,18.753163
202407.0,2024-07-06,77141,MANOEL MARCHETTI,Consumidor Especial,SUL,40.2,10.766698
202407.0,2024-07-07,77141,MANOEL MARCHETTI,Consumidor Especial,SUL,40.2,9.360401
202407.0,2024-07-08,77141,MANOEL MARCHETTI,Consumidor Especial,SUL,40.2,17.517763
202407.0,2024-07-09,77141,MANOEL MARCHETTI,Consumidor Especial,SUL,40.2,17.136621
202407.0,2024-07-10,77141,MANOEL MARCHETTI,Consumidor Especial,SUL,40.2,16.730667
202407.0,2024-07-11,77141,MANOEL MARCHETTI,Consumidor Especial,SUL,40.2,16.454150000000002
202407.0,2024-07-12,77141,MANOEL MARCHETTI,Consumidor Especial,SUL,40.2,18.742109
202407.0,2024-07-13,77141,MANOEL MARCHETTI,Consumidor Especial,SUL,40.2,10.839636
202407.0,2024-07-14,77141,MANOEL MARCHETTI,Consumidor Especial,SUL,40.2,8.030446
202407.0,2024-07-15,77141,MANOEL MARCHETTI,Consumidor Especial,SUL,40.2,17.343312
202407.0,2024-07-16,77141,MANOEL MARCHETTI,Consumidor Especial,SUL,40.2,16.033794
202407.0,2024-07-17,77141,MANOEL MARCHETTI,Consumidor Especial,SUL,40.2,16.229701
202407.0,2024-07-18,77141,MANOEL MARCHETTI,Consumidor Especial,SUL,40.2,17.418620999999998
202407.0,2024-07-19,77141,MANOEL MARCHETTI,Consumidor Especial,SUL,40.2,18.757614
202407.0,2024-07-20,77141,MANOEL MARCHETTI,Consumidor Especial,SUL,40.2,11.851524
202407.0,2024-07-21,77141,MANOEL MARCHETTI,Consumidor Especial,SUL,40.2,8.653847
202407.0,2024-07-22,77141,MANOEL MARCHETTI,Consumidor Especial,SUL,40.2,17.128466
202407.0,2024-07-23,77141,MANOEL MARCHETTI,Consumidor Especial,SUL,40.2,18.234986
202407.0,2024-07-24,77141,MANOEL MARCHETTI,Consumidor Especial,SUL,40.2,18.832307
202407.0,2024-07-25,77141,MANOEL MARCHETTI,Consumidor Especial,SUL,40.2,19.346845
202407.0,2024-07-26,77141,MANOEL MARCHETTI,Consumidor Especial,SUL,40.2,19.40654
202407.0,2024-07-27,77141,MANOEL MARCHETTI,Consumidor Especial,SUL,40.2,13.048038
202407.0,2024-07-28,77141,MANOEL MARCHETTI,Consumidor Especial,SUL,40.2,9.394516
202407.0,2024-07-29,77141,MANOEL MARCHETTI,Consumidor Especial,SUL,40.2,19.505516
202407.0,2024-07-30,77141,MANOEL MARCHETTI,Consumidor Especial,SUL,40.2,19.508217
202407.0,2024-07-31,77141,MANOEL MARCHETTI,Consumidor Especial,SUL,40.2,18.979016
202408.0,2024-08-01,77141,MANOEL MARCHETTI,Consumidor Especial,SUL,40.2,17.898438
202408.0,2024-08-02,77141,MANOEL MARCHETTI,Consumidor Especial,SUL,40.2,18.573298
202408.0,2024-08-03,77141,MANOEL MARCHETTI,Consumidor Especial,SUL,40.2,10.159929
202408.0,2024-08-04,77141,MANOEL MARCHETTI,Consumidor Especial,SUL,40.2,9.123315
202408.0,2024-08-05,77141,MANOEL MARCHETTI,Consumidor Especial,SUL,40.2,18.001027
202408.0,2024-08-06,77141,MANOEL MARCHETTI,Consumidor Especial,SUL,40.2,19.15218
202408.0,2024-08-07,77141,MANOEL MARCHETTI,Consumidor Especial,SUL,40.2,19.06012
202408.0,2024-08-08,77141,MANOEL MARCHETTI,Consumidor Especial,SUL,40.2,19.254677
202408.0,2024-08-09,77141,MANOEL MARCHETTI,Consumidor Especial,SUL,40.2,18.782904
202408.0,2024-08-10,77141,MANOEL MARCHETTI,Consumidor Especial,SUL,40.2,12.206971
202408.0,2024-08-11,77141,MANOEL MARCHETTI,Consumidor Especial,SUL,40.2,8.948071
202408.0,2024-08-12,77141,MANOEL MARCHETTI,Consumidor Especial,SUL,40.2,17.775077
202408.0,2024-08-13,77141,MANOEL MARCHETTI,Consumidor Especial,SUL,40.2,18.18272
202408.0,2024-08-14,77141,MANOEL MARCHETTI,Consumidor Especial,SUL,40.2,18.212282
202408.0,2024-08-15,77141,MANOEL MARCHETTI,Consumidor Especial,SUL,40.2,18.441031
202408.0,2024-08-16,77141,MANOEL MARCHETTI,Consumidor Especial,SUL,40.2,19.098635
202408.0,2024-08-17,77141,MANOEL MARCHETTI,Consumidor Especial,SUL,40.2,9.594323
202408.0,2024-08-18,77141,MANOEL MARCHETTI,Consumidor Especial,SUL,40.2,8.668659
202408.0,2024-08-19,77141,MANOEL MARCHETTI,Consumidor Especial,SUL,40.2,17.282749
202408.0,2024-08-20,77141,MANOEL MARCHETTI,Consumidor Especial,SUL,40.2,17.64285
202408.0,2024-08-21,77141,MANOEL MARCHETTI,Consumidor Especial,SUL,40.2,17.415548
202408.0,2024-08-22,77141,MANOEL MARCHETTI,Consumidor Especial,SUL,40.2,17.93847
202408.0,2024-08-23,77141,MANOEL MARCHETTI,Consumidor Especial,SUL,40.2,18.863048
202408.0,2024-08-24,77141,MANOEL MARCHETTI,Consumidor Especial,SUL,40.2,11.500297
202408.0,2024-08-25,77141,MANOEL MARCHETTI,Consumidor Especial,SUL,40.2,8.606032
202408.0,2024-08-26,77141,MANOEL MARCHETTI,Consumidor Especial,SUL,40.2,17.810964
202408.0,2024-08-27,77141,MANOEL MARCHETTI,Consumidor Especial,SUL,40.2,18.397475
202408.0,2024-08-28,77141,MANOEL MARCHETTI,Consumidor Especial,SUL,40.2,18.014858
202408.0,2024-08-29,77141,MANOEL MARCHETTI,Consumidor Especial,SUL,40.2,18.036883
202408.0,2024-08-30,77141,MANOEL MARCHETTI,Consumidor Especial,SUL,40.2,18.416804
202408.0,2024-08-31,77141,MANOEL MARCHETTI,Consumidor Especial,SUL,40.2,9.625902
202409.0,2024-09-01,77141,MANOEL MARCHETTI,Consumidor Especial,SUL,40.2,7.010862
202409.0,2024-09-02,77141,MANOEL MARCHETTI,Consumidor Especial,SUL,40.2,16.454915
202409.0,2024-09-03,77141,MANOEL MARCHETTI,Consumidor Especial,SUL,40.2,16.991774
202409.0,2024-09-04,77141,MANOEL MARCHETTI,Consumidor Especial,SUL,40.2,16.997981
202409.0,2024-09-05,77141,MANOEL MARCHETTI,Consumidor Especial,SUL,40.2,19.152064
202409.0,2024-09-06,77141,MANOEL MARCHETTI,Consumidor Especial,SUL,40.2,18.62699
202409.0,2024-09-07,77141,MANOEL MARCHETTI,Consumidor Especial,SUL,40.2,9.812123
202409.0,2024-09-08,77141,MANOEL MARCHETTI,Consumidor Especial,SUL,40.2,8.255036
202409.0,2024-09-09,77141,MANOEL MARCHETTI,Consumidor Especial,SUL,40.2,16.385217
202409.0,2024-09-10,77141,MANOEL MARCHETTI,Consumidor Especial,SUL,40.2,16.250716999999998
202409.0,2024-09-11,77141,MANOEL MARCHETTI,Consumidor Especial,SUL,40.2,16.90238
202409.0,2024-09-12,77141,MANOEL MARCHETTI,Consumidor Especial,SUL,40.2,18.092807
202409.0,2024-09-13,77141,MANOEL MARCHETTI,Consumidor Especial,SUL,40.2,19.336921
202409.0,2024-09-14,77141,MANOEL MARCHETTI,Consumidor Especial,SUL,40.2,11.399033
202409.0,2024-09-15,77141,MANOEL MARCHETTI,Consumidor Especial,SUL,40.2,8.007636999999999
202409.0,2024-09-16,77141,MANOEL MARCHETTI,Consumidor Especial,SUL,40.2,16.455614
202409.0,2024-09-17,77141,MANOEL MARCHETTI,Consumidor Especial,SUL,40.2,16.564818
202409.0,2024-09-18,77141,MANOEL MARCHETTI,Consumidor Especial,SUL,40.2,18.074738
202409.0,2024-09-19,77141,MANOEL MARCHETTI,Consumidor Especial,SUL,40.2,19.039098
202409.0,2024-09-20,77141,MANOEL MARCHETTI,Consumidor Especial,SUL,40.2,19.203738
202409.0,2024-09-21,77141,MANOEL MARCHETTI,Consumidor Especial,SUL,40.2,11.007989
202409.0,2024-09-22,77141,MANOEL MARCHETTI,Consumidor Especial,SUL,40.2,9.129064
202409.0,2024-09-23,77141,MANOEL MARCHETTI,Consumidor Especial,SUL,40.2,17.963486
202409.0,2024-09-24,77141,MANOEL MARCHETTI,Consumidor Especial,SUL,40.2,18.303416
202409.0,2024-09-25,77141,MANOEL MARCHETTI,Consumidor Especial,SUL,40.2,17.616782999999998
202409.0,2024-09-26,77141,MANOEL MARCHETTI,Consumidor Especial,SUL,40.2,18.698395
202409.0,2024-09-27,77141,MANOEL MARCHETTI,Consumidor Especial,SUL,40.2,18.924091
202409.0,2024-09-28,77141,MANOEL MARCHETTI,Consumidor Especial,SUL,40.2,9.430889
202409.0,2024-09-29,77141,MANOEL MARCHETTI,Consumidor Especial,SUL,40.2,8.587924
202409.0,2024-09-30,77141,MANOEL MARCHETTI,Consumidor Especial,SUL,40.2,16.633912
202410.0,2024-10-01,77141,MANOEL MARCHETTI,Consumidor Especial,SUL,40.2,17.596459
202410.0,2024-10-02,77141,MANOEL MARCHETTI,Consumidor Especial,SUL,40.2,16.937814
202410.0,2024-10-03,77141,MANOEL MARCHETTI,Consumidor Especial,SUL,40.2,17.762685
202410.0,2024-10-04,77141,MANOEL MARCHETTI,Consumidor Especial,SUL,40.2,17.256272
202410.0,2024-10-05,77141,MANOEL MARCHETTI,Consumidor Especial,SUL,40.2,7.369367
202410.0,2024-10-06,77141,MANOEL MARCHETTI,Consumidor Especial,SUL,40.2,9.546572
202410.0,2024-10-07,77141,MANOEL MARCHETTI,Consumidor Especial,SUL,40.2,20.451816
202410.0,2024-10-08,77141,MANOEL MARCHETTI,Consumidor Especial,SUL,40.2,20.77734
202410.0,2024-10-09,77141,MANOEL MARCHETTI,Consumidor Especial,SUL,40.2,19.51368
202410.0,2024-10-10,77141,MANOEL MARCHETTI,Consumidor Especial,SUL,40.2,19.841459
202410.0,2024-10-11,77141,MANOEL MARCHETTI,Consumidor Especial,SUL,40.2,16.731837
202410.0,2024-10-12,77141,MANOEL MARCHETTI,Consumidor Especial,SUL,40.2,9.386494
202410.0,2024-10-13,77141,MANOEL MARCHETTI,Consumidor Especial,SUL,40.2,9.28448
202410.0,2024-10-14,77141,MANOEL MARCHETTI,Consumidor Especial,SUL,40.2,18.454206
202410.0,2024-10-15,77141,MANOEL MARCHETTI,Consumidor Especial,SUL,40.2,19.637715
202410.0,2024-10-16,77141,MANOEL MARCHETTI,Consumidor Especial,SUL,40.2,20.246648
202410.0,2024-10-17,77141,MANOEL MARCHETTI,Consumidor Especial,SUL,40.2,20.595583
202410.0,2024-10-18,77141,MANOEL MARCHETTI,Consumidor Especial,SUL,40.2,19.132565
202410.0,2024-10-19,77141,MANOEL MARCHETTI,Consumidor Especial,SUL,40.2,9.706449
202410.0,2024-10-20,77141,MANOEL MARCHETTI,Consumidor Especial,SUL,40.2,7.939618
202410.0,2024-10-21,77141,MANOEL MARCHETTI,Consumidor Especial,SUL,40.2,16.716719
202410.0,2024-10-22,77141,MANOEL MARCHETTI,Consumidor Especial,SUL,40.2,17.694162000000002
202410.0,2024-10-23,77141,MANOEL MARCHETTI,Consumidor Especial,SUL,40.2,18.778842
202410.0,2024-10-24,77141,MANOEL MARCHETTI,Consumidor Especial,SUL,40.2,17.928883
202410.0,2024-10-25,77141,MANOEL MARCHETTI,Consumidor Especial,SUL,40.2,18.476814
202410.0,2024-10-26,77141,MANOEL MARCHETTI,Consumidor Especial,SUL,40.2,10.471656
202410.0,2024-10-27,77141,MANOEL MARCHETTI,Consumidor Especial,SUL,40.2,8.13284
202410.0,2024-10-28,77141,MANOEL MARCHETTI,Consumidor Especial,SUL,40.2,18.477462
202410.0,2024-10-29,77141,MANOEL MARCHETTI,Consumidor Especial,SUL,40.2,17.650142
202410.0,2024-10-30,77141,MANOEL MARCHETTI,Consumidor Especial,SUL,40.2,17.496731
202410.0,2024-10-31,77141,MANOEL MARCHETTI,Consumidor Especial,SUL,40.2,18.803982
202411.0,2024-11-01,77141,MANOEL MARCHETTI,Consumidor Especial,SUL,40.2,19.894705
202411.0,2024-11-02,77141,MANOEL MARCHETTI,Consumidor Especial,SUL,40.2,8.583284
202411.0,2024-11-03,77141,MANOEL MARCHETTI,Consumidor Especial,SUL,40.2,8.20182
202411.0,2024-11-04,77141,MANOEL MARCHETTI,Consumidor Especial,SUL,40.2,17.003671
202411.0,2024-11-05,77141,MANOEL MARCHETTI,Consumidor Especial,SUL,40.2,17.28307
202411.0,2024-11-06,77141,MANOEL MARCHETTI,Consumidor Especial,SUL,40.2,18.258315
202411.0,2024-11-07,77141,MANOEL MARCHETTI,Consumidor Especial,SUL,40.2,17.602333
202411.0,2024-11-08,77141,MANOEL MARCHETTI,Consumidor Especial,SUL,40.2,18.968009
202411.0,2024-11-09,77141,MANOEL MARCHETTI,Consumidor Especial,SUL,40.2,10.604851
202411.0,2024-11-10,77141,MANOEL MARCHETTI,Consumidor Especial,SUL,40.2,8.432245
202411.0,2024-11-11,77141,MANOEL MARCHETTI,Consumidor Especial,SUL,40.2,18.988103
202411.0,2024-11-12,77141,MANOEL MARCHETTI,Consumidor Especial,SUL,40.2,17.728566999999998
202411.0,2024-11-13,77141,MANOEL MARCHETTI,Consumidor Especial,SUL,40.2,17.671993
202411.0,2024-11-14,77141,MANOEL MARCHETTI,Consumidor Especial,SUL,40.2,18.192312
202411.0,2024-11-15,77141,MANOEL MARCHETTI,Consumidor Especial,SUL,40.2,6.067574
202411.0,2024-11-16,77141,MANOEL MARCHETTI,Consumidor Especial,SUL,40.2,6.233101
202411.0,2024-11-17,77141,MANOEL MARCHETTI,Consumidor Especial,SUL,40.2,4.130881
202411.0,2024-11-18,77141,MANOEL MARCHETTI,Consumidor Especial,SUL,40.2,5.815949
202411.0,2024-11-19,77141,MANOEL MARCHETTI,Consumidor Especial,SUL,40.2,14.90706
202411.0,2024-11-20,77141,MANOEL MARCHETTI,Consumidor Especial,SUL,40.2,15.273487
202411.0,2024-11-21,77141,MANOEL MARCHETTI,Consumidor Especial,SUL,40.2,16.23037
202411.0,2024-11-22,77141,MANOEL MARCHETTI,Consumidor Especial,SUL,40.2,17.231199
202411.0,2024-11-23,77141,MANOEL MARCHETTI,Consumidor Especial,SUL,40.2,10.27195
202411.0,2024-11-24,77141,MANOEL MARCHETTI,Consumidor Especial,SUL,40.2,7.753833
202411.0,2024-11-25,77141,MANOEL MARCHETTI,Consumidor Especial,SUL,40.2,17.520991
202411.0,2024-11-26,77141,MANOEL MARCHETTI,Consumidor Especial,SUL,40.2,19.020302
202411.0,2024-11-27,77141,MANOEL MARCHETTI,Consumidor Especial,SUL,40.2,17.435697
202411.0,2024-11-28,77141,MANOEL MARCHETTI,Consumidor Especial,SUL,40.2,17.686355
202411.0,2024-11-29,77141,MANOEL MARCHETTI,Consumidor Especial,SUL,40.2,17.48637
202411.0,2024-11-30,77141,MANOEL MARCHETTI,Consumidor Especial,SUL,40.2,8.226764
202412.0,2024-12-01,77141,MANOEL MARCHETTI,Consumidor Especial,SUL,40.2,7.787763
202412.0,2024-12-02,77141,MANOEL MARCHETTI,Consumidor Especial,SUL,40.2,17.074444
202412.0,2024-12-03,77141,MANOEL MARCHETTI,Consumidor Especial,SUL,40.2,16.716916
202412.0,2024-12-04,77141,MANOEL MARCHETTI,Consumidor Especial,SUL,40.2,17.536647
202412.0,2024-12-05,77141,MANOEL MARCHETTI,Consumidor Especial,SUL,40.2,17.893163
202412.0,2024-12-06,77141,MANOEL MARCHETTI,Consumidor Especial,SUL,40.2,18.420554
202412.0,2024-12-07,77141,MANOEL MARCHETTI,Consumidor Especial,SUL,40.2,11.022224
202412.0,2024-12-08,77141,MANOEL MARCHETTI,Consumidor Especial,SUL,40.2,8.715364
202412.0,2024-12-09,77141,MANOEL MARCHETTI,Consumidor Especial,SUL,40.2,18.714048
202412.0,2024-12-10,77141,MANOEL MARCHETTI,Consumidor Especial,SUL,40.2,18.672221
202412.0,2024-12-11,77141,MANOEL MARCHETTI,Consumidor Especial,SUL,40.2,16.59856
202412.0,2024-12-12,77141,MANOEL MARCHETTI,Consumidor Especial,SUL,40.2,17.030492
202412.0,2024-12-13,77141,MANOEL MARCHETTI,Consumidor Especial,SUL,40.2,18.310033
202412.0,2024-12-14,77141,MANOEL MARCHETTI,Consumidor Especial,SUL,40.2,10.323586
202412.0,2024-12-15,77141,MANOEL MARCHETTI,Consumidor Especial,SUL,40.2,9.056924
202412.0,2024-12-16,77141,MANOEL MARCHETTI,Consumidor Especial,SUL,40.2,17.242843
202412.0,2024-12-17,77141,MANOEL MARCHETTI,Consumidor Especial,SUL,40.2,16.827865
202412.0,2024-12-18,77141,MANOEL MARCHETTI,Consumidor Especial,SUL,40.2,15.110897
202412.0,2024-12-19,77141,MANOEL MARCHETTI,Consumidor Especial,SUL,40.2,7.686289
202412.0,2024-12-20,77141,MANOEL MARCHETTI,Consumidor Especial,SUL,40.2,6.358537
202412.0,2024-12-21,77141,MANOEL MARCHETTI,Consumidor Especial,SUL,40.2,6.733509
202412.0,2024-12-22,77141,MANOEL MARCHETTI,Consumidor Especial,SUL,40.2,6.364505
202412.0,2024-12-23,77141,MANOEL MARCHETTI,Consumidor Especial,SUL,40.2,3.740476
202412.0,2024-12-24,77141,MANOEL MARCHETTI,Consumidor Especial,SUL,40.2,1.689034
202412.0,2024-12-25,77141,MANOEL MARCHETTI,Consumidor Especial,SUL,40.2,0.924207
202412.0,2024-12-26,77141,MANOEL MARCHETTI,Consumidor Especial,SUL,40.2,1.407526
202412.0,2024-12-27,77141,MANOEL MARCHETTI,Consumidor Especial,SUL,40.2,1.064916
202412.0,2024-12-28,77141,MANOEL MARCHETTI,Consumidor Especial,SUL,40.2,0.581342
202412.0,2024-12-29,77141,MANOEL MARCHETTI,Consumidor Especial,SUL,40.2,0.582691
202412.0,2024-12-30,77141,MANOEL MARCHETTI,Consumidor Especial,SUL,40.2,0.825945
202412.0,2024-12-31,77141,MANOEL MARCHETTI,Consumidor Especial,SUL,40.2,0.693072
202501.0,2025-01-01,77141,MANOEL MARCHETTI,Consumidor Especial,SUL,40.2,0.558409
202501.0,2025-01-02,77141,MANOEL MARCHETTI,Consumidor Especial,SUL,40.2,0.990642
202501.0,2025-01-03,77141,MANOEL MARCHETTI,Consumidor Especial,SUL,40.2,0.987182
202501.0,2025-01-04,77141,MANOEL MARCHETTI,Consumidor Especial,SUL,40.2,0.613331
202501.0,2025-01-05,77141,MANOEL MARCHETTI,Consumidor Especial,SUL,40.2,0.542147
202501.0,2025-01-06,77141,MANOEL MARCHETTI,Consumidor Especial,SUL,40.2,1.01285
202501.0,2025-01-07,77141,MANOEL MARCHETTI,Consumidor Especial,SUL,40.2,1.509304
202501.0,2025-01-08,77141,MANOEL MARCHETTI,Consumidor Especial,SUL,40.2,12.659277
202501.0,2025-01-09,77141,MANOEL MARCHETTI,Consumidor Especial,SUL,40.2,13.264158
202501.0,2025-01-10,77141,MANOEL MARCHETTI,Consumidor Especial,SUL,40.2,14.411818
202501.0,2025-01-11,77141,MANOEL MARCHETTI,Consumidor Especial,SUL,40.2,5.7880590000000005
202501.0,2025-01-12,77141,MANOEL MARCHETTI,Consumidor Especial,SUL,40.2,4.626825
202501.0,2025-01-13,77141,MANOEL MARCHETTI,Consumidor Especial,SUL,40.2,15.087562
202501.0,2025-01-14,77141,MANOEL MARCHETTI,Consumidor Especial,SUL,40.2,15.782561
202501.0,2025-01-15,77141,MANOEL MARCHETTI,Consumidor Especial,SUL,40.2,16.242423
202501.0,2025-01-16,77141,MANOEL MARCHETTI,Consumidor Especial,SUL,40.2,16.567008
202501.0,2025-01-17,77141,MANOEL MARCHETTI,Consumidor Especial,SUL,40.2,16.936673
202501.0,2025-01-18,77141,MANOEL MARCHETTI,Consumidor Especial,SUL,40.2,9.727165
202501.0,2025-01-19,77141,MANOEL MARCHETTI,Consumidor Especial,SUL,40.2,8.142127
202501.0,2025-01-20,77141,MANOEL MARCHETTI,Consumidor Especial,SUL,40.2,17.00735
202501.0,2025-01-21,77141,MANOEL MARCHETTI,Consumidor Especial,SUL,40.2,16.7398
202501.0,2025-01-22,77141,MANOEL MARCHETTI,Consumidor Especial,SUL,40.2,18.388558
202501.0,2025-01-23,77141,MANOEL MARCHETTI,Consumidor Especial,SUL,40.2,18.96539
202501.0,2025-01-24,77141,MANOEL MARCHETTI,Consumidor Especial,SUL,40.2,17.497286
202501.0,2025-01-25,77141,MANOEL MARCHETTI,Consumidor Especial,SUL,40.2,9.702999
202501.0,2025-01-26,77141,MANOEL MARCHETTI,Consumidor Especial,SUL,40.2,7.877121
202501.0,2025-01-27,77141,MANOEL MARCHETTI,Consumidor Especial,SUL,40.2,16.249807
202501.0,2025-01-28,77141,MANOEL MARCHETTI,Consumidor Especial,SUL,40.2,17.664872
202501.0,2025-01-29,77141,MANOEL MARCHETTI,Consumidor Especial,SUL,40.2,17.382891
202501.0,2025-01-30,77141,MANOEL MARCHETTI,Consumidor Especial,SUL,40.2,17.118345
202501.0,2025-01-31,77141,MANOEL MARCHETTI,Consumidor Especial,SUL,40.2,16.901372
202502.0,2025-02-01,77141,MANOEL MARCHETTI,Consumidor Especial,SUL,40.2,10.667285
202502.0,2025-02-02,77141,MANOEL MARCHETTI,Consumidor Especial,SUL,40.2,8.318989
202502.0,2025-02-03,77141,MANOEL MARCHETTI,Consumidor Especial,SUL,40.2,18.170908
202502.0,2025-02-04,77141,MANOEL MARCHETTI,Consumidor Especial,SUL,40.2,18.375866
202502.0,2025-02-05,77141,MANOEL MARCHETTI,Consumidor Especial,SUL,40.2,17.661109
202502.0,2025-02-06,77141,MANOEL MARCHETTI,Consumidor Especial,SUL,40.2,16.809796
202502.0,2025-02-07,77141,MANOEL MARCHETTI,Consumidor Especial,SUL,40.2,16.350499
202502.0,2025-02-08,77141,MANOEL MARCHETTI,Consumidor Especial,SUL,40.2,9.717505
202502.0,2025-02-09,77141,MANOEL MARCHETTI,Consumidor Especial,SUL,40.2,6.338741
202502.0,2025-02-10,77141,MANOEL MARCHETTI,Consumidor Especial,SUL,40.2,16.71367
202502.0,2025-02-11,77141,MANOEL MARCHETTI,Consumidor Especial,SUL,40.2,17.175633
202502.0,2025-02-12,77141,MANOEL MARCHETTI,Consumidor Especial,SUL,40.2,17.977897
202502.0,2025-02-13,77141,MANOEL MARCHETTI,Consumidor Especial,SUL,40.2,16.45717
202502.0,2025-02-14,77141,MANOEL MARCHETTI,Consumidor Especial,SUL,40.2,18.123257
202502.0,2025-02-15,77141,MANOEL MARCHETTI,Consumidor Especial,SUL,40.2,10.258659
202502.0,2025-02-16,77141,MANOEL MARCHETTI,Consumidor Especial,SUL,40.2,8.154443
202502.0,2025-02-17,77141,MANOEL MARCHETTI,Consumidor Especial,SUL,40.2,17.165972
202502.0,2025-02-18,77141,MANOEL MARCHETTI,Consumidor Especial,SUL,40.2,17.202919
202502.0,2025-02-19,77141,MANOEL MARCHETTI,Consumidor Especial,SUL,40.2,17.864271
202502.0,2025-02-20,77141,MANOEL MARCHETTI,Consumidor Especial,SUL,40.2,17.536645
202502.0,2025-02-21,77141,MANOEL MARCHETTI,Consumidor Especial,SUL,40.2,18.595464
202502.0,2025-02-22,77141,MANOEL MARCHETTI,Consumidor Especial,SUL,40.2,9.71718
202502.0,2025-02-23,77141,MANOEL MARCHETTI,Consumidor Especial,SUL,40.2,8.616362
202502.0,2025-02-24,77141,MANOEL MARCHETTI,Consumidor Especial,SUL,40.2,18.982257
202502.0,2025-02-25,77141,MANOEL MARCHETTI,Consumidor Especial,SUL,40.2,17.656065
202502.0,2025-02-26,77141,MANOEL MARCHETTI,Consumidor Especial,SUL,40.2,18.169273
202502.0,2025-02-27,77141,MANOEL MARCHETTI,Consumidor Especial,SUL,40.2,17.412878
202502.0,2025-02-28,77141,MANOEL MARCHETTI,Consumidor Especial,SUL,40.2,19.06377
202503.0,2025-03-01,77141,MANOEL MARCHETTI,Consumidor Especial,SUL,40.2,11.222906
202503.0,2025-03-02,77141,MANOEL MARCHETTI,Consumidor Especial,SUL,40.2,10.782038
202503.0,2025-03-03,77141,MANOEL MARCHETTI,Consumidor Especial,SUL,40.2,17.639778
202503.0,2025-03-04,77141,MANOEL MARCHETTI,Consumidor Especial,SUL,40.2,17.5826
202503.0,2025-03-05,77141,MANOEL MARCHETTI,Consumidor Especial,SUL,40.2,17.716397999999998
202503.0,2025-03-06,77141,MANOEL MARCHETTI,Consumidor Especial,SUL,40.2,17.904242
202503.0,2025-03-07,77141,MANOEL MARCHETTI,Consumidor Especial,SUL,40.2,16.994535
202503.0,2025-03-08,77141,MANOEL MARCHETTI,Consumidor Especial,SUL,40.2,9.335128
202503.0,2025-03-09,77141,MANOEL MARCHETTI,Consumidor Especial,SUL,40.2,7.750907
202503.0,2025-03-10,77141,MANOEL MARCHETTI,Consumidor Especial,SUL,40.2,8.015154
202503.0,2025-03-11,77141,MANOEL MARCHETTI,Consumidor Especial,SUL,40.2,16.228222
202503.0,2025-03-12,77141,MANOEL MARCHETTI,Consumidor Especial,SUL,40.2,16.322089
202503.0,2025-03-13,77141,MANOEL MARCHETTI,Consumidor Especial,SUL,40.2,16.268995
202503.0,2025-03-14,77141,MANOEL MARCHETTI,Consumidor Especial,SUL,40.2,16.112244
202503.0,2025-03-15,77141,MANOEL MARCHETTI,Consumidor Especial,SUL,40.2,9.394389
202503.0,2025-03-16,77141,MANOEL MARCHETTI,Consumidor Especial,SUL,40.2,7.677623
202503.0,2025-03-17,77141,MANOEL MARCHETTI,Consumidor Especial,SUL,40.2,17.832525
202503.0,2025-03-18,77141,MANOEL MARCHETTI,Consumidor Especial,SUL,40.2,17.84295
202503.0,2025-03-19,77141,MANOEL MARCHETTI,Consumidor Especial,SUL,40.2,17.885445
202503.0,2025-03-20,77141,MANOEL MARCHETTI,Consumidor Especial,SUL,40.2,18.342651
202503.0,2025-03-21,77141,MANOEL MARCHETTI,Consumidor Especial,SUL,40.2,19.425333
202503.0,2025-03-22,77141,MANOEL MARCHETTI,Consumidor Especial,SUL,40.2,12.486391
202503.0,2025-03-23,77141,MANOEL MARCHETTI,Consumidor Especial,SUL,40.2,8.043208
202503.0,2025-03-24,77141,MANOEL MARCHETTI,Consumidor Especial,SUL,40.2,17.612932999999998
202503.0,2025-03-25,77141,MANOEL MARCHETTI,Consumidor Especial,SUL,40.2,19.088561
202503.0,2025-03-26,77141,MANOEL MARCHETTI,Consumidor Especial,SUL,40.2,20.393153
202503.0,2025-03-27,77141,MANOEL MARCHETTI,Consumidor Especial,SUL,40.2,19.370506
202503.0,2025-03-28,77141,MANOEL MARCHETTI,Consumidor Especial,SUL,40.2,18.759214
202503.0,2025-03-29,77141,MANOEL MARCHETTI,Consumidor Especial,SUL,40.2,11.191872
202503.0,2025-03-30,77141,MANOEL MARCHETTI,Consumidor Especial,SUL,40.2,9.054087
202503.0,2025-03-31,77141,MANOEL MARCHETTI,Consumidor Especial,SUL,40.2,17.173348
202504.0,2025-04-01,77141,MANOEL MARCHETTI,Consumidor Especial,SUL,32.400000000000006,16.612734
202504.0,2025-04-02,77141,MANOEL MARCHETTI,Consumidor Especial,SUL,32.400000000000006,18.061825
202504.0,2025-04-03,77141,MANOEL MARCHETTI,Consumidor Especial,SUL,32.400000000000006,18.200801
202504.0,2025-04-04,77141,MANOEL MARCHETTI,Consumidor Especial,SUL,32.400000000000006,18.808109
202504.0,2025-04-05,77141,MANOEL MARCHETTI,Consumidor Especial,SUL,32.400000000000006,11.497392
202504.0,2025-04-06,77141,MANOEL MARCHETTI,Consumidor Especial,SUL,32.400000000000006,8.42958
202504.0,2025-04-07,77141,MANOEL MARCHETTI,Consumidor Especial,SUL,32.400000000000006,16.387274
202504.0,2025-04-08,77141,MANOEL MARCHETTI,Consumidor Especial,SUL,32.400000000000006,18.335576
202504.0,2025-04-09,77141,MANOEL MARCHETTI,Consumidor Especial,SUL,32.400000000000006,17.874149
202504.0,2025-04-10,77141,MANOEL MARCHETTI,Consumidor Especial,SUL,32.400000000000006,18.601754
202504.0,2025-04-11,77141,MANOEL MARCHETTI,Consumidor Especial,SUL,32.400000000000006,17.321005
202504.0,2025-04-12,77141,MANOEL MARCHETTI,Consumidor Especial,SUL,32.400000000000006,9.824389
202504.0,2025-04-13,77141,MANOEL MARCHETTI,Consumidor Especial,SUL,32.400000000000006,6.692112
202504.0,2025-04-14,77141,MANOEL MARCHETTI,Consumidor Especial,SUL,32.400000000000006,15.21213
202504.0,2025-04-15,77141,MANOEL MARCHETTI,Consumidor Especial,SUL,32.400000000000006,17.941855
202504.0,2025-04-16,77141,MANOEL MARCHETTI,Consumidor Especial,SUL,32.400000000000006,17.524775
202504.0,2025-04-17,77141,MANOEL MARCHETTI,Consumidor Especial,SUL,32.400000000000006,18.302111
202504.0,2025-04-18,77141,MANOEL MARCHETTI,Consumidor Especial,SUL,32.400000000000006,7.636059
202504.0,2025-04-19,77141,MANOEL MARCHETTI,Consumidor Especial,SUL,32.400000000000006,8.362347
202504.0,2025-04-20,77141,MANOEL MARCHETTI,Consumidor Especial,SUL,32.400000000000006,6.927526
202504.0,2025-04-21,77141,MANOEL MARCHETTI,Consumidor Especial,SUL,32.400000000000006,8.166477
202504.0,2025-04-22,77141,MANOEL MARCHETTI,Consumidor Especial,SUL,32.400000000000006,16.467877
202504.0,2025-04-23,77141,MANOEL MARCHETTI,Consumidor Especial,SUL,32.400000000000006,16.622132
202504.0,2025-04-24,77141,MANOEL MARCHETTI,Consumidor Especial,SUL,32.400000000000006,16.943369
202504.0,2025-04-25,77141,MANOEL MARCHETTI,Consumidor Especial,SUL,32.400000000000006,18.419431
202504.0,2025-04-26,77141,MANOEL MARCHETTI,Consumidor Especial,SUL,32.400000000000006,10.502403
202504.0,2025-04-27,77141,MANOEL MARCHETTI,Consumidor Especial,SUL,32.400000000000006,7.877621
202504.0,2025-04-28,77141,MANOEL MARCHETTI,Consumidor Especial,SUL,32.400000000000006,15.928462
202504.0,2025-04-29,77141,MANOEL MARCHETTI,Consumidor Especial,SUL,32.400000000000006,16.397196
202504.0,2025-04-30,77141,MANOEL MARCHETTI,Consumidor Especial,SUL,32.400000000000006,16.715138
202505.0,2025-05-01,77141,MANOEL MARCHETTI,Consumidor Especial,SUL,32.400000000000006,9.088039
202505.0,2025-05-02,77141,MANOEL MARCHETTI,Consumidor Especial,SUL,32.400000000000006,15.433116
202505.0,2025-05-03,77141,MANOEL MARCHETTI,Consumidor Especial,SUL,32.400000000000006,9.299443
202505.0,2025-05-04,77141,MANOEL MARCHETTI,Consumidor Especial,SUL,32.400000000000006,7.343953
202505.0,2025-05-05,77141,MANOEL MARCHETTI,Consumidor Especial,SUL,32.400000000000006,15.338613
202505.0,2025-05-06,77141,MANOEL MARCHETTI,Consumidor Especial,SUL,32.400000000000006,16.211467
202505.0,2025-05-07,77141,MANOEL MARCHETTI,Consumidor Especial,SUL,32.400000000000006,14.804868
202505.0,2025-05-08,77141,MANOEL MARCHETTI,Consumidor Especial,SUL,32.400000000000006,14.247112
202505.0,2025-05-09,77141,MANOEL MARCHETTI,Consumidor Especial,SUL,32.400000000000006,14.317743
202505.0,2025-05-10,77141,MANOEL MARCHETTI,Consumidor Especial,SUL,32.400000000000006,6.245956
202505.0,2025-05-11,77141,MANOEL MARCHETTI,Consumidor Especial,SUL,32.400000000000006,3.681156
202505.0,2025-05-12,77141,MANOEL MARCHETTI,Consumidor Especial,SUL,32.400000000000006,13.118486
202505.0,2025-05-13,77141,MANOEL MARCHETTI,Consumidor Especial,SUL,32.400000000000006,13.708527
202505.0,2025-05-14,77141,MANOEL MARCHETTI,Consumidor Especial,SUL,32.400000000000006,15.067661
202505.0,2025-05-15,77141,MANOEL MARCHETTI,Consumidor Especial,SUL,32.400000000000006,15.206961
202505.0,2025-05-16,77141,MANOEL MARCHETTI,Consumidor Especial,SUL,32.400000000000006,18.581339
202505.0,2025-05-17,77141,MANOEL MARCHETTI,Consumidor Especial,SUL,32.400000000000006,9.029407
202505.0,2025-05-18,77141,MANOEL MARCHETTI,Consumidor Especial,SUL,32.400000000000006,7.246728
202505.0,2025-05-19,77141,MANOEL MARCHETTI,Consumidor Especial,SUL,32.400000000000006,17.183072
202505.0,2025-05-20,77141,MANOEL MARCHETTI,Consumidor Especial,SUL,32.400000000000006,16.192567
202505.0,2025-05-21,77141,MANOEL MARCHETTI,Consumidor Especial,SUL,32.400000000000006,17.155351
202505.0,2025-05-22,77141,MANOEL MARCHETTI,Consumidor Especial,SUL,32.400000000000006,18.433964
202505.0,2025-05-23,77141,MANOEL MARCHETTI,Consumidor Especial,SUL,32.400000000000006,18.758594
202505.0,2025-05-24,77141,MANOEL MARCHETTI,Consumidor Especial,SUL,32.400000000000006,10.26981
202505.0,2025-05-25,77141,MANOEL MARCHETTI,Consumidor Especial,SUL,32.400000000000006,8.796294
202505.0,2025-05-26,77141,MANOEL MARCHETTI,Consumidor Especial,SUL,32.400000000000006,18.15432
202505.0,2025-05-27,77141,MANOEL MARCHETTI,Consumidor Especial,SUL,32.400000000000006,16.711855
202505.0,2025-05-28,77141,MANOEL MARCHETTI,Consumidor Especial,SUL,32.400000000000006,15.500271
202505.0,2025-05-29,77141,MANOEL MARCHETTI,Consumidor Especial,SUL,32.400000000000006,15.766256
202505.0,2025-05-30,77141,MANOEL MARCHETTI,Consumidor Especial,SUL,32.400000000000006,15.074559
202505.0,2025-05-31,77141,MANOEL MARCHETTI,Consumidor Especial,SUL,32.400000000000006,8.466343
202506.0,2025-06-01,77141,MANOEL MARCHETTI,Consumidor Especial,SUL,32.400000000000006,5.400874
202506.0,2025-06-02,77141,MANOEL MARCHETTI,Consumidor Especial,SUL,32.400000000000006,14.690456
202506.0,2025-06-03,77141,MANOEL MARCHETTI,Consumidor Especial,SUL,32.400000000000006,16.199039
202506.0,2025-06-04,77141,MANOEL MARCHETTI,Consumidor Especial,SUL,32.400000000000006,19.31947
202506.0,2025-06-05,77141,MANOEL MARCHETTI,Consumidor Especial,SUL,32.400000000000006,19.37117
202506.0,2025-06-06,77141,MANOEL MARCHETTI,Consumidor Especial,SUL,32.400000000000006,18.000701
202506.0,2025-06-07,77141,MANOEL MARCHETTI,Consumidor Especial,SUL,32.400000000000006,9.454513
202506.0,2025-06-08,77141,MANOEL MARCHETTI,Consumidor Especial,SUL,32.400000000000006,7.254375
202506.0,2025-06-09,77141,MANOEL MARCHETTI,Consumidor Especial,SUL,32.400000000000006,16.682601000000002
202506.0,2025-06-10,77141,MANOEL MARCHETTI,Consumidor Especial,SUL,32.400000000000006,18.899803
202506.0,2025-06-11,77141,MANOEL MARCHETTI,Consumidor Especial,SUL,32.400000000000006,17.519639
202506.0,2025-06-12,77141,MANOEL MARCHETTI,Consumidor Especial,SUL,32.400000000000006,16.281756
202506.0,2025-06-13,77141,MANOEL MARCHETTI,Consumidor Especial,SUL,32.400000000000006,16.63896
202506.0,2025-06-14,77141,MANOEL MARCHETTI,Consumidor Especial,SUL,32.400000000000006,10.158941
202506.0,2025-06-15,77141,MANOEL MARCHETTI,Consumidor Especial,SUL,32.400000000000006,5.689031
202506.0,2025-06-16,77141,MANOEL MARCHETTI,Consumidor Especial,SUL,32.400000000000006,16.296854
202506.0,2025-06-17,77141,MANOEL MARCHETTI,Consumidor Especial,SUL,32.400000000000006,19.164237
202506.0,2025-06-18,77141,MANOEL MARCHETTI,Consumidor Especial,SUL,32.400000000000006,18.327143
202506.0,2025-06-19,77141,MANOEL MARCHETTI,Consumidor Especial,SUL,32.400000000000006,10.288408
202506.0,2025-06-20,77141,MANOEL MARCHETTI,Consumidor Especial,SUL,32.400000000000006,19.073359
202506.0,2025-06-21,77141,MANOEL MARCHETTI,Consumidor Especial,SUL,32.400000000000006,10.917522
202506.0,2025-06-22,77141,MANOEL MARCHETTI,Consumidor Especial,SUL,32.400000000000006,7.459122
202506.0,2025-06-23,77141,MANOEL MARCHETTI,Consumidor Especial,SUL,32.400000000000006,16.191426
202506.0,2025-06-24,77141,MANOEL MARCHETTI,Consumidor Especial,SUL,32.400000000000006,17.399337
202506.0,2025-06-25,77141,MANOEL MARCHETTI,Consumidor Especial,SUL,32.400000000000006,15.639587
202506.0,2025-06-26,77141,MANOEL MARCHETTI,Consumidor Especial,SUL,32.400000000000006,16.317468
202506.0,2025-06-27,77141,MANOEL MARCHETTI,Consumidor Especial,SUL,32.400000000000006,17.458897
202506.0,2025-06-28,77141,MANOEL MARCHETTI,Consumidor Especial,SUL,32.400000000000006,10.606031
202506.0,2025-06-29,77141,MANOEL MARCHETTI,Consumidor Especial,SUL,32.400000000000006,7.958433
202506.0,2025-06-30,77141,MANOEL MARCHETTI,Consumidor Especial,SUL,32.400000000000006,17.782695
202507.0,2025-07-01,77141,MANOEL MARCHETTI,Consumidor Especial,SUL,32.400000000000006,17.596211
202507.0,2025-07-02,77141,MANOEL MARCHETTI,Consumidor Especial,SUL,32.400000000000006,15.27918
202507.0,2025-07-03,77141,MANOEL MARCHETTI,Consumidor Especial,SUL,32.400000000000006,15.948813
202507.0,2025-07-04,77141,MANOEL MARCHETTI,Consumidor Especial,SUL,32.400000000000006,15.642457
202507.0,2025-07-05,77141,MANOEL MARCHETTI,Consumidor Especial,SUL,32.400000000000006,6.540836
202507.0,2025-07-06,77141,MANOEL MARCHETTI,Consumidor Especial,SUL,32.400000000000006,5.47446
202507.0,2025-07-07,77141,MANOEL MARCHETTI,Consumidor Especial,SUL,32.400000000000006,14.896396
202507.0,2025-07-08,77141,MANOEL MARCHETTI,Consumidor Especial,SUL,32.400000000000006,17.141072
202507.0,2025-07-09,77141,MANOEL MARCHETTI,Consumidor Especial,SUL,32.400000000000006,16.644873
202507.0,2025-07-10,77141,MANOEL MARCHETTI,Consumidor Especial,SUL,32.400000000000006,17.960253
202507.0,2025-07-11,77141,MANOEL MARCHETTI,Consumidor Especial,SUL,32.400000000000006,19.521148
202507.0,2025-07-12,77141,MANOEL MARCHETTI,Consumidor Especial,SUL,32.400000000000006,9.968954
202507.0,2025-07-13,77141,MANOEL MARCHETTI,Consumidor Especial,SUL,32.400000000000006,7.40497
202507.0,2025-07-14,77141,MANOEL MARCHETTI,Consumidor Especial,SUL,32.400000000000006,15.995974
202507.0,2025-07-15,77141,MANOEL MARCHETTI,Consumidor Especial,SUL,32.400000000000006,16.7185
202507.0,2025-07-16,77141,MANOEL MARCHETTI,Consumidor Especial,SUL,32.400000000000006,16.43235
202507.0,2025-07-17,77141,MANOEL MARCHETTI,Consumidor Especial,SUL,32.400000000000006,18.501895
202507.0,2025-07-18,77141,MANOEL MARCHETTI,Consumidor Especial,SUL,32.400000000000006,19.411969
202507.0,2025-07-19,77141,MANOEL MARCHETTI,Consumidor Especial,SUL,32.400000000000006,9.545524
202507.0,2025-07-20,77141,MANOEL MARCHETTI,Consumidor Especial,SUL,32.400000000000006,7.366512
202507.0,2025-07-21,77141,MANOEL MARCHETTI,Consumidor Especial,SUL,32.400000000000006,16.031309
202507.0,2025-07-22,77141,MANOEL MARCHETTI,Consumidor Especial,SUL,32.400000000000006,17.144671
202507.0,2025-07-23,77141,MANOEL MARCHETTI,Consumidor Especial,SUL,32.400000000000006,16.714646
202507.0,2025-07-24,77141,MANOEL MARCHETTI,Consumidor Especial,SUL,32.400000000000006,19.568967
202507.0,2025-07-25,77141,MANOEL MARCHETTI,Consumidor Especial,SUL,32.400000000000006,18.163687
202507.0,2025-07-26,77141,MANOEL MARCHETTI,Consumidor Especial,SUL,32.400000000000006,6.944401
202507.0,2025-07-27,77141,MANOEL MARCHETTI,Consumidor Especial,SUL,32.400000000000006,7.251429
202507.0,2025-07-28,77141,MANOEL MARCHETTI,Consumidor Especial,SUL,32.400000000000006,16.837009
202507.0,2025-07-29,77141,MANOEL MARCHETTI,Consumidor Especial,SUL,32.400000000000006,15.986828
202507.0,2025-07-30,77141,MANOEL MARCHETTI,Consumidor Especial,SUL,32.400000000000006,15.512571
202507.0,2025-07-31,77141,MANOEL MARCHETTI,Consumidor Especial,SUL,32.400000000000006,17.565271
202508.0,2025-08-01,77141,MANOEL MARCHETTI,Consumidor Especial,SUL,32.400000000000006,17.876454
202508.0,2025-08-02,77141,MANOEL MARCHETTI,Consumidor Especial,SUL,32.400000000000006,8.504345
202508.0,2025-08-03,77141,MANOEL MARCHETTI,Consumidor Especial,SUL,32.400000000000006,7.289012
202508.0,2025-08-04,77141,MANOEL MARCHETTI,Consumidor Especial,SUL,32.400000000000006,14.51973
202508.0,2025-08-05,77141,MANOEL MARCHETTI,Consumidor Especial,SUL,32.400000000000006,13.338513
202508.0,2025-08-06,77141,MANOEL MARCHETTI,Consumidor Especial,SUL,32.400000000000006,14.216805
202508.0,2025-08-07,77141,MANOEL MARCHETTI,Consumidor Especial,SUL,32.400000000000006,14.813267
202508.0,2025-08-08,77141,MANOEL MARCHETTI,Consumidor Especial,SUL,32.400000000000006,16.456883
202508.0,2025-08-09,77141,MANOEL MARCHETTI,Consumidor Especial,SUL,32.400000000000006,8.08461
202508.0,2025-08-10,77141,MANOEL MARCHETTI,Consumidor Especial,SUL,32.400000000000006,6.439556
202508.0,2025-08-11,77141,MANOEL MARCHETTI,Consumidor Especial,SUL,32.400000000000006,15.579024
202508.0,2025-08-12,77141,MANOEL MARCHETTI,Consumidor Especial,SUL,32.400000000000006,16.035771
202508.0,2025-08-13,77141,MANOEL MARCHETTI,Consumidor Especial,SUL,32.400000000000006,14.404434
202508.0,2025-08-14,77141,MANOEL MARCHETTI,Consumidor Especial,SUL,32.400000000000006,15.527197
202508.0,2025-08-15,77141,MANOEL MARCHETTI,Consumidor Especial,SUL,32.400000000000006,17.277261
202508.0,2025-08-16,77141,MANOEL MARCHETTI,Consumidor Especial,SUL,32.400000000000006,8.534275
202508.0,2025-08-17,77141,MANOEL MARCHETTI,Consumidor Especial,SUL,32.400000000000006,7.706486
202508.0,2025-08-18,77141,MANOEL MARCHETTI,Consumidor Especial,SUL,32.400000000000006,15.966904
202508.0,2025-08-19,77141,MANOEL MARCHETTI,Consumidor Especial,SUL,32.400000000000006,15.470966
202508.0,2025-08-20,77141,MANOEL MARCHETTI,Consumidor Especial,SUL,32.400000000000006,13.129012
202508.0,2025-08-21,77141,MANOEL MARCHETTI,Consumidor Especial,SUL,32.400000000000006,13.938412
202508.0,2025-08-22,77141,MANOEL MARCHETTI,Consumidor Especial,SUL,32.400000000000006,15.480098
202508.0,2025-08-23,77141,MANOEL MARCHETTI,Consumidor Especial,SUL,32.400000000000006,8.067423999999999
202508.0,2025-08-24,77141,MANOEL MARCHETTI,Consumidor Especial,SUL,32.400000000000006,7.22902
202508.0,2025-08-25,77141,MANOEL MARCHETTI,Consumidor Especial,SUL,32.400000000000006,15.583639
202508.0,2025-08-26,77141,MANOEL MARCHETTI,Consumidor Especial,SUL,32.400000000000006,16.160795
202508.0,2025-08-27,77141,MANOEL MARCHETTI,Consumidor Especial,SUL,32.400000000000006,15.685651
202508.0,2025-08-28,77141,MANOEL MARCHETTI,Consumidor Especial,SUL,32.400000000000006,16.913553
202508.0,2025-08-29,77141,MANOEL MARCHETTI,Consumidor Especial,SUL,32.400000000000006,17.505603
202508.0,2025-08-30,77141,MANOEL MARCHETTI,Consumidor Especial,SUL,32.400000000000006,8.607325
202508.0,2025-08-31,77141,MANOEL MARCHETTI,Consumidor Especial,SUL,32.400000000000006,6.430871
