MES_REFERENCIA,DATA,CODIGO_PERFIL_AGENTE,SIGLA_PERFIL_AGENTE,CLASSE_PERFIL_AGENTE,SUBMERCADO,CAPACIDADE_CARGA,CONSUMO_CARGA_ACL
,2022-01-01,96435,SINTEX,Consumidor Especial,SUL,12.84,0.422222
,2022-01-02,96435,SINTEX,Consumidor Especial,SUL,12.84,0.424343
,2022-01-03,96435,SINTEX,Consumidor Especial,SUL,12.84,0.882275
,2022-01-04,96435,SINTEX,Consumidor Especial,SUL,12.84,0.990503
,2022-01-05,96435,SINTEX,Consumidor Especial,SUL,12.84,1.014213
,2022-01-06,96435,SINTEX,Consumidor Especial,SUL,12.84,1.046095
,2022-01-07,96435,SINTEX,Consumidor Especial,SUL,12.84,0.883408
,2022-01-08,96435,SINTEX,Consumidor Especial,SUL,12.84,0.678166
,2022-01-09,96435,SINTEX,Consumidor Especial,SUL,12.84,0.620372
,2022-01-10,96435,SINTEX,Consumidor Especial,SUL,12.84,2.584258
,2022-01-11,96435,SINTEX,Consumidor Especial,SUL,12.84,6.957291
,2022-01-12,96435,SINTEX,Consumidor Especial,SUL,12.84,8.209693
,2022-01-13,96435,SINTEX,Consumidor Especial,SUL,12.84,8.672438
,2022-01-14,96435,SINTEX,Consumidor Especial,SUL,12.84,8.138808000000001
,2022-01-15,96435,SINTEX,Consumidor Especial,SUL,12.84,6.259584
,2022-01-16,96435,SINTEX,Consumidor Especial,SUL,12.84,1.189639
,2022-01-17,96435,SINTEX,Consumidor Especial,SUL,12.84,6.835358
,2022-01-18,96435,SINTEX,Consumidor Especial,SUL,12.84,8.414876
,2022-01-19,96435,SINTEX,Consumidor Especial,SUL,12.84,8.606254999999999
,2022-01-20,96435,SINTEX,Consumidor Especial,SUL,12.84,8.667622
,2022-01-21,96435,SINTEX,Consumidor Especial,SUL,12.84,8.38906
,2022-01-22,96435,SINTEX,Consumidor Especial,SUL,12.84,6.115515
,2022-01-23,96435,SINTEX,Consumidor Especial,SUL,12.84,1.337125
,2022-01-24,96435,SINTEX,Consumidor Especial,SUL,12.84,7.87881
,2022-01-25,96435,SINTEX,Consumidor Especial,SUL,12.84,8.232951
,2022-01-26,96435,SINTEX,Consumidor Especial,SUL,12.84,8.898107
,2022-01-27,96435,SINTEX,Consumidor Especial,SUL,12.84,8.00491
,2022-01-28,96435,SINTEX,Consumidor Especial,SUL,12.84,7.046477
,2022-01-29,96435,SINTEX,Consumidor Especial,SUL,12.84,3.44634
,2022-01-30,96435,SINTEX,Consumidor Especial,SUL,12.84,0.708109
,2022-01-31,96435,SINTEX,Consumidor Especial,SUL,12.84,3.745479
,2022-02-01,96435,SINTEX,Consumidor Especial,SUL,12.84,6.537404
,2022-02-02,96435,SINTEX,Consumidor Especial,SUL,12.84,2.251715
,2022-02-03,96435,SINTEX,Consumidor Especial,SUL,12.84,8.069557
,2022-02-04,96435,SINTEX,Consumidor Especial,SUL,12.84,8.587792
,2022-02-05,96435,SINTEX,Consumidor Especial,SUL,12.84,6.222891
,2022-02-06,96435,SINTEX,Consumidor Especial,SUL,12.84,1.31185
,2022-02-07,96435,SINTEX,Consumidor Especial,SUL,12.84,7.897355
,2022-02-08,96435,SINTEX,Consumidor Especial,SUL,12.84,8.861551
,2022-02-09,96435,SINTEX,Consumidor Especial,SUL,12.84,8.451288
,2022-02-10,96435,SINTEX,Consumidor Especial,SUL,12.84,7.884621
,2022-02-11,96435,SINTEX,Consumidor Especial,SUL,12.84,8.082435
,2022-02-12,96435,SINTEX,Consumidor Especial,SUL,12.84,5.859284
,2022-02-13,96435,SINTEX,Consumidor Especial,SUL,12.84,1.046419
,2022-02-14,96435,SINTEX,Consumidor Especial,SUL,12.84,7.438628
,2022-02-15,96435,SINTEX,Consumidor Especial,SUL,12.84,8.532301
,2022-02-16,96435,SINTEX,Consumidor Especial,SUL,12.84,8.143435
,2022-02-17,96435,SINTEX,Consumidor Especial,SUL,12.84,8.777971
,2022-02-18,96435,SINTEX,Consumidor Especial,SUL,12.84,8.628643
,2022-02-19,96435,SINTEX,Consumidor Especial,SUL,12.84,6.809375
,2022-02-20,96435,SINTEX,Consumidor Especial,SUL,12.84,1.129114
,2022-02-21,96435,SINTEX,Consumidor Especial,SUL,12.84,7.554193
,2022-02-22,96435,SINTEX,Consumidor Especial,SUL,12.84,8.258897
,2022-02-23,96435,SINTEX,Consumidor Especial,SUL,12.84,7.859774
,2022-02-24,96435,SINTEX,Consumidor Especial,SUL,12.84,7.096807
,2022-02-25,96435,SINTEX,Consumidor Especial,SUL,12.84,8.032465
,2022-02-26,96435,SINTEX,Consumidor Especial,SUL,12.84,6.410843
,2022-02-27,96435,SINTEX,Consumidor Especial,SUL,12.84,1.1454
,2022-02-28,96435,SINTEX,Consumidor Especial,SUL,12.84,7.231008
,2022-03-01,96435,SINTEX,Consumidor Especial,SUL,12.84,8.045547000000001
,2022-03-02,96435,SINTEX,Consumidor Especial,SUL,12.84,7.651756
,2022-03-03,96435,SINTEX,Consumidor Especial,SUL,12.84,7.347053
,2022-03-04,96435,SINTEX,Consumidor Especial,SUL,12.84,7.703163
,2022-03-05,96435,SINTEX,Consumidor Especial,SUL,12.84,5.056128
,2022-03-06,96435,SINTEX,Consumidor Especial,SUL,12.84,0.979851
,2022-03-07,96435,SINTEX,Consumidor Especial,SUL,12.84,6.924925
,2022-03-08,96435,SINTEX,Consumidor Especial,SUL,12.84,7.642842
,2022-03-09,96435,SINTEX,Consumidor Especial,SUL,12.84,7.261611
,2022-03-10,96435,SINTEX,Consumidor Especial,SUL,12.84,6.745771
,2022-03-11,96435,SINTEX,Consumidor Especial,SUL,12.84,6.330737
,2022-03-12,96435,SINTEX,Consumidor Especial,SUL,12.84,3.18907
,2022-03-13,96435,SINTEX,Consumidor Especial,SUL,12.84,0.738595
,2022-03-14,96435,SINTEX,Consumidor Especial,SUL,12.84,3.236475
,2022-03-15,96435,SINTEX,Consumidor Especial,SUL,12.84,6.450566
,2022-03-16,96435,SINTEX,Consumidor Especial,SUL,12.84,6.373997
,2022-03-17,96435,SINTEX,Consumidor Especial,SUL,12.84,6.80853
,2022-03-18,96435,SINTEX,Consumidor Especial,SUL,12.84,6.788645
,2022-03-19,96435,SINTEX,Consumidor Especial,SUL,12.84,1.428457
,2022-03-20,96435,SINTEX,Consumidor Especial,SUL,12.84,0.799256
,2022-03-21,96435,SINTEX,Consumidor Especial,SUL,12.84,3.54649
,2022-03-22,96435,SINTEX,Consumidor Especial,SUL,12.84,6.994244
,2022-03-23,96435,SINTEX,Consumidor Especial,SUL,12.84,5.899739
,2022-03-24,96435,SINTEX,Consumidor Especial,SUL,12.84,5.614562
,2022-03-25,96435,SINTEX,Consumidor Especial,SUL,12.84,7.351519
,2022-03-26,96435,SINTEX,Consumidor Especial,SUL,12.84,3.742736
,2022-03-27,96435,SINTEX,Consumidor Especial,SUL,12.84,1.345558
,2022-03-28,96435,SINTEX,Consumidor Especial,SUL,12.84,6.770822
,2022-03-29,96435,SINTEX,Consumidor Especial,SUL,12.84,7.640714
,2022-03-30,96435,SINTEX,Consumidor Especial,SUL,12.84,7.880516
,2022-03-31,96435,SINTEX,Consumidor Especial,SUL,12.84,7.270106
,2022-04-01,96435,SINTEX,Consumidor Especial,SUL,12.84,7.510546
,2022-04-02,96435,SINTEX,Consumidor Especial,SUL,12.84,5.074799
,2022-04-03,96435,SINTEX,Consumidor Especial,SUL,12.84,1.261159
,2022-04-04,96435,SINTEX,Consumidor Especial,SUL,12.84,6.318495
,2022-04-05,96435,SINTEX,Consumidor Especial,SUL,12.84,7.867625
,2022-04-06,96435,SINTEX,Consumidor Especial,SUL,12.84,7.738359
,2022-04-07,96435,SINTEX,Consumidor Especial,SUL,12.84,8.360999
,2022-04-08,96435,SINTEX,Consumidor Especial,SUL,12.84,7.640589
,2022-04-09,96435,SINTEX,Consumidor Especial,SUL,12.84,5.978378
,2022-04-10,96435,SINTEX,Consumidor Especial,SUL,12.84,1.269171
,2022-04-11,96435,SINTEX,Consumidor Especial,SUL,12.84,7.807142
,2022-04-12,96435,SINTEX,Consumidor Especial,SUL,12.84,7.213098
,2022-04-13,96435,SINTEX,Consumidor Especial,SUL,12.84,7.097465
,2022-04-14,96435,SINTEX,Consumidor Especial,SUL,12.84,6.723078
,2022-04-15,96435,SINTEX,Consumidor Especial,SUL,12.84,1.071578
,2022-04-16,96435,SINTEX,Consumidor Especial,SUL,12.84,1.234064
,2022-04-17,96435,SINTEX,Consumidor Especial,SUL,12.84,0.889259
,2022-04-18,96435,SINTEX,Consumidor Especial,SUL,12.84,5.067824
,2022-04-19,96435,SINTEX,Consumidor Especial,SUL,12.84,6.321302
,2022-04-20,96435,SINTEX,Consumidor Especial,SUL,12.84,7.312285
,2022-04-21,96435,SINTEX,Consumidor Especial,SUL,12.84,1.526379
,2022-04-22,96435,SINTEX,Consumidor Especial,SUL,12.84,8.053794
,2022-04-23,96435,SINTEX,Consumidor Especial,SUL,12.84,5.389303
,2022-04-24,96435,SINTEX,Consumidor Especial,SUL,12.84,1.381427
,2022-04-25,96435,SINTEX,Consumidor Especial,SUL,12.84,8.7375
,2022-04-26,96435,SINTEX,Consumidor Especial,SUL,12.84,7.989361
,2022-04-27,96435,SINTEX,Consumidor Especial,SUL,12.84,8.598573
,2022-04-28,96435,SINTEX,Consumidor Especial,SUL,12.84,7.981143
,2022-04-29,96435,SINTEX,Consumidor Especial,SUL,12.84,7.94763
,2022-04-30,96435,SINTEX,Consumidor Especial,SUL,12.84,5.486907
,2022-05-01,96435,SINTEX,Consumidor Especial,SUL,12.84,1.278978
,2022-05-02,96435,SINTEX,Consumidor Especial,SUL,12.84,6.601271
,2022-05-03,96435,SINTEX,Consumidor Especial,SUL,12.84,7.012322
,2022-05-04,96435,SINTEX,Consumidor Especial,SUL,12.84,7.471725
,2022-05-05,96435,SINTEX,Consumidor Especial,SUL,12.84,7.88309
,2022-05-06,96435,SINTEX,Consumidor Especial,SUL,12.84,7.867869
,2022-05-07,96435,SINTEX,Consumidor Especial,SUL,12.84,4.978994
,2022-05-08,96435,SINTEX,Consumidor Especial,SUL,12.84,0.6541170000000001
,2022-05-09,96435,SINTEX,Consumidor Especial,SUL,12.84,5.350618
,2022-05-10,96435,SINTEX,Consumidor Especial,SUL,12.84,5.593564
,2022-05-11,96435,SINTEX,Consumidor Especial,SUL,12.84,7.571412
,2022-05-12,96435,SINTEX,Consumidor Especial,SUL,12.84,7.421362
,2022-05-13,96435,SINTEX,Consumidor Especial,SUL,12.84,7.73512
,2022-05-14,96435,SINTEX,Consumidor Especial,SUL,12.84,5.833567
,2022-05-15,96435,SINTEX,Consumidor Especial,SUL,12.84,1.364002
,2022-05-16,96435,SINTEX,Consumidor Especial,SUL,12.84,7.009274
,2022-05-17,96435,SINTEX,Consumidor Especial,SUL,12.84,7.363238
,2022-05-18,96435,SINTEX,Consumidor Especial,SUL,12.84,7.261974
,2022-05-19,96435,SINTEX,Consumidor Especial,SUL,12.84,7.63509
,2022-05-20,96435,SINTEX,Consumidor Especial,SUL,12.84,8.223626
,2022-05-21,96435,SINTEX,Consumidor Especial,SUL,12.84,4.930032
,2022-05-22,96435,SINTEX,Consumidor Especial,SUL,12.84,1.54718
,2022-05-23,96435,SINTEX,Consumidor Especial,SUL,12.84,6.556616
,2022-05-24,96435,SINTEX,Consumidor Especial,SUL,12.84,7.883122
,2022-05-25,96435,SINTEX,Consumidor Especial,SUL,12.84,8.588214
,2022-05-26,96435,SINTEX,Consumidor Especial,SUL,12.84,7.180175
,2022-05-27,96435,SINTEX,Consumidor Especial,SUL,12.84,7.079413
,2022-05-28,96435,SINTEX,Consumidor Especial,SUL,12.84,4.999459
,2022-05-29,96435,SINTEX,Consumidor Especial,SUL,12.84,0.847556
,2022-05-30,96435,SINTEX,Consumidor Especial,SUL,12.84,1.770618
,2022-05-31,96435,SINTEX,Consumidor Especial,SUL,12.84,4.547047
,2022-06-01,96435,SINTEX,Consumidor Especial,SUL,12.84,5.486211
,2022-06-02,96435,SINTEX,Consumidor Especial,SUL,12.84,4.138819
,2022-06-03,96435,SINTEX,Consumidor Especial,SUL,12.84,1.503182
,2022-06-04,96435,SINTEX,Consumidor Especial,SUL,12.84,0.666954
,2022-06-05,96435,SINTEX,Consumidor Especial,SUL,12.84,0.620935
,2022-06-06,96435,SINTEX,Consumidor Especial,SUL,12.84,0.724281
,2022-06-07,96435,SINTEX,Consumidor Especial,SUL,12.84,0.8910710000000001
,2022-06-08,96435,SINTEX,Consumidor Especial,SUL,12.84,0.960773
,2022-06-09,96435,SINTEX,Consumidor Especial,SUL,12.84,0.816769
,2022-06-10,96435,SINTEX,Consumidor Especial,SUL,12.84,4.9303230000000005
,2022-06-11,96435,SINTEX,Consumidor Especial,SUL,12.84,3.875593
,2022-06-12,96435,SINTEX,Consumidor Especial,SUL,12.84,0.845185
,2022-06-13,96435,SINTEX,Consumidor Especial,SUL,12.84,5.42617
,2022-06-14,96435,SINTEX,Consumidor Especial,SUL,12.84,6.327456
,2022-06-15,96435,SINTEX,Consumidor Especial,SUL,12.84,6.56397
,2022-06-16,96435,SINTEX,Consumidor Especial,SUL,12.84,1.526739
,2022-06-17,96435,SINTEX,Consumidor Especial,SUL,12.84,1.196103
,2022-06-18,96435,SINTEX,Consumidor Especial,SUL,12.84,0.943499
,2022-06-19,96435,SINTEX,Consumidor Especial,SUL,12.84,0.776099
,2022-06-20,96435,SINTEX,Consumidor Especial,SUL,12.84,5.830457
,2022-06-21,96435,SINTEX,Consumidor Especial,SUL,12.84,6.776681
,2022-06-22,96435,SINTEX,Consumidor Especial,SUL,12.84,6.665538
,2022-06-23,96435,SINTEX,Consumidor Especial,SUL,12.84,6.756977
,2022-06-24,96435,SINTEX,Consumidor Especial,SUL,12.84,6.846986
,2022-06-25,96435,SINTEX,Consumidor Especial,SUL,12.84,2.949167
,2022-06-26,96435,SINTEX,Consumidor Especial,SUL,12.84,0.848912
,2022-06-27,96435,SINTEX,Consumidor Especial,SUL,12.84,4.72059
,2022-06-28,96435,SINTEX,Consumidor Especial,SUL,12.84,6.08177
,2022-06-29,96435,SINTEX,Consumidor Especial,SUL,12.84,5.896219
,2022-06-30,96435,SINTEX,Consumidor Especial,SUL,12.84,4.379686
,2022-07-01,96435,SINTEX,Consumidor Especial,SUL,12.84,0.8996919999999999
,2022-07-02,96435,SINTEX,Consumidor Especial,SUL,12.84,0.7417159999999999
,2022-07-03,96435,SINTEX,Consumidor Especial,SUL,12.84,0.675256
,2022-07-04,96435,SINTEX,Consumidor Especial,SUL,12.84,5.327578
,2022-07-05,96435,SINTEX,Consumidor Especial,SUL,12.84,6.315495
,2022-07-06,96435,SINTEX,Consumidor Especial,SUL,12.84,7.463473
,2022-07-07,96435,SINTEX,Consumidor Especial,SUL,12.84,7.699785
,2022-07-08,96435,SINTEX,Consumidor Especial,SUL,12.84,8.495001
,2022-07-09,96435,SINTEX,Consumidor Especial,SUL,12.84,6.144739
,2022-07-10,96435,SINTEX,Consumidor Especial,SUL,12.84,1.74983
,2022-07-11,96435,SINTEX,Consumidor Especial,SUL,12.84,8.45365
,2022-07-12,96435,SINTEX,Consumidor Especial,SUL,12.84,7.918393
,2022-07-13,96435,SINTEX,Consumidor Especial,SUL,12.84,6.282325
,2022-07-14,96435,SINTEX,Consumidor Especial,SUL,12.84,8.061994
,2022-07-15,96435,SINTEX,Consumidor Especial,SUL,12.84,7.826623
,2022-07-16,96435,SINTEX,Consumidor Especial,SUL,12.84,3.758452
,2022-07-17,96435,SINTEX,Consumidor Especial,SUL,12.84,1.65795
,2022-07-18,96435,SINTEX,Consumidor Especial,SUL,12.84,7.205053
,2022-07-19,96435,SINTEX,Consumidor Especial,SUL,12.84,6.547372
,2022-07-20,96435,SINTEX,Consumidor Especial,SUL,12.84,7.075017
,2022-07-21,96435,SINTEX,Consumidor Especial,SUL,12.84,7.805474999999999
,2022-07-22,96435,SINTEX,Consumidor Especial,SUL,12.84,7.764531
,2022-07-23,96435,SINTEX,Consumidor Especial,SUL,12.84,6.24378
,2022-07-24,96435,SINTEX,Consumidor Especial,SUL,12.84,1.304918
,2022-07-25,96435,SINTEX,Consumidor Especial,SUL,12.84,8.330369000000001
,2022-07-26,96435,SINTEX,Consumidor Especial,SUL,12.84,7.653602
,2022-07-27,96435,SINTEX,Consumidor Especial,SUL,12.84,7.525503
,2022-07-28,96435,SINTEX,Consumidor Especial,SUL,12.84,7.556897
,2022-07-29,96435,SINTEX,Consumidor Especial,SUL,12.84,8.334493
,2022-07-30,96435,SINTEX,Consumidor Especial,SUL,12.84,5.030951
,2022-07-31,96435,SINTEX,Consumidor Especial,SUL,12.84,1.284328
,2022-08-01,96435,SINTEX,Consumidor Especial,SUL,12.84,6.408601
,2022-08-02,96435,SINTEX,Consumidor Especial,SUL,12.84,7.763762
,2022-08-03,96435,SINTEX,Consumidor Especial,SUL,12.84,7.459384
,2022-08-04,96435,SINTEX,Consumidor Especial,SUL,12.84,7.450656
,2022-08-05,96435,SINTEX,Consumidor Especial,SUL,12.84,7.176432
,2022-08-06,96435,SINTEX,Consumidor Especial,SUL,12.84,1.962883
,2022-08-07,96435,SINTEX,Consumidor Especial,SUL,12.84,1.020371
,2022-08-08,96435,SINTEX,Consumidor Especial,SUL,12.84,0.968976
,2022-08-09,96435,SINTEX,Consumidor Especial,SUL,12.84,5.353706
,2022-08-10,96435,SINTEX,Consumidor Especial,SUL,12.84,6.463781
,2022-08-11,96435,SINTEX,Consumidor Especial,SUL,12.84,7.922619
,2022-08-12,96435,SINTEX,Consumidor Especial,SUL,12.84,7.627355
,2022-08-13,96435,SINTEX,Consumidor Especial,SUL,12.84,4.925165
,2022-08-14,96435,SINTEX,Consumidor Especial,SUL,12.84,1.392451
,2022-08-15,96435,SINTEX,Consumidor Especial,SUL,12.84,5.045348
,2022-08-16,96435,SINTEX,Consumidor Especial,SUL,12.84,6.777702
,2022-08-17,96435,SINTEX,Consumidor Especial,SUL,12.84,8.06514
,2022-08-18,96435,SINTEX,Consumidor Especial,SUL,12.84,7.530769
,2022-08-19,96435,SINTEX,Consumidor Especial,SUL,12.84,6.391337
,2022-08-20,96435,SINTEX,Consumidor Especial,SUL,12.84,4.130408
,2022-08-21,96435,SINTEX,Consumidor Especial,SUL,12.84,0.697057
,2022-08-22,96435,SINTEX,Consumidor Especial,SUL,12.84,4.912172
,2022-08-23,96435,SINTEX,Consumidor Especial,SUL,12.84,6.709813
,2022-08-24,96435,SINTEX,Consumidor Especial,SUL,12.84,6.29165
,2022-08-25,96435,SINTEX,Consumidor Especial,SUL,12.84,6.96493
,2022-08-26,96435,SINTEX,Consumidor Especial,SUL,12.84,5.947051
,2022-08-27,96435,SINTEX,Consumidor Especial,SUL,12.84,4.437994
,2022-08-28,96435,SINTEX,Consumidor Especial,SUL,12.84,0.830553
,2022-08-29,96435,SINTEX,Consumidor Especial,SUL,12.84,5.533022
,2022-08-30,96435,SINTEX,Consumidor Especial,SUL,12.84,5.911712
,2022-08-31,96435,SINTEX,Consumidor Especial,SUL,12.84,5.513261
,2022-09-01,96435,SINTEX,Consumidor Especial,SUL,12.84,5.314307
,2022-09-02,96435,SINTEX,Consumidor Especial,SUL,12.84,5.703911
,2022-09-03,96435,SINTEX,Consumidor Especial,SUL,12.84,3.735456
,2022-09-04,96435,SINTEX,Consumidor Especial,SUL,12.84,0.860262
,2022-09-05,96435,SINTEX,Consumidor Especial,SUL,12.84,5.138967
,2022-09-06,96435,SINTEX,Consumidor Especial,SUL,12.84,4.806829
,2022-09-07,96435,SINTEX,Consumidor Especial,SUL,12.84,1.053347
,2022-09-08,96435,SINTEX,Consumidor Especial,SUL,12.84,5.972288
,2022-09-09,96435,SINTEX,Consumidor Especial,SUL,12.84,5.744323
,2022-09-10,96435,SINTEX,Consumidor Especial,SUL,12.84,3.440395
,2022-09-11,96435,SINTEX,Consumidor Especial,SUL,12.84,0.885161
,2022-09-12,96435,SINTEX,Consumidor Especial,SUL,12.84,4.662973
,2022-09-13,96435,SINTEX,Consumidor Especial,SUL,12.84,5.459302
,2022-09-14,96435,SINTEX,Consumidor Especial,SUL,12.84,5.724048
,2022-09-15,96435,SINTEX,Consumidor Especial,SUL,12.84,6.303527
,2022-09-16,96435,SINTEX,Consumidor Especial,SUL,12.84,8.04756
,2022-09-17,96435,SINTEX,Consumidor Especial,SUL,12.84,6.414505
,2022-09-18,96435,SINTEX,Consumidor Especial,SUL,12.84,3.658714
,2022-09-19,96435,SINTEX,Consumidor Especial,SUL,12.84,7.966791
,2022-09-20,96435,SINTEX,Consumidor Especial,SUL,12.84,8.184321
,2022-09-21,96435,SINTEX,Consumidor Especial,SUL,12.84,7.248756999999999
,2022-09-22,96435,SINTEX,Consumidor Especial,SUL,12.84,8.619759
,2022-09-23,96435,SINTEX,Consumidor Especial,SUL,12.84,8.747555
,2022-09-24,96435,SINTEX,Consumidor Especial,SUL,12.84,7.187583
,2022-09-25,96435,SINTEX,Consumidor Especial,SUL,12.84,3.364043
,2022-09-26,96435,SINTEX,Consumidor Especial,SUL,12.84,8.568202
,2022-09-27,96435,SINTEX,Consumidor Especial,SUL,12.84,8.486248
,2022-09-28,96435,SINTEX,Consumidor Especial,SUL,12.84,7.84
,2022-09-29,96435,SINTEX,Consumidor Especial,SUL,12.84,7.970306
,2022-09-30,96435,SINTEX,Consumidor Especial,SUL,12.84,7.766346
,2022-10-01,96435,SINTEX,Consumidor Especial,SUL,12.84,5.625279
,2022-10-02,96435,SINTEX,Consumidor Especial,SUL,12.84,1.508538
,2022-10-03,96435,SINTEX,Consumidor Especial,SUL,12.84,6.893623
,2022-10-04,96435,SINTEX,Consumidor Especial,SUL,12.84,8.008249
,2022-10-05,96435,SINTEX,Consumidor Especial,SUL,12.84,7.294261
,2022-10-06,96435,SINTEX,Consumidor Especial,SUL,12.84,8.369087
,2022-10-07,96435,SINTEX,Consumidor Especial,SUL,12.84,7.77721
,2022-10-08,96435,SINTEX,Consumidor Especial,SUL,12.84,6.049408
,2022-10-09,96435,SINTEX,Consumidor Especial,SUL,12.84,1.550185
,2022-10-10,96435,SINTEX,Consumidor Especial,SUL,12.84,7.96682
,2022-10-11,96435,SINTEX,Consumidor Especial,SUL,12.84,6.540284
,2022-10-12,96435,SINTEX,Consumidor Especial,SUL,12.84,1.580449
,2022-10-13,96435,SINTEX,Consumidor Especial,SUL,12.84,7.888475000000001
,2022-10-14,96435,SINTEX,Consumidor Especial,SUL,12.84,7.976975
,2022-10-15,96435,SINTEX,Consumidor Especial,SUL,12.84,5.587528
,2022-10-16,96435,SINTEX,Consumidor Especial,SUL,12.84,1.286513
,2022-10-17,96435,SINTEX,Consumidor Especial,SUL,12.84,7.406399
,2022-10-18,96435,SINTEX,Consumidor Especial,SUL,12.84,7.613661
,2022-10-19,96435,SINTEX,Consumidor Especial,SUL,12.84,7.621427
,2022-10-20,96435,SINTEX,Consumidor Especial,SUL,12.84,8.103086
,2022-10-21,96435,SINTEX,Consumidor Especial,SUL,12.84,7.350804
,2022-10-22,96435,SINTEX,Consumidor Especial,SUL,12.84,5.697549
,2022-10-23,96435,SINTEX,Consumidor Especial,SUL,12.84,1.253218
,2022-10-24,96435,SINTEX,Consumidor Especial,SUL,12.84,7.582259
,2022-10-25,96435,SINTEX,Consumidor Especial,SUL,12.84,7.281684
,2022-10-26,96435,SINTEX,Consumidor Especial,SUL,12.84,7.363054
,2022-10-27,96435,SINTEX,Consumidor Especial,SUL,12.84,7.377148
,2022-10-28,96435,SINTEX,Consumidor Especial,SUL,12.84,7.486954
,2022-10-29,96435,SINTEX,Consumidor Especial,SUL,12.84,6.152493
,2022-10-30,96435,SINTEX,Consumidor Especial,SUL,12.84,1.330383
,2022-10-31,96435,SINTEX,Consumidor Especial,SUL,12.84,7.180882
,2022-11-01,96435,SINTEX,Consumidor Especial,SUL,12.84,6.488301
,2022-11-02,96435,SINTEX,Consumidor Especial,SUL,12.84,1.516725
,2022-11-03,96435,SINTEX,Consumidor Especial,SUL,12.84,6.549986
,2022-11-04,96435,SINTEX,Consumidor Especial,SUL,12.84,8.16427
,2022-11-05,96435,SINTEX,Consumidor Especial,SUL,12.84,5.20968
,2022-11-06,96435,SINTEX,Consumidor Especial,SUL,12.84,1.302499
,2022-11-07,96435,SINTEX,Consumidor Especial,SUL,12.84,5.992953
,2022-11-08,96435,SINTEX,Consumidor Especial,SUL,12.84,8.010111
,2022-11-09,96435,SINTEX,Consumidor Especial,SUL,12.84,7.72461
,2022-11-10,96435,SINTEX,Consumidor Especial,SUL,12.84,7.944509
,2022-11-11,96435,SINTEX,Consumidor Especial,SUL,12.84,7.730261
,2022-11-12,96435,SINTEX,Consumidor Especial,SUL,12.84,5.359543
,2022-11-13,96435,SINTEX,Consumidor Especial,SUL,12.84,1.573235
,2022-11-14,96435,SINTEX,Consumidor Especial,SUL,12.84,4.708273
,2022-11-15,96435,SINTEX,Consumidor Especial,SUL,12.84,0.934141
,2022-11-16,96435,SINTEX,Consumidor Especial,SUL,12.84,3.997137
,2022-11-17,96435,SINTEX,Consumidor Especial,SUL,12.84,8.04656
,2022-11-18,96435,SINTEX,Consumidor Especial,SUL,12.84,8.485249
,2022-11-19,96435,SINTEX,Consumidor Especial,SUL,12.84,5.034327
,2022-11-20,96435,SINTEX,Consumidor Especial,SUL,12.84,2.306725
,2022-11-21,96435,SINTEX,Consumidor Especial,SUL,12.84,6.817021
,2022-11-22,96435,SINTEX,Consumidor Especial,SUL,12.84,7.336063
,2022-11-23,96435,SINTEX,Consumidor Especial,SUL,12.84,7.657383
,2022-11-24,96435,SINTEX,Consumidor Especial,SUL,12.84,6.983791
,2022-11-25,96435,SINTEX,Consumidor Especial,SUL,12.84,6.967457
,2022-11-26,96435,SINTEX,Consumidor Especial,SUL,12.84,5.617012
,2022-11-27,96435,SINTEX,Consumidor Especial,SUL,12.84,1.367782
,2022-11-28,96435,SINTEX,Consumidor Especial,SUL,12.84,5.679019
,2022-11-29,96435,SINTEX,Consumidor Especial,SUL,12.84,8.049424
,2022-11-30,96435,SINTEX,Consumidor Especial,SUL,12.84,7.418838999999999
,2022-12-01,96435,SINTEX,Consumidor Especial,SUL,12.84,7.718085
,2022-12-02,96435,SINTEX,Consumidor Especial,SUL,12.84,6.122771
,2022-12-03,96435,SINTEX,Consumidor Especial,SUL,12.84,5.971341
,2022-12-04,96435,SINTEX,Consumidor Especial,SUL,12.84,1.314637
,2022-12-05,96435,SINTEX,Consumidor Especial,SUL,12.84,6.300715
,2022-12-06,96435,SINTEX,Consumidor Especial,SUL,12.84,7.829263
,2022-12-07,96435,SINTEX,Consumidor Especial,SUL,12.84,7.420776
,2022-12-08,96435,SINTEX,Consumidor Especial,SUL,12.84,8.131893
,2022-12-09,96435,SINTEX,Consumidor Especial,SUL,12.84,7.160659
,2022-12-10,96435,SINTEX,Consumidor Especial,SUL,12.84,5.681469
,2022-12-11,96435,SINTEX,Consumidor Especial,SUL,12.84,1.337158
,2022-12-12,96435,SINTEX,Consumidor Especial,SUL,12.84,5.8643
,2022-12-13,96435,SINTEX,Consumidor Especial,SUL,12.84,7.1494420000000005
,2022-12-14,96435,SINTEX,Consumidor Especial,SUL,12.84,7.43649
,2022-12-15,96435,SINTEX,Consumidor Especial,SUL,12.84,7.799254
,2022-12-16,96435,SINTEX,Consumidor Especial,SUL,12.84,6.258339
,2022-12-17,96435,SINTEX,Consumidor Especial,SUL,12.84,6.197527
,2022-12-18,96435,SINTEX,Consumidor Especial,SUL,12.84,1.36669
,2022-12-19,96435,SINTEX,Consumidor Especial,SUL,12.84,5.758072
,2022-12-20,96435,SINTEX,Consumidor Especial,SUL,12.84,1.808522
,2022-12-21,96435,SINTEX,Consumidor Especial,SUL,12.84,1.038189
,2022-12-22,96435,SINTEX,Consumidor Especial,SUL,12.84,0.979935
,2022-12-23,96435,SINTEX,Consumidor Especial,SUL,12.84,0.776442
,2022-12-24,96435,SINTEX,Consumidor Especial,SUL,12.84,0.846439
,2022-12-25,96435,SINTEX,Consumidor Especial,SUL,12.84,0.80922
,2022-12-26,96435,SINTEX,Consumidor Especial,SUL,12.84,0.863105
,2022-12-27,96435,SINTEX,Consumidor Especial,SUL,12.84,1.029512
,2022-12-28,96435,SINTEX,Consumidor Especial,SUL,12.84,0.87334
,2022-12-29,96435,SINTEX,Consumidor Especial,SUL,12.84,0.899114
,2022-12-30,96435,SINTEX,Consumidor Especial,SUL,12.84,0.859814
,2022-12-31,96435,SINTEX,Consumidor Especial,SUL,12.84,0.879805
