MES_REFERENCIA,DATA,CODIGO_PERFIL_AGENTE,SIGLA_PERFIL_AGENTE,CLASSE_PERFIL_AGENTE,SUBMERCADO,CAPACIDADE_CARGA,CONSUMO_CARGA_ACL
,2023-01-01,43836.0,CONPASUL CL,Consumidor Livre,SUL,23.976000000000003,0.864867
,2023-01-02,43836.0,CONPASUL CL,Consumidor Livre,SUL,23.976000000000003,7.521581
,2023-01-03,43836.0,CONPASUL CL,Consumidor Livre,SUL,23.976000000000003,9.680322
,2023-01-04,43836.0,CONPASUL CL,Consumidor Livre,SUL,23.976000000000003,7.17425
,2023-01-05,43836.0,CONPASUL CL,Consumidor Livre,SUL,23.976000000000003,9.075511
,2023-01-06,43836.0,CONPASUL CL,Consumidor Livre,SUL,23.976000000000003,7.144675
,2023-01-07,43836.0,CONPASUL CL,Consumidor Livre,SUL,23.976000000000003,7.264419
,2023-01-08,43836.0,CONPASUL CL,Consumidor Livre,SUL,23.976000000000003,4.992115
,2023-01-09,43836.0,CONPASUL CL,Consumidor Livre,SUL,23.976000000000003,4.934772
,2023-01-10,43836.0,CONPASUL CL,Consumidor Livre,SUL,23.976000000000003,6.929844
,2023-01-11,43836.0,CONPASUL CL,Consumidor Livre,SUL,23.976000000000003,7.704778
,2023-01-12,43836.0,CONPASUL CL,Consumidor Livre,SUL,23.976000000000003,6.91143
,2023-01-13,43836.0,CONPASUL CL,Consumidor Livre,SUL,23.976000000000003,3.720592
,2023-01-14,43836.0,CONPASUL CL,Consumidor Livre,SUL,23.976000000000003,0.824504
,2023-01-15,43836.0,CONPASUL CL,Consumidor Livre,SUL,23.976000000000003,0.85318
,2023-01-16,43836.0,CONPASUL CL,Consumidor Livre,SUL,23.976000000000003,5.102008
,2023-01-17,43836.0,CONPASUL CL,Consumidor Livre,SUL,23.976000000000003,4.631866
,2023-01-18,43836.0,CONPASUL CL,Consumidor Livre,SUL,23.976000000000003,7.449134
,2023-01-19,43836.0,CONPASUL CL,Consumidor Livre,SUL,23.976000000000003,7.739572
,2023-01-20,43836.0,CONPASUL CL,Consumidor Livre,SUL,23.976000000000003,7.049724
,2023-01-21,43836.0,CONPASUL CL,Consumidor Livre,SUL,23.976000000000003,6.117156
,2023-01-22,43836.0,CONPASUL CL,Consumidor Livre,SUL,23.976000000000003,6.586749999999999
,2023-01-23,43836.0,CONPASUL CL,Consumidor Livre,SUL,23.976000000000003,7.883192
,2023-01-24,43836.0,CONPASUL CL,Consumidor Livre,SUL,23.976000000000003,4.26377
,2023-01-25,43836.0,CONPASUL CL,Consumidor Livre,SUL,23.976000000000003,5.904328
,2023-01-26,43836.0,CONPASUL CL,Consumidor Livre,SUL,23.976000000000003,5.306448
,2023-01-27,43836.0,CONPASUL CL,Consumidor Livre,SUL,23.976000000000003,5.9787930000000005
,2023-01-28,43836.0,CONPASUL CL,Consumidor Livre,SUL,23.976000000000003,6.002574
,2023-01-29,43836.0,CONPASUL CL,Consumidor Livre,SUL,23.976000000000003,0.792955
,2023-01-30,43836.0,CONPASUL CL,Consumidor Livre,SUL,23.976000000000003,7.153662
,2023-01-31,43836.0,CONPASUL CL,Consumidor Livre,SUL,23.976000000000003,9.417901
,2023-02-01,43836.0,CONPASUL CL,Consumidor Livre,SUL,23.976000000000003,6.886195
,2023-02-02,43836.0,CONPASUL CL,Consumidor Livre,SUL,23.976000000000003,5.621055
,2023-02-03,43836.0,CONPASUL CL,Consumidor Livre,SUL,23.976000000000003,6.057512
,2023-02-04,43836.0,CONPASUL CL,Consumidor Livre,SUL,23.976000000000003,3.736027
,2023-02-05,43836.0,CONPASUL CL,Consumidor Livre,SUL,23.976000000000003,0.93242
,2023-02-06,43836.0,CONPASUL CL,Consumidor Livre,SUL,23.976000000000003,7.173862
,2023-02-07,43836.0,CONPASUL CL,Consumidor Livre,SUL,23.976000000000003,7.454163
,2023-02-08,43836.0,CONPASUL CL,Consumidor Livre,SUL,23.976000000000003,8.139911999999999
,2023-02-09,43836.0,CONPASUL CL,Consumidor Livre,SUL,23.976000000000003,8.296794
,2023-02-10,43836.0,CONPASUL CL,Consumidor Livre,SUL,23.976000000000003,6.924468
,2023-02-11,43836.0,CONPASUL CL,Consumidor Livre,SUL,23.976000000000003,3.909222
,2023-02-12,43836.0,CONPASUL CL,Consumidor Livre,SUL,23.976000000000003,2.773367
,2023-02-13,43836.0,CONPASUL CL,Consumidor Livre,SUL,23.976000000000003,8.125349
,2023-02-14,43836.0,CONPASUL CL,Consumidor Livre,SUL,23.976000000000003,6.963063
,2023-02-15,43836.0,CONPASUL CL,Consumidor Livre,SUL,23.976000000000003,1.703706
,2023-02-16,43836.0,CONPASUL CL,Consumidor Livre,SUL,23.976000000000003,4.901984000000001
,2023-02-17,43836.0,CONPASUL CL,Consumidor Livre,SUL,23.976000000000003,6.658654
,2023-02-18,43836.0,CONPASUL CL,Consumidor Livre,SUL,23.976000000000003,0.580749
,2023-02-19,43836.0,CONPASUL CL,Consumidor Livre,SUL,23.976000000000003,0.700511
,2023-02-20,43836.0,CONPASUL CL,Consumidor Livre,SUL,23.976000000000003,6.315056
,2023-02-21,43836.0,CONPASUL CL,Consumidor Livre,SUL,23.976000000000003,6.661902
,2023-02-22,43836.0,CONPASUL CL,Consumidor Livre,SUL,23.976000000000003,7.468044
,2023-02-23,43836.0,CONPASUL CL,Consumidor Livre,SUL,23.976000000000003,6.126881
,2023-02-24,43836.0,CONPASUL CL,Consumidor Livre,SUL,23.976000000000003,4.898544
,2023-02-25,43836.0,CONPASUL CL,Consumidor Livre,SUL,23.976000000000003,0.642688
,2023-02-26,43836.0,CONPASUL CL,Consumidor Livre,SUL,23.976000000000003,0.910573
,2023-02-27,43836.0,CONPASUL CL,Consumidor Livre,SUL,23.976000000000003,4.726228
,2023-02-28,43836.0,CONPASUL CL,Consumidor Livre,SUL,23.976000000000003,1.791431
,2023-03-01,43836.0,CONPASUL CL,Consumidor Livre,SUL,23.976000000000003,1.647474
,2023-03-02,43836.0,CONPASUL CL,Consumidor Livre,SUL,23.976000000000003,1.606364
,2023-03-03,43836.0,CONPASUL CL,Consumidor Livre,SUL,23.976000000000003,4.91569
,2023-03-04,43836.0,CONPASUL CL,Consumidor Livre,SUL,23.976000000000003,0.816986
,2023-03-05,43836.0,CONPASUL CL,Consumidor Livre,SUL,23.976000000000003,0.751961
,2023-03-06,43836.0,CONPASUL CL,Consumidor Livre,SUL,23.976000000000003,4.113641
,2023-03-07,43836.0,CONPASUL CL,Consumidor Livre,SUL,23.976000000000003,1.712292
,2023-03-08,43836.0,CONPASUL CL,Consumidor Livre,SUL,23.976000000000003,5.443858
,2023-03-09,43836.0,CONPASUL CL,Consumidor Livre,SUL,23.976000000000003,6.29438
,2023-03-10,43836.0,CONPASUL CL,Consumidor Livre,SUL,23.976000000000003,7.50866
,2023-03-11,43836.0,CONPASUL CL,Consumidor Livre,SUL,23.976000000000003,4.996685
,2023-03-12,43836.0,CONPASUL CL,Consumidor Livre,SUL,23.976000000000003,0.772795
,2023-03-13,43836.0,CONPASUL CL,Consumidor Livre,SUL,23.976000000000003,4.205799
,2023-03-14,43836.0,CONPASUL CL,Consumidor Livre,SUL,23.976000000000003,4.329356
,2023-03-15,43836.0,CONPASUL CL,Consumidor Livre,SUL,23.976000000000003,4.141009
,2023-03-16,43836.0,CONPASUL CL,Consumidor Livre,SUL,23.976000000000003,5.446888
,2023-03-17,43836.0,CONPASUL CL,Consumidor Livre,SUL,23.976000000000003,6.170931
,2023-03-18,43836.0,CONPASUL CL,Consumidor Livre,SUL,23.976000000000003,0.696482
,2023-03-19,43836.0,CONPASUL CL,Consumidor Livre,SUL,23.976000000000003,0.871605
,2023-03-20,43836.0,CONPASUL CL,Consumidor Livre,SUL,23.976000000000003,6.912964
,2023-03-21,43836.0,CONPASUL CL,Consumidor Livre,SUL,23.976000000000003,6.552653
,2023-03-22,43836.0,CONPASUL CL,Consumidor Livre,SUL,23.976000000000003,7.788637
,2023-03-23,43836.0,CONPASUL CL,Consumidor Livre,SUL,23.976000000000003,6.16476
,2023-03-24,43836.0,CONPASUL CL,Consumidor Livre,SUL,23.976000000000003,6.573301
,2023-03-25,43836.0,CONPASUL CL,Consumidor Livre,SUL,23.976000000000003,5.08933
,2023-03-26,43836.0,CONPASUL CL,Consumidor Livre,SUL,23.976000000000003,2.480202
,2023-03-27,43836.0,CONPASUL CL,Consumidor Livre,SUL,23.976000000000003,6.744445
,2023-03-28,43836.0,CONPASUL CL,Consumidor Livre,SUL,23.976000000000003,7.668627
,2023-03-29,43836.0,CONPASUL CL,Consumidor Livre,SUL,23.976000000000003,6.394658
,2023-03-30,43836.0,CONPASUL CL,Consumidor Livre,SUL,23.976000000000003,7.966104
,2023-03-31,43836.0,CONPASUL CL,Consumidor Livre,SUL,23.976000000000003,7.466349
,2023-04-01,43836.0,CONPASUL CL,Consumidor Livre,SUL,23.976000000000003,3.558806
,2023-04-02,43836.0,CONPASUL CL,Consumidor Livre,SUL,23.976000000000003,0.868088
,2023-04-03,43836.0,CONPASUL CL,Consumidor Livre,SUL,23.976000000000003,4.269606
,2023-04-04,43836.0,CONPASUL CL,Consumidor Livre,SUL,23.976000000000003,2.440088
,2023-04-05,43836.0,CONPASUL CL,Consumidor Livre,SUL,23.976000000000003,8.118801
,2023-04-06,43836.0,CONPASUL CL,Consumidor Livre,SUL,23.976000000000003,4.849203
,2023-04-07,43836.0,CONPASUL CL,Consumidor Livre,SUL,23.976000000000003,0.605532
,2023-04-08,43836.0,CONPASUL CL,Consumidor Livre,SUL,23.976000000000003,0.689581
,2023-04-09,43836.0,CONPASUL CL,Consumidor Livre,SUL,23.976000000000003,0.844062
,2023-04-10,43836.0,CONPASUL CL,Consumidor Livre,SUL,23.976000000000003,4.779165
,2023-04-11,43836.0,CONPASUL CL,Consumidor Livre,SUL,23.976000000000003,5.309811
,2023-04-12,43836.0,CONPASUL CL,Consumidor Livre,SUL,23.976000000000003,2.793537
,2023-04-13,43836.0,CONPASUL CL,Consumidor Livre,SUL,23.976000000000003,4.758348
,2023-04-14,43836.0,CONPASUL CL,Consumidor Livre,SUL,23.976000000000003,8.178979
,2023-04-15,43836.0,CONPASUL CL,Consumidor Livre,SUL,23.976000000000003,7.316216
,2023-04-16,43836.0,CONPASUL CL,Consumidor Livre,SUL,23.976000000000003,4.233482
,2023-04-17,43836.0,CONPASUL CL,Consumidor Livre,SUL,23.976000000000003,8.019664
,2023-04-18,43836.0,CONPASUL CL,Consumidor Livre,SUL,23.976000000000003,8.789406
,2023-04-19,43836.0,CONPASUL CL,Consumidor Livre,SUL,23.976000000000003,1.821841
,2023-04-20,43836.0,CONPASUL CL,Consumidor Livre,SUL,23.976000000000003,7.839855
,2023-04-21,43836.0,CONPASUL CL,Consumidor Livre,SUL,23.976000000000003,6.524562
,2023-04-22,43836.0,CONPASUL CL,Consumidor Livre,SUL,23.976000000000003,6.795638
,2023-04-23,43836.0,CONPASUL CL,Consumidor Livre,SUL,23.976000000000003,0.969813
,2023-04-24,43836.0,CONPASUL CL,Consumidor Livre,SUL,23.976000000000003,9.247536
,2023-04-25,43836.0,CONPASUL CL,Consumidor Livre,SUL,23.976000000000003,7.634069
,2023-04-26,43836.0,CONPASUL CL,Consumidor Livre,SUL,23.976000000000003,8.91562
,2023-04-27,43836.0,CONPASUL CL,Consumidor Livre,SUL,23.976000000000003,7.919394
,2023-04-28,43836.0,CONPASUL CL,Consumidor Livre,SUL,23.976000000000003,6.435888
,2023-04-29,43836.0,CONPASUL CL,Consumidor Livre,SUL,23.976000000000003,4.664314
,2023-04-30,43836.0,CONPASUL CL,Consumidor Livre,SUL,23.976000000000003,0.873441
,2023-05-01,43836.0,CONPASUL CL,Consumidor Livre,SUL,23.976000000000003,0.947393
,2023-05-02,43836.0,CONPASUL CL,Consumidor Livre,SUL,23.976000000000003,6.515911
,2023-05-03,43836.0,CONPASUL CL,Consumidor Livre,SUL,23.976000000000003,5.886732
,2023-05-04,43836.0,CONPASUL CL,Consumidor Livre,SUL,23.976000000000003,6.089252
,2023-05-05,43836.0,CONPASUL CL,Consumidor Livre,SUL,23.976000000000003,2.904305
,2023-05-06,43836.0,CONPASUL CL,Consumidor Livre,SUL,23.976000000000003,0.628343
,2023-05-07,43836.0,CONPASUL CL,Consumidor Livre,SUL,23.976000000000003,0.829306
,2023-05-08,43836.0,CONPASUL CL,Consumidor Livre,SUL,23.976000000000003,3.799546
,2023-05-09,43836.0,CONPASUL CL,Consumidor Livre,SUL,23.976000000000003,6.134614
,2023-05-10,43836.0,CONPASUL CL,Consumidor Livre,SUL,23.976000000000003,5.913938
,2023-05-11,43836.0,CONPASUL CL,Consumidor Livre,SUL,23.976000000000003,5.252548
,2023-05-12,43836.0,CONPASUL CL,Consumidor Livre,SUL,23.976000000000003,5.426083
,2023-05-13,43836.0,CONPASUL CL,Consumidor Livre,SUL,23.976000000000003,0.629214
,2023-05-14,43836.0,CONPASUL CL,Consumidor Livre,SUL,23.976000000000003,0.723615
,2023-05-15,43836.0,CONPASUL CL,Consumidor Livre,SUL,23.976000000000003,4.957094
,2023-05-16,43836.0,CONPASUL CL,Consumidor Livre,SUL,23.976000000000003,5.376209
,2023-05-17,43836.0,CONPASUL CL,Consumidor Livre,SUL,23.976000000000003,4.16182
,2023-05-18,43836.0,CONPASUL CL,Consumidor Livre,SUL,23.976000000000003,3.000434
,2023-05-19,43836.0,CONPASUL CL,Consumidor Livre,SUL,23.976000000000003,1.084373
,2023-05-20,43836.0,CONPASUL CL,Consumidor Livre,SUL,23.976000000000003,0.534346
,2023-05-21,43836.0,CONPASUL CL,Consumidor Livre,SUL,23.976000000000003,0.74271
,2023-05-22,43836.0,CONPASUL CL,Consumidor Livre,SUL,23.976000000000003,1.492095
,2023-05-23,43836.0,CONPASUL CL,Consumidor Livre,SUL,23.976000000000003,5.605027
,2023-05-24,43836.0,CONPASUL CL,Consumidor Livre,SUL,23.976000000000003,5.884179
,2023-05-25,43836.0,CONPASUL CL,Consumidor Livre,SUL,23.976000000000003,6.020428
,2023-05-26,43836.0,CONPASUL CL,Consumidor Livre,SUL,23.976000000000003,5.900032
,2023-05-27,43836.0,CONPASUL CL,Consumidor Livre,SUL,23.976000000000003,0.6125309999999999
,2023-05-28,43836.0,CONPASUL CL,Consumidor Livre,SUL,23.976000000000003,0.823111
,2023-05-29,43836.0,CONPASUL CL,Consumidor Livre,SUL,23.976000000000003,7.0720920000000005
,2023-05-30,43836.0,CONPASUL CL,Consumidor Livre,SUL,23.976000000000003,5.996937
,2023-05-31,43836.0,CONPASUL CL,Consumidor Livre,SUL,23.976000000000003,5.623883
,2023-06-01,43836.0,CONPASUL CL,Consumidor Livre,SUL,23.976000000000003,3.376935
,2023-06-02,43836.0,CONPASUL CL,Consumidor Livre,SUL,23.976000000000003,2.781799
,2023-06-03,43836.0,CONPASUL CL,Consumidor Livre,SUL,23.976000000000003,4.830015
,2023-06-04,43836.0,CONPASUL CL,Consumidor Livre,SUL,23.976000000000003,0.885007
,2023-06-05,43836.0,CONPASUL CL,Consumidor Livre,SUL,23.976000000000003,7.198767
,2023-06-06,43836.0,CONPASUL CL,Consumidor Livre,SUL,23.976000000000003,6.9149910000000006
,2023-06-07,43836.0,CONPASUL CL,Consumidor Livre,SUL,23.976000000000003,6.811719
,2023-06-08,43836.0,CONPASUL CL,Consumidor Livre,SUL,23.976000000000003,6.92638
,2023-06-09,43836.0,CONPASUL CL,Consumidor Livre,SUL,23.976000000000003,1.671335
,2023-06-10,43836.0,CONPASUL CL,Consumidor Livre,SUL,23.976000000000003,0.742595
,2023-06-11,43836.0,CONPASUL CL,Consumidor Livre,SUL,23.976000000000003,1.111667
,2023-06-12,43836.0,CONPASUL CL,Consumidor Livre,SUL,23.976000000000003,7.970156
,2023-06-13,43836.0,CONPASUL CL,Consumidor Livre,SUL,23.976000000000003,6.852214
,2023-06-14,43836.0,CONPASUL CL,Consumidor Livre,SUL,23.976000000000003,4.77058
,2023-06-15,43836.0,CONPASUL CL,Consumidor Livre,SUL,23.976000000000003,1.549464
,2023-06-16,43836.0,CONPASUL CL,Consumidor Livre,SUL,23.976000000000003,1.373901
,2023-06-17,43836.0,CONPASUL CL,Consumidor Livre,SUL,23.976000000000003,0.93421
,2023-06-18,43836.0,CONPASUL CL,Consumidor Livre,SUL,23.976000000000003,0.932605
,2023-06-19,43836.0,CONPASUL CL,Consumidor Livre,SUL,23.976000000000003,3.869205
,2023-06-20,43836.0,CONPASUL CL,Consumidor Livre,SUL,23.976000000000003,6.946872
,2023-06-21,43836.0,CONPASUL CL,Consumidor Livre,SUL,23.976000000000003,7.982495
,2023-06-22,43836.0,CONPASUL CL,Consumidor Livre,SUL,23.976000000000003,7.165204
,2023-06-23,43836.0,CONPASUL CL,Consumidor Livre,SUL,23.976000000000003,6.052918999999999
,2023-06-24,43836.0,CONPASUL CL,Consumidor Livre,SUL,23.976000000000003,3.239751
,2023-06-25,43836.0,CONPASUL CL,Consumidor Livre,SUL,23.976000000000003,0.858096
,2023-06-26,43836.0,CONPASUL CL,Consumidor Livre,SUL,23.976000000000003,7.042718
,2023-06-27,43836.0,CONPASUL CL,Consumidor Livre,SUL,23.976000000000003,8.370286
,2023-06-28,43836.0,CONPASUL CL,Consumidor Livre,SUL,23.976000000000003,7.700855
,2023-06-29,43836.0,CONPASUL CL,Consumidor Livre,SUL,23.976000000000003,7.156871000000001
,2023-06-30,43836.0,CONPASUL CL,Consumidor Livre,SUL,23.976000000000003,7.052167
,2023-07-01,43836.0,CONPASUL CL,Consumidor Livre,SUL,23.976000000000003,3.723725
,2023-07-02,43836.0,CONPASUL CL,Consumidor Livre,SUL,23.976000000000003,1.058929
,2023-07-03,43836.0,CONPASUL CL,Consumidor Livre,SUL,23.976000000000003,5.403337
,2023-07-04,43836.0,CONPASUL CL,Consumidor Livre,SUL,23.976000000000003,7.546621
,2023-07-05,43836.0,CONPASUL CL,Consumidor Livre,SUL,23.976000000000003,7.233287
,2023-07-06,43836.0,CONPASUL CL,Consumidor Livre,SUL,23.976000000000003,2.662637
,2023-07-07,43836.0,CONPASUL CL,Consumidor Livre,SUL,23.976000000000003,1.476662
,2023-07-08,43836.0,CONPASUL CL,Consumidor Livre,SUL,23.976000000000003,0.68764
,2023-07-09,43836.0,CONPASUL CL,Consumidor Livre,SUL,23.976000000000003,0.991741
,2023-07-10,43836.0,CONPASUL CL,Consumidor Livre,SUL,23.976000000000003,5.055167
,2023-07-11,43836.0,CONPASUL CL,Consumidor Livre,SUL,23.976000000000003,4.680166
,2023-07-12,43836.0,CONPASUL CL,Consumidor Livre,SUL,23.976000000000003,1.602544
,2023-07-13,43836.0,CONPASUL CL,Consumidor Livre,SUL,23.976000000000003,1.530519
,2023-07-14,43836.0,CONPASUL CL,Consumidor Livre,SUL,23.976000000000003,4.796645
,2023-07-15,43836.0,CONPASUL CL,Consumidor Livre,SUL,23.976000000000003,2.456126
,2023-07-16,43836.0,CONPASUL CL,Consumidor Livre,SUL,23.976000000000003,1.049389
,2023-07-17,43836.0,CONPASUL CL,Consumidor Livre,SUL,23.976000000000003,4.611531
,2023-07-18,43836.0,CONPASUL CL,Consumidor Livre,SUL,23.976000000000003,4.280989
,2023-07-19,43836.0,CONPASUL CL,Consumidor Livre,SUL,23.976000000000003,4.447415
,2023-07-20,43836.0,CONPASUL CL,Consumidor Livre,SUL,23.976000000000003,1.949509
,2023-07-21,43836.0,CONPASUL CL,Consumidor Livre,SUL,23.976000000000003,1.850103
,2023-07-22,43836.0,CONPASUL CL,Consumidor Livre,SUL,23.976000000000003,0.636216
,2023-07-23,43836.0,CONPASUL CL,Consumidor Livre,SUL,23.976000000000003,0.961308
,2023-07-24,43836.0,CONPASUL CL,Consumidor Livre,SUL,23.976000000000003,5.457107
,2023-07-25,43836.0,CONPASUL CL,Consumidor Livre,SUL,23.976000000000003,4.421895
,2023-07-26,43836.0,CONPASUL CL,Consumidor Livre,SUL,23.976000000000003,6.46446
,2023-07-27,43836.0,CONPASUL CL,Consumidor Livre,SUL,23.976000000000003,4.384634
,2023-07-28,43836.0,CONPASUL CL,Consumidor Livre,SUL,23.976000000000003,2.2900620000000003
,2023-07-29,43836.0,CONPASUL CL,Consumidor Livre,SUL,23.976000000000003,1.481818
,2023-07-30,43836.0,CONPASUL CL,Consumidor Livre,SUL,23.976000000000003,0.956893
,2023-07-31,43836.0,CONPASUL CL,Consumidor Livre,SUL,23.976000000000003,2.642119
,2023-08-01,43836.0,CONPASUL CL,Consumidor Livre,SUL,23.976000000000003,3.53911
,2023-08-02,43836.0,CONPASUL CL,Consumidor Livre,SUL,23.976000000000003,5.386259
,2023-08-03,43836.0,CONPASUL CL,Consumidor Livre,SUL,23.976000000000003,3.400606
,2023-08-04,43836.0,CONPASUL CL,Consumidor Livre,SUL,23.976000000000003,3.615319
,2023-08-05,43836.0,CONPASUL CL,Consumidor Livre,SUL,23.976000000000003,0.733971
,2023-08-06,43836.0,CONPASUL CL,Consumidor Livre,SUL,23.976000000000003,0.823375
,2023-08-07,43836.0,CONPASUL CL,Consumidor Livre,SUL,23.976000000000003,5.21553
,2023-08-08,43836.0,CONPASUL CL,Consumidor Livre,SUL,23.976000000000003,3.295309
,2023-08-09,43836.0,CONPASUL CL,Consumidor Livre,SUL,23.976000000000003,1.446072
,2023-08-10,43836.0,CONPASUL CL,Consumidor Livre,SUL,23.976000000000003,4.213699
,2023-08-11,43836.0,CONPASUL CL,Consumidor Livre,SUL,23.976000000000003,1.393856
,2023-08-12,43836.0,CONPASUL CL,Consumidor Livre,SUL,23.976000000000003,0.646308
,2023-08-13,43836.0,CONPASUL CL,Consumidor Livre,SUL,23.976000000000003,0.888699
,2023-08-14,43836.0,CONPASUL CL,Consumidor Livre,SUL,23.976000000000003,3.554351
,2023-08-15,43836.0,CONPASUL CL,Consumidor Livre,SUL,23.976000000000003,4.207813
,2023-08-16,43836.0,CONPASUL CL,Consumidor Livre,SUL,23.976000000000003,2.898106
,2023-08-17,43836.0,CONPASUL CL,Consumidor Livre,SUL,23.976000000000003,5.481557
,2023-08-18,43836.0,CONPASUL CL,Consumidor Livre,SUL,23.976000000000003,3.675646
,2023-08-19,43836.0,CONPASUL CL,Consumidor Livre,SUL,23.976000000000003,0.599692
,2023-08-20,43836.0,CONPASUL CL,Consumidor Livre,SUL,23.976000000000003,0.766278
,2023-08-21,43836.0,CONPASUL CL,Consumidor Livre,SUL,23.976000000000003,4.159742
,2023-08-22,43836.0,CONPASUL CL,Consumidor Livre,SUL,23.976000000000003,5.736802
,2023-08-23,43836.0,CONPASUL CL,Consumidor Livre,SUL,23.976000000000003,4.7506450000000005
,2023-08-24,43836.0,CONPASUL CL,Consumidor Livre,SUL,23.976000000000003,5.4337290000000005
,2023-08-25,43836.0,CONPASUL CL,Consumidor Livre,SUL,23.976000000000003,5.936858
,2023-08-26,43836.0,CONPASUL CL,Consumidor Livre,SUL,23.976000000000003,3.204168
,2023-08-27,43836.0,CONPASUL CL,Consumidor Livre,SUL,23.976000000000003,0.931004
,2023-08-28,43836.0,CONPASUL CL,Consumidor Livre,SUL,23.976000000000003,4.939278
,2023-08-29,43836.0,CONPASUL CL,Consumidor Livre,SUL,23.976000000000003,7.116305
,2023-08-30,43836.0,CONPASUL CL,Consumidor Livre,SUL,23.976000000000003,6.944548999999999
,2023-08-31,43836.0,CONPASUL CL,Consumidor Livre,SUL,23.976000000000003,4.297052
,2023-09-01,43836.0,CONPASUL CL,Consumidor Livre,SUL,23.976000000000003,4.52276
,2023-09-02,43836.0,CONPASUL CL,Consumidor Livre,SUL,23.976000000000003,1.203689
,2023-09-03,43836.0,CONPASUL CL,Consumidor Livre,SUL,23.976000000000003,1.103072
,2023-09-04,43836.0,CONPASUL CL,Consumidor Livre,SUL,23.976000000000003,1.497193
,2023-09-05,43836.0,CONPASUL CL,Consumidor Livre,SUL,23.976000000000003,1.231688
,2023-09-06,43836.0,CONPASUL CL,Consumidor Livre,SUL,23.976000000000003,2.157414
,2023-09-07,43836.0,CONPASUL CL,Consumidor Livre,SUL,23.976000000000003,4.264149
,2023-09-08,43836.0,CONPASUL CL,Consumidor Livre,SUL,23.976000000000003,1.395557
,2023-09-09,43836.0,CONPASUL CL,Consumidor Livre,SUL,23.976000000000003,1.126427
,2023-09-10,43836.0,CONPASUL CL,Consumidor Livre,SUL,23.976000000000003,0.954239
,2023-09-11,43836.0,CONPASUL CL,Consumidor Livre,SUL,23.976000000000003,5.647876
,2023-09-12,43836.0,CONPASUL CL,Consumidor Livre,SUL,23.976000000000003,2.3604000000000003
,2023-09-13,43836.0,CONPASUL CL,Consumidor Livre,SUL,23.976000000000003,1.227586
,2023-09-14,43836.0,CONPASUL CL,Consumidor Livre,SUL,23.976000000000003,1.430774
,2023-09-15,43836.0,CONPASUL CL,Consumidor Livre,SUL,23.976000000000003,2.319012
,2023-09-16,43836.0,CONPASUL CL,Consumidor Livre,SUL,23.976000000000003,0.615715
,2023-09-17,43836.0,CONPASUL CL,Consumidor Livre,SUL,23.976000000000003,0.681735
,2023-09-18,43836.0,CONPASUL CL,Consumidor Livre,SUL,23.976000000000003,1.514817
,2023-09-19,43836.0,CONPASUL CL,Consumidor Livre,SUL,23.976000000000003,2.112571
,2023-09-20,43836.0,CONPASUL CL,Consumidor Livre,SUL,23.976000000000003,7.153267
,2023-09-21,43836.0,CONPASUL CL,Consumidor Livre,SUL,23.976000000000003,4.570654
,2023-09-22,43836.0,CONPASUL CL,Consumidor Livre,SUL,23.976000000000003,3.395117
,2023-09-23,43836.0,CONPASUL CL,Consumidor Livre,SUL,23.976000000000003,2.281919
,2023-09-24,43836.0,CONPASUL CL,Consumidor Livre,SUL,23.976000000000003,0.764673
,2023-09-25,43836.0,CONPASUL CL,Consumidor Livre,SUL,23.976000000000003,2.5784350000000003
,2023-09-26,43836.0,CONPASUL CL,Consumidor Livre,SUL,23.976000000000003,3.942954
,2023-09-27,43836.0,CONPASUL CL,Consumidor Livre,SUL,23.976000000000003,3.273266
,2023-09-28,43836.0,CONPASUL CL,Consumidor Livre,SUL,23.976000000000003,2.722452
,2023-09-29,43836.0,CONPASUL CL,Consumidor Livre,SUL,23.976000000000003,4.385466
,2023-09-30,43836.0,CONPASUL CL,Consumidor Livre,SUL,23.976000000000003,1.121143
,2023-10-01,43836.0,CONPASUL CL,Consumidor Livre,SUL,23.976000000000003,0.858631
,2023-10-02,43836.0,CONPASUL CL,Consumidor Livre,SUL,23.976000000000003,3.592032
,2023-10-03,43836.0,CONPASUL CL,Consumidor Livre,SUL,23.976000000000003,2.886221
,2023-10-04,43836.0,CONPASUL CL,Consumidor Livre,SUL,23.976000000000003,1.17992
,2023-10-05,43836.0,CONPASUL CL,Consumidor Livre,SUL,23.976000000000003,1.275607
,2023-10-06,43836.0,CONPASUL CL,Consumidor Livre,SUL,23.976000000000003,1.623153
,2023-10-07,43836.0,CONPASUL CL,Consumidor Livre,SUL,23.976000000000003,1.260596
,2023-10-08,43836.0,CONPASUL CL,Consumidor Livre,SUL,23.976000000000003,1.130706
,2023-10-09,43836.0,CONPASUL CL,Consumidor Livre,SUL,23.976000000000003,1.771601
,2023-10-10,43836.0,CONPASUL CL,Consumidor Livre,SUL,23.976000000000003,1.398668
,2023-10-11,43836.0,CONPASUL CL,Consumidor Livre,SUL,23.976000000000003,1.326722
,2023-10-12,43836.0,CONPASUL CL,Consumidor Livre,SUL,23.976000000000003,1.293132
,2023-10-13,43836.0,CONPASUL CL,Consumidor Livre,SUL,23.976000000000003,5.275853
,2023-10-14,43836.0,CONPASUL CL,Consumidor Livre,SUL,23.976000000000003,4.09974
,2023-10-15,43836.0,CONPASUL CL,Consumidor Livre,SUL,23.976000000000003,0.989007
,2023-10-16,43836.0,CONPASUL CL,Consumidor Livre,SUL,23.976000000000003,4.314308
,2023-10-17,43836.0,CONPASUL CL,Consumidor Livre,SUL,23.976000000000003,4.407896
,2023-10-18,43836.0,CONPASUL CL,Consumidor Livre,SUL,23.976000000000003,3.356993
,2023-10-19,43836.0,CONPASUL CL,Consumidor Livre,SUL,23.976000000000003,4.684234
,2023-10-20,43836.0,CONPASUL CL,Consumidor Livre,SUL,23.976000000000003,4.6949510000000005
,2023-10-21,43836.0,CONPASUL CL,Consumidor Livre,SUL,23.976000000000003,6.043817
,2023-10-22,43836.0,CONPASUL CL,Consumidor Livre,SUL,23.976000000000003,2.910264
,2023-10-23,43836.0,CONPASUL CL,Consumidor Livre,SUL,23.976000000000003,4.483836
,2023-10-24,43836.0,CONPASUL CL,Consumidor Livre,SUL,23.976000000000003,4.892232
,2023-10-25,43836.0,CONPASUL CL,Consumidor Livre,SUL,23.976000000000003,5.775404
,2023-10-26,43836.0,CONPASUL CL,Consumidor Livre,SUL,23.976000000000003,5.739939
,2023-10-27,43836.0,CONPASUL CL,Consumidor Livre,SUL,23.976000000000003,6.303016
,2023-10-28,43836.0,CONPASUL CL,Consumidor Livre,SUL,23.976000000000003,3.719374
,2023-10-29,43836.0,CONPASUL CL,Consumidor Livre,SUL,23.976000000000003,0.889622
,2023-10-30,43836.0,CONPASUL CL,Consumidor Livre,SUL,23.976000000000003,1.451039
,2023-10-31,43836.0,CONPASUL CL,Consumidor Livre,SUL,23.976000000000003,1.236068
,2023-11-01,43836.0,CONPASUL CL,Consumidor Livre,SUL,23.976000000000003,4.359825
,2023-11-02,43836.0,CONPASUL CL,Consumidor Livre,SUL,23.976000000000003,0.875426
,2023-11-03,43836.0,CONPASUL CL,Consumidor Livre,SUL,23.976000000000003,1.210312
,2023-11-04,43836.0,CONPASUL CL,Consumidor Livre,SUL,23.976000000000003,5.098279
,2023-11-05,43836.0,CONPASUL CL,Consumidor Livre,SUL,23.976000000000003,1.039328
,2023-11-06,43836.0,CONPASUL CL,Consumidor Livre,SUL,23.976000000000003,5.514203
,2023-11-07,43836.0,CONPASUL CL,Consumidor Livre,SUL,23.976000000000003,3.45016
,2023-11-08,43836.0,CONPASUL CL,Consumidor Livre,SUL,23.976000000000003,5.770363
,2023-11-09,43836.0,CONPASUL CL,Consumidor Livre,SUL,23.976000000000003,5.414327
,2023-11-10,43836.0,CONPASUL CL,Consumidor Livre,SUL,23.976000000000003,5.790537
,2023-11-11,43836.0,CONPASUL CL,Consumidor Livre,SUL,23.976000000000003,4.085796
,2023-11-12,43836.0,CONPASUL CL,Consumidor Livre,SUL,23.976000000000003,0.966859
,2023-11-13,43836.0,CONPASUL CL,Consumidor Livre,SUL,23.976000000000003,2.889649
,2023-11-14,43836.0,CONPASUL CL,Consumidor Livre,SUL,23.976000000000003,3.416974
,2023-11-15,43836.0,CONPASUL CL,Consumidor Livre,SUL,23.976000000000003,3.268406
,2023-11-16,43836.0,CONPASUL CL,Consumidor Livre,SUL,23.976000000000003,4.195598
,2023-11-17,43836.0,CONPASUL CL,Consumidor Livre,SUL,23.976000000000003,4.659083
,2023-11-18,43836.0,CONPASUL CL,Consumidor Livre,SUL,23.976000000000003,1.149381
,2023-11-19,43836.0,CONPASUL CL,Consumidor Livre,SUL,23.976000000000003,0.188629
,2023-11-20,43836.0,CONPASUL CL,Consumidor Livre,SUL,23.976000000000003,3.029051
,2023-11-21,43836.0,CONPASUL CL,Consumidor Livre,SUL,23.976000000000003,6.547865000000001
,2023-11-22,43836.0,CONPASUL CL,Consumidor Livre,SUL,23.976000000000003,3.013628
,2023-11-23,43836.0,CONPASUL CL,Consumidor Livre,SUL,23.976000000000003,6.346404
,2023-11-24,43836.0,CONPASUL CL,Consumidor Livre,SUL,23.976000000000003,7.327343
,2023-11-25,43836.0,CONPASUL CL,Consumidor Livre,SUL,23.976000000000003,6.68642
,2023-11-26,43836.0,CONPASUL CL,Consumidor Livre,SUL,23.976000000000003,0.926233
,2023-11-27,43836.0,CONPASUL CL,Consumidor Livre,SUL,23.976000000000003,6.049501
,2023-11-28,43836.0,CONPASUL CL,Consumidor Livre,SUL,23.976000000000003,4.212533
,2023-11-29,43836.0,CONPASUL CL,Consumidor Livre,SUL,23.976000000000003,4.99446
,2023-11-30,43836.0,CONPASUL CL,Consumidor Livre,SUL,23.976000000000003,3.823597
,2023-12-01,43836.0,CONPASUL CL,Consumidor Livre,SUL,23.976000000000003,7.001987
,2023-12-02,43836.0,CONPASUL CL,Consumidor Livre,SUL,23.976000000000003,5.768404
,2023-12-03,43836.0,CONPASUL CL,Consumidor Livre,SUL,23.976000000000003,0.950656
,2023-12-04,43836.0,CONPASUL CL,Consumidor Livre,SUL,23.976000000000003,4.728274
,2023-12-05,43836.0,CONPASUL CL,Consumidor Livre,SUL,23.976000000000003,5.032385
,2023-12-06,43836.0,CONPASUL CL,Consumidor Livre,SUL,23.976000000000003,5.49683
,2023-12-07,43836.0,CONPASUL CL,Consumidor Livre,SUL,23.976000000000003,5.690381
,2023-12-08,43836.0,CONPASUL CL,Consumidor Livre,SUL,23.976000000000003,6.115149
,2023-12-09,43836.0,CONPASUL CL,Consumidor Livre,SUL,23.976000000000003,5.390249
,2023-12-10,43836.0,CONPASUL CL,Consumidor Livre,SUL,23.976000000000003,3.140059
,2023-12-11,43836.0,CONPASUL CL,Consumidor Livre,SUL,23.976000000000003,1.843735
,2023-12-12,43836.0,CONPASUL CL,Consumidor Livre,SUL,23.976000000000003,3.711852
,2023-12-13,43836.0,CONPASUL CL,Consumidor Livre,SUL,23.976000000000003,7.053122
,2023-12-14,43836.0,CONPASUL CL,Consumidor Livre,SUL,23.976000000000003,6.150036
,2023-12-15,43836.0,CONPASUL CL,Consumidor Livre,SUL,23.976000000000003,6.53514
,2023-12-16,43836.0,CONPASUL CL,Consumidor Livre,SUL,23.976000000000003,3.881038
,2023-12-17,43836.0,CONPASUL CL,Consumidor Livre,SUL,23.976000000000003,0.969568
,2023-12-18,43836.0,CONPASUL CL,Consumidor Livre,SUL,23.976000000000003,5.010457
,2023-12-19,43836.0,CONPASUL CL,Consumidor Livre,SUL,23.976000000000003,6.273162
,2023-12-20,43836.0,CONPASUL CL,Consumidor Livre,SUL,23.976000000000003,2.965087
,2023-12-21,43836.0,CONPASUL CL,Consumidor Livre,SUL,23.976000000000003,5.4612940000000005
,2023-12-22,43836.0,CONPASUL CL,Consumidor Livre,SUL,23.976000000000003,6.276184
,2023-12-23,43836.0,CONPASUL CL,Consumidor Livre,SUL,23.976000000000003,5.117352
,2023-12-24,43836.0,CONPASUL CL,Consumidor Livre,SUL,23.976000000000003,0.512938
,2023-12-25,43836.0,CONPASUL CL,Consumidor Livre,SUL,23.976000000000003,0.550115
,2023-12-26,43836.0,CONPASUL CL,Consumidor Livre,SUL,23.976000000000003,5.34825
,2023-12-27,43836.0,CONPASUL CL,Consumidor Livre,SUL,23.976000000000003,2.575456
,2023-12-28,43836.0,CONPASUL CL,Consumidor Livre,SUL,23.976000000000003,2.322864
,2023-12-29,43836.0,CONPASUL CL,Consumidor Livre,SUL,23.976000000000003,0.950701
,2023-12-30,43836.0,CONPASUL CL,Consumidor Livre,SUL,23.976000000000003,0.613113
,2023-12-31,43836.0,CONPASUL CL,Consumidor Livre,SUL,23.976000000000003,0.739764
,2024-01-01,43836.0,CONPASUL CL,Consumidor Livre,SUL,23.976000000000003,0.920395
,2024-01-02,43836.0,CONPASUL CL,Consumidor Livre,SUL,23.976000000000003,1.830881
,2024-01-03,43836.0,CONPASUL CL,Consumidor Livre,SUL,23.976000000000003,1.887152
,2024-01-04,43836.0,CONPASUL CL,Consumidor Livre,SUL,23.976000000000003,1.732711
,2024-01-05,43836.0,CONPASUL CL,Consumidor Livre,SUL,23.976000000000003,1.835922
,2024-01-06,43836.0,CONPASUL CL,Consumidor Livre,SUL,23.976000000000003,5.365783
,2024-01-07,43836.0,CONPASUL CL,Consumidor Livre,SUL,23.976000000000003,3.601211
,2024-01-08,43836.0,CONPASUL CL,Consumidor Livre,SUL,23.976000000000003,4.908367
,2024-01-09,43836.0,CONPASUL CL,Consumidor Livre,SUL,23.976000000000003,4.454918
,2024-01-10,43836.0,CONPASUL CL,Consumidor Livre,SUL,23.976000000000003,3.615918
,2024-01-11,43836.0,CONPASUL CL,Consumidor Livre,SUL,23.976000000000003,6.414445
,2024-01-12,43836.0,CONPASUL CL,Consumidor Livre,SUL,23.976000000000003,5.533106
,2024-01-13,43836.0,CONPASUL CL,Consumidor Livre,SUL,23.976000000000003,4.405639
,2024-01-14,43836.0,CONPASUL CL,Consumidor Livre,SUL,23.976000000000003,0.718151
,2024-01-15,43836.0,CONPASUL CL,Consumidor Livre,SUL,23.976000000000003,6.643752
,2024-01-16,43836.0,CONPASUL CL,Consumidor Livre,SUL,23.976000000000003,6.139818
,2024-01-17,43836.0,CONPASUL CL,Consumidor Livre,SUL,23.976000000000003,0.249662
,2024-01-18,43836.0,CONPASUL CL,Consumidor Livre,SUL,23.976000000000003,2.779851
,2024-01-19,43836.0,CONPASUL CL,Consumidor Livre,SUL,23.976000000000003,5.373317
,2024-01-20,43836.0,CONPASUL CL,Consumidor Livre,SUL,23.976000000000003,3.66923
,2024-01-21,43836.0,CONPASUL CL,Consumidor Livre,SUL,23.976000000000003,4.409782
,2024-01-22,43836.0,CONPASUL CL,Consumidor Livre,SUL,23.976000000000003,4.945809
,2024-01-23,43836.0,CONPASUL CL,Consumidor Livre,SUL,23.976000000000003,1.755768
,2024-01-24,43836.0,CONPASUL CL,Consumidor Livre,SUL,23.976000000000003,5.057259
,2024-01-25,43836.0,CONPASUL CL,Consumidor Livre,SUL,23.976000000000003,4.523421
,2024-01-26,43836.0,CONPASUL CL,Consumidor Livre,SUL,23.976000000000003,5.406383
,2024-01-27,43836.0,CONPASUL CL,Consumidor Livre,SUL,23.976000000000003,3.723221
,2024-01-28,43836.0,CONPASUL CL,Consumidor Livre,SUL,23.976000000000003,1.026009
,2024-01-29,43836.0,CONPASUL CL,Consumidor Livre,SUL,23.976000000000003,5.664063
,2024-01-30,43836.0,CONPASUL CL,Consumidor Livre,SUL,23.976000000000003,2.965496
,2024-01-31,43836.0,CONPASUL CL,Consumidor Livre,SUL,23.976000000000003,5.738863
,2024-02-01,43836.0,CONPASUL CL,Consumidor Livre,SUL,23.976000000000003,4.724783
,2024-02-02,43836.0,CONPASUL CL,Consumidor Livre,SUL,23.976000000000003,5.060571
,2024-02-03,43836.0,CONPASUL CL,Consumidor Livre,SUL,23.976000000000003,4.077349
,2024-02-04,43836.0,CONPASUL CL,Consumidor Livre,SUL,23.976000000000003,3.735651
,2024-02-05,43836.0,CONPASUL CL,Consumidor Livre,SUL,23.976000000000003,1.171739
,2024-02-06,43836.0,CONPASUL CL,Consumidor Livre,SUL,23.976000000000003,5.969781
,2024-02-07,43836.0,CONPASUL CL,Consumidor Livre,SUL,23.976000000000003,5.325234
,2024-02-08,43836.0,CONPASUL CL,Consumidor Livre,SUL,23.976000000000003,5.4859610000000005
,2024-02-09,43836.0,CONPASUL CL,Consumidor Livre,SUL,23.976000000000003,5.973441
,2024-02-10,43836.0,CONPASUL CL,Consumidor Livre,SUL,23.976000000000003,5.547468
,2024-02-11,43836.0,CONPASUL CL,Consumidor Livre,SUL,23.976000000000003,1.053164
,2024-02-12,43836.0,CONPASUL CL,Consumidor Livre,SUL,23.976000000000003,3.609982
,2024-02-13,43836.0,CONPASUL CL,Consumidor Livre,SUL,23.976000000000003,4.820272
,2024-02-14,43836.0,CONPASUL CL,Consumidor Livre,SUL,23.976000000000003,5.396139
,2024-02-15,43836.0,CONPASUL CL,Consumidor Livre,SUL,23.976000000000003,5.786287
,2024-02-16,43836.0,CONPASUL CL,Consumidor Livre,SUL,23.976000000000003,4.77498
,2024-02-17,43836.0,CONPASUL CL,Consumidor Livre,SUL,23.976000000000003,5.591273
,2024-02-18,43836.0,CONPASUL CL,Consumidor Livre,SUL,23.976000000000003,1.068504
,2024-02-19,43836.0,CONPASUL CL,Consumidor Livre,SUL,23.976000000000003,4.141612
,2024-02-20,43836.0,CONPASUL CL,Consumidor Livre,SUL,23.976000000000003,4.955867
,2024-02-21,43836.0,CONPASUL CL,Consumidor Livre,SUL,23.976000000000003,4.878629
,2024-02-22,43836.0,CONPASUL CL,Consumidor Livre,SUL,23.976000000000003,7.527318999999999
,2024-02-23,43836.0,CONPASUL CL,Consumidor Livre,SUL,23.976000000000003,6.878652000000001
,2024-02-24,43836.0,CONPASUL CL,Consumidor Livre,SUL,23.976000000000003,6.21915
,2024-02-25,43836.0,CONPASUL CL,Consumidor Livre,SUL,23.976000000000003,0.864081
,2024-02-26,43836.0,CONPASUL CL,Consumidor Livre,SUL,23.976000000000003,5.034481
,2024-02-27,43836.0,CONPASUL CL,Consumidor Livre,SUL,23.976000000000003,5.294611
,2024-02-28,43836.0,CONPASUL CL,Consumidor Livre,SUL,23.976000000000003,7.200105
,2024-02-29,43836.0,CONPASUL CL,Consumidor Livre,SUL,23.976000000000003,4.78026
202403.0,2024-03-01,43836.0,CONPASUL CL,Consumidor Livre,SUL,23.976,5.837944
202403.0,2024-03-01,43836.0,CONPASUL CL,Consumidor Livre,SUL,23.976,5.837944
,2024-03-01,,CONPASUL CL,,,23.976,5.837944
202403.0,2024-03-02,43836.0,CONPASUL CL,Consumidor Livre,SUL,23.976,5.115761
202403.0,2024-03-02,43836.0,CONPASUL CL,Consumidor Livre,SUL,23.976,5.115761
,2024-03-02,,CONPASUL CL,,,23.976,5.115761
202403.0,2024-03-03,43836.0,CONPASUL CL,Consumidor Livre,SUL,23.976,0.993632
202403.0,2024-03-03,43836.0,CONPASUL CL,Consumidor Livre,SUL,23.976,0.993632
,2024-03-03,,CONPASUL CL,,,23.976,0.993632
202403.0,2024-03-04,43836.0,CONPASUL CL,Consumidor Livre,SUL,23.976,2.534805
202403.0,2024-03-04,43836.0,CONPASUL CL,Consumidor Livre,SUL,23.976,2.534805
,2024-03-04,,CONPASUL CL,,,23.976,2.534805
202403.0,2024-03-05,43836.0,CONPASUL CL,Consumidor Livre,SUL,23.976,7.03143
202403.0,2024-03-05,43836.0,CONPASUL CL,Consumidor Livre,SUL,23.976,7.03143
,2024-03-05,,CONPASUL CL,,,23.976,7.03143
202403.0,2024-03-06,43836.0,CONPASUL CL,Consumidor Livre,SUL,23.976,2.08675
202403.0,2024-03-06,43836.0,CONPASUL CL,Consumidor Livre,SUL,23.976,2.08675
,2024-03-06,,CONPASUL CL,,,23.976,2.08675
202403.0,2024-03-07,43836.0,CONPASUL CL,Consumidor Livre,SUL,23.976,4.173134
202403.0,2024-03-07,43836.0,CONPASUL CL,Consumidor Livre,SUL,23.976,4.173134
,2024-03-07,,CONPASUL CL,,,23.976,4.173134
202403.0,2024-03-08,43836.0,CONPASUL CL,Consumidor Livre,SUL,23.976,5.204282
202403.0,2024-03-08,43836.0,CONPASUL CL,Consumidor Livre,SUL,23.976,5.204282
,2024-03-08,,CONPASUL CL,,,23.976,5.204282
202403.0,2024-03-09,43836.0,CONPASUL CL,Consumidor Livre,SUL,23.976,4.181895
202403.0,2024-03-09,43836.0,CONPASUL CL,Consumidor Livre,SUL,23.976,4.181895
,2024-03-09,,CONPASUL CL,,,23.976,4.181895
202403.0,2024-03-10,43836.0,CONPASUL CL,Consumidor Livre,SUL,23.976,1.13475
202403.0,2024-03-10,43836.0,CONPASUL CL,Consumidor Livre,SUL,23.976,1.13475
,2024-03-10,,CONPASUL CL,,,23.976,1.13475
202403.0,2024-03-11,43836.0,CONPASUL CL,Consumidor Livre,SUL,23.976,4.830363
202403.0,2024-03-11,43836.0,CONPASUL CL,Consumidor Livre,SUL,23.976,4.830363
,2024-03-11,,CONPASUL CL,,,23.976,4.830363
202403.0,2024-03-12,43836.0,CONPASUL CL,Consumidor Livre,SUL,23.976,5.569631
202403.0,2024-03-12,43836.0,CONPASUL CL,Consumidor Livre,SUL,23.976,5.569631
,2024-03-12,,CONPASUL CL,,,23.976,5.569631
202403.0,2024-03-13,43836.0,CONPASUL CL,Consumidor Livre,SUL,23.976,4.555147
202403.0,2024-03-13,43836.0,CONPASUL CL,Consumidor Livre,SUL,23.976,4.555147
,2024-03-13,,CONPASUL CL,,,23.976,4.555147
202403.0,2024-03-14,43836.0,CONPASUL CL,Consumidor Livre,SUL,23.976,3.304833
202403.0,2024-03-14,43836.0,CONPASUL CL,Consumidor Livre,SUL,23.976,3.304833
,2024-03-14,,CONPASUL CL,,,23.976,3.304833
202403.0,2024-03-15,43836.0,CONPASUL CL,Consumidor Livre,SUL,23.976,2.921429
202403.0,2024-03-15,43836.0,CONPASUL CL,Consumidor Livre,SUL,23.976,2.921429
,2024-03-15,,CONPASUL CL,,,23.976,2.921429
202403.0,2024-03-16,43836.0,CONPASUL CL,Consumidor Livre,SUL,23.976,5.083566
202403.0,2024-03-16,43836.0,CONPASUL CL,Consumidor Livre,SUL,23.976,5.083566
,2024-03-16,,CONPASUL CL,,,23.976,5.083566
202403.0,2024-03-17,43836.0,CONPASUL CL,Consumidor Livre,SUL,23.976,0.972242
202403.0,2024-03-17,43836.0,CONPASUL CL,Consumidor Livre,SUL,23.976,0.972242
,2024-03-17,,CONPASUL CL,,,23.976,0.972242
202403.0,2024-03-18,43836.0,CONPASUL CL,Consumidor Livre,SUL,23.976,6.273252
202403.0,2024-03-18,43836.0,CONPASUL CL,Consumidor Livre,SUL,23.976,6.273252
,2024-03-18,,CONPASUL CL,,,23.976,6.273252
202403.0,2024-03-19,43836.0,CONPASUL CL,Consumidor Livre,SUL,23.976,6.891757
202403.0,2024-03-19,43836.0,CONPASUL CL,Consumidor Livre,SUL,23.976,6.891757
,2024-03-19,,CONPASUL CL,,,23.976,6.891757
202403.0,2024-03-20,43836.0,CONPASUL CL,Consumidor Livre,SUL,23.976,6.275982
202403.0,2024-03-20,43836.0,CONPASUL CL,Consumidor Livre,SUL,23.976,6.275982
,2024-03-20,,CONPASUL CL,,,23.976,6.275982
202403.0,2024-03-21,43836.0,CONPASUL CL,Consumidor Livre,SUL,23.976,1.409362
202403.0,2024-03-21,43836.0,CONPASUL CL,Consumidor Livre,SUL,23.976,1.409362
,2024-03-21,,CONPASUL CL,,,23.976,1.409362
202403.0,2024-03-22,43836.0,CONPASUL CL,Consumidor Livre,SUL,23.976,4.246869
202403.0,2024-03-22,43836.0,CONPASUL CL,Consumidor Livre,SUL,23.976,4.246869
,2024-03-22,,CONPASUL CL,,,23.976,4.246869
202403.0,2024-03-23,43836.0,CONPASUL CL,Consumidor Livre,SUL,23.976,4.118788
202403.0,2024-03-23,43836.0,CONPASUL CL,Consumidor Livre,SUL,23.976,4.118788
,2024-03-23,,CONPASUL CL,,,23.976,4.118788
202403.0,2024-03-24,43836.0,CONPASUL CL,Consumidor Livre,SUL,23.976,0.95858
202403.0,2024-03-24,43836.0,CONPASUL CL,Consumidor Livre,SUL,23.976,0.95858
,2024-03-24,,CONPASUL CL,,,23.976,0.95858
202403.0,2024-03-25,43836.0,CONPASUL CL,Consumidor Livre,SUL,23.976,2.177613
202403.0,2024-03-25,43836.0,CONPASUL CL,Consumidor Livre,SUL,23.976,2.177613
,2024-03-25,,CONPASUL CL,,,23.976,2.177613
202403.0,2024-03-26,43836.0,CONPASUL CL,Consumidor Livre,SUL,23.976,5.180223
202403.0,2024-03-26,43836.0,CONPASUL CL,Consumidor Livre,SUL,23.976,5.180223
,2024-03-26,,CONPASUL CL,,,23.976,5.180223
202403.0,2024-03-27,43836.0,CONPASUL CL,Consumidor Livre,SUL,23.976,5.592064
202403.0,2024-03-27,43836.0,CONPASUL CL,Consumidor Livre,SUL,23.976,5.592064
,2024-03-27,,CONPASUL CL,,,23.976,5.592064
202403.0,2024-03-28,43836.0,CONPASUL CL,Consumidor Livre,SUL,23.976,5.228978
202403.0,2024-03-28,43836.0,CONPASUL CL,Consumidor Livre,SUL,23.976,5.228978
,2024-03-28,,CONPASUL CL,,,23.976,5.228978
202403.0,2024-03-29,43836.0,CONPASUL CL,Consumidor Livre,SUL,23.976,0.658065
202403.0,2024-03-29,43836.0,CONPASUL CL,Consumidor Livre,SUL,23.976,0.658065
,2024-03-29,,CONPASUL CL,,,23.976,0.658065
202403.0,2024-03-30,43836.0,CONPASUL CL,Consumidor Livre,SUL,23.976,2.192663
202403.0,2024-03-30,43836.0,CONPASUL CL,Consumidor Livre,SUL,23.976,2.192663
,2024-03-30,,CONPASUL CL,,,23.976,2.192663
202403.0,2024-03-31,43836.0,CONPASUL CL,Consumidor Livre,SUL,23.976,0.951507
202403.0,2024-03-31,43836.0,CONPASUL CL,Consumidor Livre,SUL,23.976,0.951507
,2024-03-31,,CONPASUL CL,,,23.976,0.951507
202404.0,2024-04-01,43836.0,CONPASUL CL,Consumidor Livre,SUL,23.976,3.531032
202404.0,2024-04-01,43836.0,CONPASUL CL,Consumidor Livre,SUL,23.976,3.531032
,2024-04-01,,CONPASUL CL,,,23.976,3.531032
202404.0,2024-04-02,43836.0,CONPASUL CL,Consumidor Livre,SUL,23.976,4.511137
202404.0,2024-04-02,43836.0,CONPASUL CL,Consumidor Livre,SUL,23.976,4.511137
,2024-04-02,,CONPASUL CL,,,23.976,4.511137
202404.0,2024-04-03,43836.0,CONPASUL CL,Consumidor Livre,SUL,23.976,4.329676
202404.0,2024-04-03,43836.0,CONPASUL CL,Consumidor Livre,SUL,23.976,4.329676
,2024-04-03,,CONPASUL CL,,,23.976,4.329676
202404.0,2024-04-04,43836.0,CONPASUL CL,Consumidor Livre,SUL,23.976,4.852838
202404.0,2024-04-04,43836.0,CONPASUL CL,Consumidor Livre,SUL,23.976,4.852838
,2024-04-04,,CONPASUL CL,,,23.976,4.852838
202404.0,2024-04-05,43836.0,CONPASUL CL,Consumidor Livre,SUL,23.976,6.137753
202404.0,2024-04-05,43836.0,CONPASUL CL,Consumidor Livre,SUL,23.976,6.137753
,2024-04-05,,CONPASUL CL,,,23.976,6.137753
202404.0,2024-04-06,43836.0,CONPASUL CL,Consumidor Livre,SUL,23.976,7.52764
202404.0,2024-04-06,43836.0,CONPASUL CL,Consumidor Livre,SUL,23.976,7.52764
,2024-04-06,,CONPASUL CL,,,23.976,7.52764
202404.0,2024-04-07,43836.0,CONPASUL CL,Consumidor Livre,SUL,23.976,1.001683
202404.0,2024-04-07,43836.0,CONPASUL CL,Consumidor Livre,SUL,23.976,1.001683
,2024-04-07,,CONPASUL CL,,,23.976,1.001683
202404.0,2024-04-08,43836.0,CONPASUL CL,Consumidor Livre,SUL,23.976,5.031294
202404.0,2024-04-08,43836.0,CONPASUL CL,Consumidor Livre,SUL,23.976,5.031294
,2024-04-08,,CONPASUL CL,,,23.976,5.031294
202404.0,2024-04-09,43836.0,CONPASUL CL,Consumidor Livre,SUL,23.976,6.554293
202404.0,2024-04-09,43836.0,CONPASUL CL,Consumidor Livre,SUL,23.976,6.554293
,2024-04-09,,CONPASUL CL,,,23.976,6.554293
202404.0,2024-04-10,43836.0,CONPASUL CL,Consumidor Livre,SUL,23.976,6.1203
202404.0,2024-04-10,43836.0,CONPASUL CL,Consumidor Livre,SUL,23.976,6.1203
,2024-04-10,,CONPASUL CL,,,23.976,6.1203
202404.0,2024-04-11,43836.0,CONPASUL CL,Consumidor Livre,SUL,23.976,7.868561
202404.0,2024-04-11,43836.0,CONPASUL CL,Consumidor Livre,SUL,23.976,7.868561
,2024-04-11,,CONPASUL CL,,,23.976,7.868561
202404.0,2024-04-12,43836.0,CONPASUL CL,Consumidor Livre,SUL,23.976,4.442161
202404.0,2024-04-12,43836.0,CONPASUL CL,Consumidor Livre,SUL,23.976,4.442161
,2024-04-12,,CONPASUL CL,,,23.976,4.442161
202404.0,2024-04-13,43836.0,CONPASUL CL,Consumidor Livre,SUL,23.976,3.137489
202404.0,2024-04-13,43836.0,CONPASUL CL,Consumidor Livre,SUL,23.976,3.137489
,2024-04-13,,CONPASUL CL,,,23.976,3.137489
202404.0,2024-04-14,43836.0,CONPASUL CL,Consumidor Livre,SUL,23.976,0.929784
202404.0,2024-04-14,43836.0,CONPASUL CL,Consumidor Livre,SUL,23.976,0.929784
,2024-04-14,,CONPASUL CL,,,23.976,0.929784
202404.0,2024-04-15,43836.0,CONPASUL CL,Consumidor Livre,SUL,23.976,1.521303
202404.0,2024-04-15,43836.0,CONPASUL CL,Consumidor Livre,SUL,23.976,1.521303
,2024-04-15,,CONPASUL CL,,,23.976,1.521303
202404.0,2024-04-16,43836.0,CONPASUL CL,Consumidor Livre,SUL,23.976,1.85688
202404.0,2024-04-16,43836.0,CONPASUL CL,Consumidor Livre,SUL,23.976,1.85688
,2024-04-16,,CONPASUL CL,,,23.976,1.85688
202404.0,2024-04-17,43836.0,CONPASUL CL,Consumidor Livre,SUL,23.976,1.94722
202404.0,2024-04-17,43836.0,CONPASUL CL,Consumidor Livre,SUL,23.976,1.94722
,2024-04-17,,CONPASUL CL,,,23.976,1.94722
202404.0,2024-04-18,43836.0,CONPASUL CL,Consumidor Livre,SUL,23.976,4.823076
202404.0,2024-04-18,43836.0,CONPASUL CL,Consumidor Livre,SUL,23.976,4.823076
,2024-04-18,,CONPASUL CL,,,23.976,4.823076
202404.0,2024-04-19,43836.0,CONPASUL CL,Consumidor Livre,SUL,23.976,4.882347
202404.0,2024-04-19,43836.0,CONPASUL CL,Consumidor Livre,SUL,23.976,4.882347
,2024-04-19,,CONPASUL CL,,,23.976,4.882347
202404.0,2024-04-20,43836.0,CONPASUL CL,Consumidor Livre,SUL,23.976,3.670859
202404.0,2024-04-20,43836.0,CONPASUL CL,Consumidor Livre,SUL,23.976,3.670859
,2024-04-20,,CONPASUL CL,,,23.976,3.670859
202404.0,2024-04-21,43836.0,CONPASUL CL,Consumidor Livre,SUL,23.976,1.07621
202404.0,2024-04-21,43836.0,CONPASUL CL,Consumidor Livre,SUL,23.976,1.07621
,2024-04-21,,CONPASUL CL,,,23.976,1.07621
202404.0,2024-04-22,43836.0,CONPASUL CL,Consumidor Livre,SUL,23.976,1.782738
202404.0,2024-04-22,43836.0,CONPASUL CL,Consumidor Livre,SUL,23.976,1.782738
,2024-04-22,,CONPASUL CL,,,23.976,1.782738
202404.0,2024-04-23,43836.0,CONPASUL CL,Consumidor Livre,SUL,23.976,1.794892
202404.0,2024-04-23,43836.0,CONPASUL CL,Consumidor Livre,SUL,23.976,1.794892
,2024-04-23,,CONPASUL CL,,,23.976,1.794892
202404.0,2024-04-24,43836.0,CONPASUL CL,Consumidor Livre,SUL,23.976,4.968588
202404.0,2024-04-24,43836.0,CONPASUL CL,Consumidor Livre,SUL,23.976,4.968588
,2024-04-24,,CONPASUL CL,,,23.976,4.968588
202404.0,2024-04-25,43836.0,CONPASUL CL,Consumidor Livre,SUL,23.976,4.561111
202404.0,2024-04-25,43836.0,CONPASUL CL,Consumidor Livre,SUL,23.976,4.561111
,2024-04-25,,CONPASUL CL,,,23.976,4.561111
202404.0,2024-04-26,43836.0,CONPASUL CL,Consumidor Livre,SUL,23.976,5.042714
202404.0,2024-04-26,43836.0,CONPASUL CL,Consumidor Livre,SUL,23.976,5.042714
,2024-04-26,,CONPASUL CL,,,23.976,5.042714
202404.0,2024-04-27,43836.0,CONPASUL CL,Consumidor Livre,SUL,23.976,5.389824
202404.0,2024-04-27,43836.0,CONPASUL CL,Consumidor Livre,SUL,23.976,5.389824
,2024-04-27,,CONPASUL CL,,,23.976,5.389824
202404.0,2024-04-28,43836.0,CONPASUL CL,Consumidor Livre,SUL,23.976,0.998013
202404.0,2024-04-28,43836.0,CONPASUL CL,Consumidor Livre,SUL,23.976,0.998013
,2024-04-28,,CONPASUL CL,,,23.976,0.998013
202404.0,2024-04-29,43836.0,CONPASUL CL,Consumidor Livre,SUL,23.976,2.925475
202404.0,2024-04-29,43836.0,CONPASUL CL,Consumidor Livre,SUL,23.976,2.925475
,2024-04-29,,CONPASUL CL,,,23.976,2.925475
202404.0,2024-04-30,43836.0,CONPASUL CL,Consumidor Livre,SUL,23.976,3.089931
202404.0,2024-04-30,43836.0,CONPASUL CL,Consumidor Livre,SUL,23.976,3.089931
,2024-04-30,,CONPASUL CL,,,23.976,3.089931
202405.0,2024-05-01,43836.0,CONPASUL CL,Consumidor Livre,SUL,23.976,0.695095
202405.0,2024-05-01,43836.0,CONPASUL CL,Consumidor Livre,SUL,23.976,0.695095
,2024-05-01,,CONPASUL CL,,,23.976,0.695095
202405.0,2024-05-02,43836.0,CONPASUL CL,Consumidor Livre,SUL,23.976,0.0
202405.0,2024-05-02,43836.0,CONPASUL CL,Consumidor Livre,SUL,23.976,0.0
,2024-05-02,,CONPASUL CL,,,23.976,0.0
202405.0,2024-05-03,43836.0,CONPASUL CL,Consumidor Livre,SUL,23.976,0.0
202405.0,2024-05-03,43836.0,CONPASUL CL,Consumidor Livre,SUL,23.976,0.0
,2024-05-03,,CONPASUL CL,,,23.976,0.0
202405.0,2024-05-04,43836.0,CONPASUL CL,Consumidor Livre,SUL,23.976,0.0
202405.0,2024-05-04,43836.0,CONPASUL CL,Consumidor Livre,SUL,23.976,0.0
,2024-05-04,,CONPASUL CL,,,23.976,0.0
202405.0,2024-05-05,43836.0,CONPASUL CL,Consumidor Livre,SUL,23.976,0.0
202405.0,2024-05-05,43836.0,CONPASUL CL,Consumidor Livre,SUL,23.976,0.0
,2024-05-05,,CONPASUL CL,,,23.976,0.0
202405.0,2024-05-06,43836.0,CONPASUL CL,Consumidor Livre,SUL,23.976,0.0
202405.0,2024-05-06,43836.0,CONPASUL CL,Consumidor Livre,SUL,23.976,0.0
,2024-05-06,,CONPASUL CL,,,23.976,0.0
202405.0,2024-05-07,43836.0,CONPASUL CL,Consumidor Livre,SUL,23.976,0.074124
202405.0,2024-05-07,43836.0,CONPASUL CL,Consumidor Livre,SUL,23.976,0.074124
,2024-05-07,,CONPASUL CL,,,23.976,0.074124
202405.0,2024-05-08,43836.0,CONPASUL CL,Consumidor Livre,SUL,23.976,1.241908
202405.0,2024-05-08,43836.0,CONPASUL CL,Consumidor Livre,SUL,23.976,1.241908
,2024-05-08,,CONPASUL CL,,,23.976,1.241908
202405.0,2024-05-09,43836.0,CONPASUL CL,Consumidor Livre,SUL,23.976,1.641741
202405.0,2024-05-09,43836.0,CONPASUL CL,Consumidor Livre,SUL,23.976,1.641741
,2024-05-09,,CONPASUL CL,,,23.976,1.641741
202405.0,2024-05-10,43836.0,CONPASUL CL,Consumidor Livre,SUL,23.976,1.749886
202405.0,2024-05-10,43836.0,CONPASUL CL,Consumidor Livre,SUL,23.976,1.749886
,2024-05-10,,CONPASUL CL,,,23.976,1.749886
202405.0,2024-05-11,43836.0,CONPASUL CL,Consumidor Livre,SUL,23.976,0.85739
202405.0,2024-05-11,43836.0,CONPASUL CL,Consumidor Livre,SUL,23.976,0.85739
,2024-05-11,,CONPASUL CL,,,23.976,0.85739
202405.0,2024-05-12,43836.0,CONPASUL CL,Consumidor Livre,SUL,23.976,0.865715
202405.0,2024-05-12,43836.0,CONPASUL CL,Consumidor Livre,SUL,23.976,0.865715
,2024-05-12,,CONPASUL CL,,,23.976,0.865715
202405.0,2024-05-13,43836.0,CONPASUL CL,Consumidor Livre,SUL,23.976,2.670751
202405.0,2024-05-13,43836.0,CONPASUL CL,Consumidor Livre,SUL,23.976,2.670751
,2024-05-13,,CONPASUL CL,,,23.976,2.670751
202405.0,2024-05-14,43836.0,CONPASUL CL,Consumidor Livre,SUL,23.976,1.164268
202405.0,2024-05-14,43836.0,CONPASUL CL,Consumidor Livre,SUL,23.976,1.164268
,2024-05-14,,CONPASUL CL,,,23.976,1.164268
202405.0,2024-05-15,43836.0,CONPASUL CL,Consumidor Livre,SUL,23.976,1.736395
202405.0,2024-05-15,43836.0,CONPASUL CL,Consumidor Livre,SUL,23.976,1.736395
,2024-05-15,,CONPASUL CL,,,23.976,1.736395
202405.0,2024-05-16,43836.0,CONPASUL CL,Consumidor Livre,SUL,23.976,1.825676
202405.0,2024-05-16,43836.0,CONPASUL CL,Consumidor Livre,SUL,23.976,1.825676
,2024-05-16,,CONPASUL CL,,,23.976,1.825676
202405.0,2024-05-17,43836.0,CONPASUL CL,Consumidor Livre,SUL,23.976,2.265008
202405.0,2024-05-17,43836.0,CONPASUL CL,Consumidor Livre,SUL,23.976,2.265008
,2024-05-17,,CONPASUL CL,,,23.976,2.265008
202405.0,2024-05-18,43836.0,CONPASUL CL,Consumidor Livre,SUL,23.976,1.417806
202405.0,2024-05-18,43836.0,CONPASUL CL,Consumidor Livre,SUL,23.976,1.417806
,2024-05-18,,CONPASUL CL,,,23.976,1.417806
202405.0,2024-05-19,43836.0,CONPASUL CL,Consumidor Livre,SUL,23.976,1.219076
202405.0,2024-05-19,43836.0,CONPASUL CL,Consumidor Livre,SUL,23.976,1.219076
,2024-05-19,,CONPASUL CL,,,23.976,1.219076
202405.0,2024-05-20,43836.0,CONPASUL CL,Consumidor Livre,SUL,23.976,4.712962
202405.0,2024-05-20,43836.0,CONPASUL CL,Consumidor Livre,SUL,23.976,4.712962
,2024-05-20,,CONPASUL CL,,,23.976,4.712962
202405.0,2024-05-21,43836.0,CONPASUL CL,Consumidor Livre,SUL,23.976,6.83301
202405.0,2024-05-21,43836.0,CONPASUL CL,Consumidor Livre,SUL,23.976,6.83301
,2024-05-21,,CONPASUL CL,,,23.976,6.83301
202405.0,2024-05-22,43836.0,CONPASUL CL,Consumidor Livre,SUL,23.976,6.15772
202405.0,2024-05-22,43836.0,CONPASUL CL,Consumidor Livre,SUL,23.976,6.15772
,2024-05-22,,CONPASUL CL,,,23.976,6.15772
202405.0,2024-05-23,43836.0,CONPASUL CL,Consumidor Livre,SUL,23.976,2.320875
202405.0,2024-05-23,43836.0,CONPASUL CL,Consumidor Livre,SUL,23.976,2.320875
,2024-05-23,,CONPASUL CL,,,23.976,2.320875
202405.0,2024-05-24,43836.0,CONPASUL CL,Consumidor Livre,SUL,23.976,1.402411
202405.0,2024-05-24,43836.0,CONPASUL CL,Consumidor Livre,SUL,23.976,1.402411
,2024-05-24,,CONPASUL CL,,,23.976,1.402411
202405.0,2024-05-25,43836.0,CONPASUL CL,Consumidor Livre,SUL,23.976,0.758074
202405.0,2024-05-25,43836.0,CONPASUL CL,Consumidor Livre,SUL,23.976,0.758074
,2024-05-25,,CONPASUL CL,,,23.976,0.758074
202405.0,2024-05-26,43836.0,CONPASUL CL,Consumidor Livre,SUL,23.976,0.695685
202405.0,2024-05-26,43836.0,CONPASUL CL,Consumidor Livre,SUL,23.976,0.695685
,2024-05-26,,CONPASUL CL,,,23.976,0.695685
202405.0,2024-05-27,43836.0,CONPASUL CL,Consumidor Livre,SUL,23.976,2.465592
202405.0,2024-05-27,43836.0,CONPASUL CL,Consumidor Livre,SUL,23.976,2.465592
,2024-05-27,,CONPASUL CL,,,23.976,2.465592
202405.0,2024-05-28,43836.0,CONPASUL CL,Consumidor Livre,SUL,23.976,2.683924
202405.0,2024-05-28,43836.0,CONPASUL CL,Consumidor Livre,SUL,23.976,2.683924
,2024-05-28,,CONPASUL CL,,,23.976,2.683924
202405.0,2024-05-29,43836.0,CONPASUL CL,Consumidor Livre,SUL,23.976,3.032338
202405.0,2024-05-29,43836.0,CONPASUL CL,Consumidor Livre,SUL,23.976,3.032338
,2024-05-29,,CONPASUL CL,,,23.976,3.032338
202405.0,2024-05-30,43836.0,CONPASUL CL,Consumidor Livre,SUL,23.976,1.918274
202405.0,2024-05-30,43836.0,CONPASUL CL,Consumidor Livre,SUL,23.976,1.918274
,2024-05-30,,CONPASUL CL,,,23.976,1.918274
202405.0,2024-05-31,43836.0,CONPASUL CL,Consumidor Livre,SUL,23.976,0.207057
202405.0,2024-05-31,43836.0,CONPASUL CL,Consumidor Livre,SUL,23.976,0.207057
,2024-05-31,,CONPASUL CL,,,23.976,0.207057
202406.0,2024-06-01,43836.0,CONPASUL CL,Consumidor Livre,SUL,23.976,4.504852
202406.0,2024-06-01,43836.0,CONPASUL CL,Consumidor Livre,SUL,23.976,4.504852
,2024-06-01,,CONPASUL CL,,,23.976,4.504852
202406.0,2024-06-02,43836.0,CONPASUL CL,Consumidor Livre,SUL,23.976,1.116641
202406.0,2024-06-02,43836.0,CONPASUL CL,Consumidor Livre,SUL,23.976,1.116641
,2024-06-02,,CONPASUL CL,,,23.976,1.116641
202406.0,2024-06-03,43836.0,CONPASUL CL,Consumidor Livre,SUL,23.976,1.68131
202406.0,2024-06-03,43836.0,CONPASUL CL,Consumidor Livre,SUL,23.976,1.68131
,2024-06-03,,CONPASUL CL,,,23.976,1.68131
202406.0,2024-06-04,43836.0,CONPASUL CL,Consumidor Livre,SUL,23.976,3.683651
202406.0,2024-06-04,43836.0,CONPASUL CL,Consumidor Livre,SUL,23.976,3.683651
,2024-06-04,,CONPASUL CL,,,23.976,3.683651
202406.0,2024-06-05,43836.0,CONPASUL CL,Consumidor Livre,SUL,23.976,5.860172
202406.0,2024-06-05,43836.0,CONPASUL CL,Consumidor Livre,SUL,23.976,5.860172
,2024-06-05,,CONPASUL CL,,,23.976,5.860172
202406.0,2024-06-06,43836.0,CONPASUL CL,Consumidor Livre,SUL,23.976,6.335617
202406.0,2024-06-06,43836.0,CONPASUL CL,Consumidor Livre,SUL,23.976,6.335617
,2024-06-06,,CONPASUL CL,,,23.976,6.335617
202406.0,2024-06-07,43836.0,CONPASUL CL,Consumidor Livre,SUL,23.976,6.47204
202406.0,2024-06-07,43836.0,CONPASUL CL,Consumidor Livre,SUL,23.976,6.47204
,2024-06-07,,CONPASUL CL,,,23.976,6.47204
202406.0,2024-06-08,43836.0,CONPASUL CL,Consumidor Livre,SUL,23.976,5.438667
202406.0,2024-06-08,43836.0,CONPASUL CL,Consumidor Livre,SUL,23.976,5.438667
,2024-06-08,,CONPASUL CL,,,23.976,5.438667
202406.0,2024-06-09,43836.0,CONPASUL CL,Consumidor Livre,SUL,23.976,1.082314
202406.0,2024-06-09,43836.0,CONPASUL CL,Consumidor Livre,SUL,23.976,1.082314
,2024-06-09,,CONPASUL CL,,,23.976,1.082314
202406.0,2024-06-10,43836.0,CONPASUL CL,Consumidor Livre,SUL,23.976,2.522401
202406.0,2024-06-10,43836.0,CONPASUL CL,Consumidor Livre,SUL,23.976,2.522401
,2024-06-10,,CONPASUL CL,,,23.976,2.522401
202406.0,2024-06-11,43836.0,CONPASUL CL,Consumidor Livre,SUL,23.976,6.2474490000000005
202406.0,2024-06-11,43836.0,CONPASUL CL,Consumidor Livre,SUL,23.976,6.2474490000000005
,2024-06-11,,CONPASUL CL,,,23.976,6.2474490000000005
202406.0,2024-06-12,43836.0,CONPASUL CL,Consumidor Livre,SUL,23.976,5.778769
202406.0,2024-06-12,43836.0,CONPASUL CL,Consumidor Livre,SUL,23.976,5.778769
,2024-06-12,,CONPASUL CL,,,23.976,5.778769
202406.0,2024-06-13,43836.0,CONPASUL CL,Consumidor Livre,SUL,23.976,4.939169
202406.0,2024-06-13,43836.0,CONPASUL CL,Consumidor Livre,SUL,23.976,4.939169
,2024-06-13,,CONPASUL CL,,,23.976,4.939169
202406.0,2024-06-14,43836.0,CONPASUL CL,Consumidor Livre,SUL,23.976,2.660738
202406.0,2024-06-14,43836.0,CONPASUL CL,Consumidor Livre,SUL,23.976,2.660738
,2024-06-14,,CONPASUL CL,,,23.976,2.660738
202406.0,2024-06-15,43836.0,CONPASUL CL,Consumidor Livre,SUL,23.976,1.457907
202406.0,2024-06-15,43836.0,CONPASUL CL,Consumidor Livre,SUL,23.976,1.457907
,2024-06-15,,CONPASUL CL,,,23.976,1.457907
202406.0,2024-06-16,43836.0,CONPASUL CL,Consumidor Livre,SUL,23.976,1.216153
202406.0,2024-06-16,43836.0,CONPASUL CL,Consumidor Livre,SUL,23.976,1.216153
,2024-06-16,,CONPASUL CL,,,23.976,1.216153
202406.0,2024-06-17,43836.0,CONPASUL CL,Consumidor Livre,SUL,23.976,2.320926
202406.0,2024-06-17,43836.0,CONPASUL CL,Consumidor Livre,SUL,23.976,2.320926
,2024-06-17,,CONPASUL CL,,,23.976,2.320926
202406.0,2024-06-18,43836.0,CONPASUL CL,Consumidor Livre,SUL,23.976,2.733457
202406.0,2024-06-18,43836.0,CONPASUL CL,Consumidor Livre,SUL,23.976,2.733457
,2024-06-18,,CONPASUL CL,,,23.976,2.733457
202406.0,2024-06-19,43836.0,CONPASUL CL,Consumidor Livre,SUL,23.976,3.918603
202406.0,2024-06-19,43836.0,CONPASUL CL,Consumidor Livre,SUL,23.976,3.918603
,2024-06-19,,CONPASUL CL,,,23.976,3.918603
202406.0,2024-06-20,43836.0,CONPASUL CL,Consumidor Livre,SUL,23.976,2.051785
202406.0,2024-06-20,43836.0,CONPASUL CL,Consumidor Livre,SUL,23.976,2.051785
,2024-06-20,,CONPASUL CL,,,23.976,2.051785
202406.0,2024-06-21,43836.0,CONPASUL CL,Consumidor Livre,SUL,23.976,1.518419
202406.0,2024-06-21,43836.0,CONPASUL CL,Consumidor Livre,SUL,23.976,1.518419
,2024-06-21,,CONPASUL CL,,,23.976,1.518419
202406.0,2024-06-22,43836.0,CONPASUL CL,Consumidor Livre,SUL,23.976,1.063652
202406.0,2024-06-22,43836.0,CONPASUL CL,Consumidor Livre,SUL,23.976,1.063652
,2024-06-22,,CONPASUL CL,,,23.976,1.063652
202406.0,2024-06-23,43836.0,CONPASUL CL,Consumidor Livre,SUL,23.976,1.048444
202406.0,2024-06-23,43836.0,CONPASUL CL,Consumidor Livre,SUL,23.976,1.048444
,2024-06-23,,CONPASUL CL,,,23.976,1.048444
202406.0,2024-06-24,43836.0,CONPASUL CL,Consumidor Livre,SUL,23.976,3.859417
202406.0,2024-06-24,43836.0,CONPASUL CL,Consumidor Livre,SUL,23.976,3.859417
,2024-06-24,,CONPASUL CL,,,23.976,3.859417
202406.0,2024-06-25,43836.0,CONPASUL CL,Consumidor Livre,SUL,23.976,5.427966
202406.0,2024-06-25,43836.0,CONPASUL CL,Consumidor Livre,SUL,23.976,5.427966
,2024-06-25,,CONPASUL CL,,,23.976,5.427966
202406.0,2024-06-26,43836.0,CONPASUL CL,Consumidor Livre,SUL,23.976,5.060178
202406.0,2024-06-26,43836.0,CONPASUL CL,Consumidor Livre,SUL,23.976,5.060178
,2024-06-26,,CONPASUL CL,,,23.976,5.060178
202406.0,2024-06-27,43836.0,CONPASUL CL,Consumidor Livre,SUL,23.976,6.03645
202406.0,2024-06-27,43836.0,CONPASUL CL,Consumidor Livre,SUL,23.976,6.03645
,2024-06-27,,CONPASUL CL,,,23.976,6.03645
202406.0,2024-06-28,43836.0,CONPASUL CL,Consumidor Livre,SUL,23.976,7.513168
202406.0,2024-06-28,43836.0,CONPASUL CL,Consumidor Livre,SUL,23.976,7.513168
,2024-06-28,,CONPASUL CL,,,23.976,7.513168
202406.0,2024-06-29,43836.0,CONPASUL CL,Consumidor Livre,SUL,23.976,6.20375
202406.0,2024-06-29,43836.0,CONPASUL CL,Consumidor Livre,SUL,23.976,6.20375
,2024-06-29,,CONPASUL CL,,,23.976,6.20375
202406.0,2024-06-30,43836.0,CONPASUL CL,Consumidor Livre,SUL,23.976,1.155857
202406.0,2024-06-30,43836.0,CONPASUL CL,Consumidor Livre,SUL,23.976,1.155857
,2024-06-30,,CONPASUL CL,,,23.976,1.155857
202407.0,2024-07-01,43836.0,CONPASUL CL,Consumidor Livre,SUL,23.976,7.899555
202407.0,2024-07-01,43836.0,CONPASUL CL,Consumidor Livre,SUL,23.976,7.899555
,2024-07-01,,CONPASUL CL,,,23.976,7.899555
202407.0,2024-07-02,43836.0,CONPASUL CL,Consumidor Livre,SUL,23.976,6.300701999999999
202407.0,2024-07-02,43836.0,CONPASUL CL,Consumidor Livre,SUL,23.976,6.300701999999999
,2024-07-02,,CONPASUL CL,,,23.976,6.300701999999999
202407.0,2024-07-03,43836.0,CONPASUL CL,Consumidor Livre,SUL,23.976,6.922573
202407.0,2024-07-03,43836.0,CONPASUL CL,Consumidor Livre,SUL,23.976,6.922573
,2024-07-03,,CONPASUL CL,,,23.976,6.922573
202407.0,2024-07-04,43836.0,CONPASUL CL,Consumidor Livre,SUL,23.976,6.408355
202407.0,2024-07-04,43836.0,CONPASUL CL,Consumidor Livre,SUL,23.976,6.408355
,2024-07-04,,CONPASUL CL,,,23.976,6.408355
202407.0,2024-07-05,43836.0,CONPASUL CL,Consumidor Livre,SUL,23.976,3.80421
202407.0,2024-07-05,43836.0,CONPASUL CL,Consumidor Livre,SUL,23.976,3.80421
,2024-07-05,,CONPASUL CL,,,23.976,3.80421
202407.0,2024-07-06,43836.0,CONPASUL CL,Consumidor Livre,SUL,23.976,3.096862
202407.0,2024-07-06,43836.0,CONPASUL CL,Consumidor Livre,SUL,23.976,3.096862
,2024-07-06,,CONPASUL CL,,,23.976,3.096862
202407.0,2024-07-07,43836.0,CONPASUL CL,Consumidor Livre,SUL,23.976,1.237399
202407.0,2024-07-07,43836.0,CONPASUL CL,Consumidor Livre,SUL,23.976,1.237399
,2024-07-07,,CONPASUL CL,,,23.976,1.237399
202407.0,2024-07-08,43836.0,CONPASUL CL,Consumidor Livre,SUL,23.976,6.177143
202407.0,2024-07-08,43836.0,CONPASUL CL,Consumidor Livre,SUL,23.976,6.177143
,2024-07-08,,CONPASUL CL,,,23.976,6.177143
202407.0,2024-07-09,43836.0,CONPASUL CL,Consumidor Livre,SUL,23.976,3.609667
202407.0,2024-07-09,43836.0,CONPASUL CL,Consumidor Livre,SUL,23.976,3.609667
,2024-07-09,,CONPASUL CL,,,23.976,3.609667
202407.0,2024-07-10,43836.0,CONPASUL CL,Consumidor Livre,SUL,23.976,4.580827
202407.0,2024-07-10,43836.0,CONPASUL CL,Consumidor Livre,SUL,23.976,4.580827
,2024-07-10,,CONPASUL CL,,,23.976,4.580827
202407.0,2024-07-11,43836.0,CONPASUL CL,Consumidor Livre,SUL,23.976,6.541083
202407.0,2024-07-11,43836.0,CONPASUL CL,Consumidor Livre,SUL,23.976,6.541083
,2024-07-11,,CONPASUL CL,,,23.976,6.541083
202407.0,2024-07-12,43836.0,CONPASUL CL,Consumidor Livre,SUL,23.976,8.161311
202407.0,2024-07-12,43836.0,CONPASUL CL,Consumidor Livre,SUL,23.976,8.161311
,2024-07-12,,CONPASUL CL,,,23.976,8.161311
202407.0,2024-07-13,43836.0,CONPASUL CL,Consumidor Livre,SUL,23.976,4.139227
202407.0,2024-07-13,43836.0,CONPASUL CL,Consumidor Livre,SUL,23.976,4.139227
,2024-07-13,,CONPASUL CL,,,23.976,4.139227
202407.0,2024-07-14,43836.0,CONPASUL CL,Consumidor Livre,SUL,23.976,1.229197
202407.0,2024-07-14,43836.0,CONPASUL CL,Consumidor Livre,SUL,23.976,1.229197
,2024-07-14,,CONPASUL CL,,,23.976,1.229197
202407.0,2024-07-15,43836.0,CONPASUL CL,Consumidor Livre,SUL,23.976,6.945065
202407.0,2024-07-15,43836.0,CONPASUL CL,Consumidor Livre,SUL,23.976,6.945065
,2024-07-15,,CONPASUL CL,,,23.976,6.945065
202407.0,2024-07-16,43836.0,CONPASUL CL,Consumidor Livre,SUL,23.976,6.622145
202407.0,2024-07-16,43836.0,CONPASUL CL,Consumidor Livre,SUL,23.976,6.622145
,2024-07-16,,CONPASUL CL,,,23.976,6.622145
202407.0,2024-07-17,43836.0,CONPASUL CL,Consumidor Livre,SUL,23.976,7.055358
202407.0,2024-07-17,43836.0,CONPASUL CL,Consumidor Livre,SUL,23.976,7.055358
,2024-07-17,,CONPASUL CL,,,23.976,7.055358
202407.0,2024-07-18,43836.0,CONPASUL CL,Consumidor Livre,SUL,23.976,7.107027
202407.0,2024-07-18,43836.0,CONPASUL CL,Consumidor Livre,SUL,23.976,7.107027
,2024-07-18,,CONPASUL CL,,,23.976,7.107027
202407.0,2024-07-19,43836.0,CONPASUL CL,Consumidor Livre,SUL,23.976,5.6960180000000005
202407.0,2024-07-19,43836.0,CONPASUL CL,Consumidor Livre,SUL,23.976,5.6960180000000005
,2024-07-19,,CONPASUL CL,,,23.976,5.6960180000000005
202407.0,2024-07-20,43836.0,CONPASUL CL,Consumidor Livre,SUL,23.976,5.416072
202407.0,2024-07-20,43836.0,CONPASUL CL,Consumidor Livre,SUL,23.976,5.416072
,2024-07-20,,CONPASUL CL,,,23.976,5.416072
202407.0,2024-07-21,43836.0,CONPASUL CL,Consumidor Livre,SUL,23.976,1.004143
202407.0,2024-07-21,43836.0,CONPASUL CL,Consumidor Livre,SUL,23.976,1.004143
,2024-07-21,,CONPASUL CL,,,23.976,1.004143
202407.0,2024-07-22,43836.0,CONPASUL CL,Consumidor Livre,SUL,23.976,5.486877
202407.0,2024-07-22,43836.0,CONPASUL CL,Consumidor Livre,SUL,23.976,5.486877
,2024-07-22,,CONPASUL CL,,,23.976,5.486877
202407.0,2024-07-23,43836.0,CONPASUL CL,Consumidor Livre,SUL,23.976,7.01115
202407.0,2024-07-23,43836.0,CONPASUL CL,Consumidor Livre,SUL,23.976,7.01115
,2024-07-23,,CONPASUL CL,,,23.976,7.01115
202407.0,2024-07-24,43836.0,CONPASUL CL,Consumidor Livre,SUL,23.976,6.799191
202407.0,2024-07-24,43836.0,CONPASUL CL,Consumidor Livre,SUL,23.976,6.799191
,2024-07-24,,CONPASUL CL,,,23.976,6.799191
202407.0,2024-07-25,43836.0,CONPASUL CL,Consumidor Livre,SUL,23.976,7.942762
202407.0,2024-07-25,43836.0,CONPASUL CL,Consumidor Livre,SUL,23.976,7.942762
,2024-07-25,,CONPASUL CL,,,23.976,7.942762
202407.0,2024-07-26,43836.0,CONPASUL CL,Consumidor Livre,SUL,23.976,2.707932
202407.0,2024-07-26,43836.0,CONPASUL CL,Consumidor Livre,SUL,23.976,2.707932
,2024-07-26,,CONPASUL CL,,,23.976,2.707932
202407.0,2024-07-27,43836.0,CONPASUL CL,Consumidor Livre,SUL,23.976,1.171805
202407.0,2024-07-27,43836.0,CONPASUL CL,Consumidor Livre,SUL,23.976,1.171805
,2024-07-27,,CONPASUL CL,,,23.976,1.171805
202407.0,2024-07-28,43836.0,CONPASUL CL,Consumidor Livre,SUL,23.976,1.120494
202407.0,2024-07-28,43836.0,CONPASUL CL,Consumidor Livre,SUL,23.976,1.120494
,2024-07-28,,CONPASUL CL,,,23.976,1.120494
202407.0,2024-07-29,43836.0,CONPASUL CL,Consumidor Livre,SUL,23.976,5.528272
202407.0,2024-07-29,43836.0,CONPASUL CL,Consumidor Livre,SUL,23.976,5.528272
,2024-07-29,,CONPASUL CL,,,23.976,5.528272
202407.0,2024-07-30,43836.0,CONPASUL CL,Consumidor Livre,SUL,23.976,4.28609
202407.0,2024-07-30,43836.0,CONPASUL CL,Consumidor Livre,SUL,23.976,4.28609
,2024-07-30,,CONPASUL CL,,,23.976,4.28609
202407.0,2024-07-31,43836.0,CONPASUL CL,Consumidor Livre,SUL,23.976,4.560673
202407.0,2024-07-31,43836.0,CONPASUL CL,Consumidor Livre,SUL,23.976,4.560673
,2024-07-31,,CONPASUL CL,,,23.976,4.560673
202408.0,2024-08-01,43836.0,CONPASUL CL,Consumidor Livre,SUL,23.976,5.58471
202408.0,2024-08-01,43836.0,CONPASUL CL,Consumidor Livre,SUL,23.976,5.58471
,2024-08-01,,CONPASUL CL,,,23.976,5.58471
202408.0,2024-08-02,43836.0,CONPASUL CL,Consumidor Livre,SUL,23.976,6.500145
202408.0,2024-08-02,43836.0,CONPASUL CL,Consumidor Livre,SUL,23.976,6.500145
,2024-08-02,,CONPASUL CL,,,23.976,6.500145
202408.0,2024-08-03,43836.0,CONPASUL CL,Consumidor Livre,SUL,23.976,3.509132
202408.0,2024-08-03,43836.0,CONPASUL CL,Consumidor Livre,SUL,23.976,3.509132
,2024-08-03,,CONPASUL CL,,,23.976,3.509132
202408.0,2024-08-04,43836.0,CONPASUL CL,Consumidor Livre,SUL,23.976,1.30564
202408.0,2024-08-04,43836.0,CONPASUL CL,Consumidor Livre,SUL,23.976,1.30564
,2024-08-04,,CONPASUL CL,,,23.976,1.30564
202408.0,2024-08-05,43836.0,CONPASUL CL,Consumidor Livre,SUL,23.976,4.57372
202408.0,2024-08-05,43836.0,CONPASUL CL,Consumidor Livre,SUL,23.976,4.57372
,2024-08-05,,CONPASUL CL,,,23.976,4.57372
202408.0,2024-08-06,43836.0,CONPASUL CL,Consumidor Livre,SUL,23.976,1.634159
202408.0,2024-08-06,43836.0,CONPASUL CL,Consumidor Livre,SUL,23.976,1.634159
,2024-08-06,,CONPASUL CL,,,23.976,1.634159
202408.0,2024-08-07,43836.0,CONPASUL CL,Consumidor Livre,SUL,23.976,1.609991
202408.0,2024-08-07,43836.0,CONPASUL CL,Consumidor Livre,SUL,23.976,1.609991
,2024-08-07,,CONPASUL CL,,,23.976,1.609991
202408.0,2024-08-08,43836.0,CONPASUL CL,Consumidor Livre,SUL,23.976,1.731706
202408.0,2024-08-08,43836.0,CONPASUL CL,Consumidor Livre,SUL,23.976,1.731706
,2024-08-08,,CONPASUL CL,,,23.976,1.731706
202408.0,2024-08-09,43836.0,CONPASUL CL,Consumidor Livre,SUL,23.976,1.938656
202408.0,2024-08-09,43836.0,CONPASUL CL,Consumidor Livre,SUL,23.976,1.938656
,2024-08-09,,CONPASUL CL,,,23.976,1.938656
202408.0,2024-08-10,43836.0,CONPASUL CL,Consumidor Livre,SUL,23.976,3.317917
202408.0,2024-08-10,43836.0,CONPASUL CL,Consumidor Livre,SUL,23.976,3.317917
,2024-08-10,,CONPASUL CL,,,23.976,3.317917
202408.0,2024-08-11,43836.0,CONPASUL CL,Consumidor Livre,SUL,23.976,1.222577
202408.0,2024-08-11,43836.0,CONPASUL CL,Consumidor Livre,SUL,23.976,1.222577
,2024-08-11,,CONPASUL CL,,,23.976,1.222577
202408.0,2024-08-12,43836.0,CONPASUL CL,Consumidor Livre,SUL,23.976,3.680249
202408.0,2024-08-12,43836.0,CONPASUL CL,Consumidor Livre,SUL,23.976,3.680249
,2024-08-12,,CONPASUL CL,,,23.976,3.680249
202408.0,2024-08-13,43836.0,CONPASUL CL,Consumidor Livre,SUL,23.976,7.669538
202408.0,2024-08-13,43836.0,CONPASUL CL,Consumidor Livre,SUL,23.976,7.669538
,2024-08-13,,CONPASUL CL,,,23.976,7.669538
202408.0,2024-08-14,43836.0,CONPASUL CL,Consumidor Livre,SUL,23.976,8.085545
202408.0,2024-08-14,43836.0,CONPASUL CL,Consumidor Livre,SUL,23.976,8.085545
,2024-08-14,,CONPASUL CL,,,23.976,8.085545
202408.0,2024-08-15,43836.0,CONPASUL CL,Consumidor Livre,SUL,23.976,6.85522
202408.0,2024-08-15,43836.0,CONPASUL CL,Consumidor Livre,SUL,23.976,6.85522
,2024-08-15,,CONPASUL CL,,,23.976,6.85522
202408.0,2024-08-16,43836.0,CONPASUL CL,Consumidor Livre,SUL,23.976,4.644114
202408.0,2024-08-16,43836.0,CONPASUL CL,Consumidor Livre,SUL,23.976,4.644114
,2024-08-16,,CONPASUL CL,,,23.976,4.644114
202408.0,2024-08-17,43836.0,CONPASUL CL,Consumidor Livre,SUL,23.976,6.142296
202408.0,2024-08-17,43836.0,CONPASUL CL,Consumidor Livre,SUL,23.976,6.142296
,2024-08-17,,CONPASUL CL,,,23.976,6.142296
202408.0,2024-08-18,43836.0,CONPASUL CL,Consumidor Livre,SUL,23.976,1.279699
202408.0,2024-08-18,43836.0,CONPASUL CL,Consumidor Livre,SUL,23.976,1.279699
,2024-08-18,,CONPASUL CL,,,23.976,1.279699
202408.0,2024-08-19,43836.0,CONPASUL CL,Consumidor Livre,SUL,23.976,2.751817
202408.0,2024-08-19,43836.0,CONPASUL CL,Consumidor Livre,SUL,23.976,2.751817
,2024-08-19,,CONPASUL CL,,,23.976,2.751817
202408.0,2024-08-20,43836.0,CONPASUL CL,Consumidor Livre,SUL,23.976,5.157373
202408.0,2024-08-20,43836.0,CONPASUL CL,Consumidor Livre,SUL,23.976,5.157373
,2024-08-20,,CONPASUL CL,,,23.976,5.157373
202408.0,2024-08-21,43836.0,CONPASUL CL,Consumidor Livre,SUL,23.976,6.524445
202408.0,2024-08-21,43836.0,CONPASUL CL,Consumidor Livre,SUL,23.976,6.524445
,2024-08-21,,CONPASUL CL,,,23.976,6.524445
202408.0,2024-08-22,43836.0,CONPASUL CL,Consumidor Livre,SUL,23.976,7.050686
202408.0,2024-08-22,43836.0,CONPASUL CL,Consumidor Livre,SUL,23.976,7.050686
,2024-08-22,,CONPASUL CL,,,23.976,7.050686
202408.0,2024-08-23,43836.0,CONPASUL CL,Consumidor Livre,SUL,23.976,6.659234
202408.0,2024-08-23,43836.0,CONPASUL CL,Consumidor Livre,SUL,23.976,6.659234
,2024-08-23,,CONPASUL CL,,,23.976,6.659234
202408.0,2024-08-24,43836.0,CONPASUL CL,Consumidor Livre,SUL,23.976,5.732269
202408.0,2024-08-24,43836.0,CONPASUL CL,Consumidor Livre,SUL,23.976,5.732269
,2024-08-24,,CONPASUL CL,,,23.976,5.732269
202408.0,2024-08-25,43836.0,CONPASUL CL,Consumidor Livre,SUL,23.976,1.281813
202408.0,2024-08-25,43836.0,CONPASUL CL,Consumidor Livre,SUL,23.976,1.281813
,2024-08-25,,CONPASUL CL,,,23.976,1.281813
202408.0,2024-08-26,43836.0,CONPASUL CL,Consumidor Livre,SUL,23.976,6.900246
202408.0,2024-08-26,43836.0,CONPASUL CL,Consumidor Livre,SUL,23.976,6.900246
,2024-08-26,,CONPASUL CL,,,23.976,6.900246
202408.0,2024-08-27,43836.0,CONPASUL CL,Consumidor Livre,SUL,23.976,2.4716
202408.0,2024-08-27,43836.0,CONPASUL CL,Consumidor Livre,SUL,23.976,2.4716
,2024-08-27,,CONPASUL CL,,,23.976,2.4716
202408.0,2024-08-28,43836.0,CONPASUL CL,Consumidor Livre,SUL,23.976,4.755211
202408.0,2024-08-28,43836.0,CONPASUL CL,Consumidor Livre,SUL,23.976,4.755211
,2024-08-28,,CONPASUL CL,,,23.976,4.755211
202408.0,2024-08-29,43836.0,CONPASUL CL,Consumidor Livre,SUL,23.976,6.523895
202408.0,2024-08-29,43836.0,CONPASUL CL,Consumidor Livre,SUL,23.976,6.523895
,2024-08-29,,CONPASUL CL,,,23.976,6.523895
202408.0,2024-08-30,43836.0,CONPASUL CL,Consumidor Livre,SUL,23.976,6.878642
202408.0,2024-08-30,43836.0,CONPASUL CL,Consumidor Livre,SUL,23.976,6.878642
,2024-08-30,,CONPASUL CL,,,23.976,6.878642
202408.0,2024-08-31,43836.0,CONPASUL CL,Consumidor Livre,SUL,23.976,5.69083
202408.0,2024-08-31,43836.0,CONPASUL CL,Consumidor Livre,SUL,23.976,5.69083
,2024-08-31,,CONPASUL CL,,,23.976,5.69083
202409.0,2024-09-01,43836.0,CONPASUL CL,Consumidor Livre,SUL,23.976,0.918803
202409.0,2024-09-01,43836.0,CONPASUL CL,Consumidor Livre,SUL,23.976,0.918803
,2024-09-01,,CONPASUL CL,,,23.976,0.918803
202409.0,2024-09-02,43836.0,CONPASUL CL,Consumidor Livre,SUL,23.976,3.623387
202409.0,2024-09-02,43836.0,CONPASUL CL,Consumidor Livre,SUL,23.976,3.623387
,2024-09-02,,CONPASUL CL,,,23.976,3.623387
202409.0,2024-09-03,43836.0,CONPASUL CL,Consumidor Livre,SUL,23.976,6.60841
202409.0,2024-09-03,43836.0,CONPASUL CL,Consumidor Livre,SUL,23.976,6.60841
,2024-09-03,,CONPASUL CL,,,23.976,6.60841
202409.0,2024-09-04,43836.0,CONPASUL CL,Consumidor Livre,SUL,23.976,6.366811
202409.0,2024-09-04,43836.0,CONPASUL CL,Consumidor Livre,SUL,23.976,6.366811
,2024-09-04,,CONPASUL CL,,,23.976,6.366811
202409.0,2024-09-05,43836.0,CONPASUL CL,Consumidor Livre,SUL,23.976,4.033564
202409.0,2024-09-05,43836.0,CONPASUL CL,Consumidor Livre,SUL,23.976,4.033564
,2024-09-05,,CONPASUL CL,,,23.976,4.033564
202409.0,2024-09-06,43836.0,CONPASUL CL,Consumidor Livre,SUL,23.976,4.00998
202409.0,2024-09-06,43836.0,CONPASUL CL,Consumidor Livre,SUL,23.976,4.00998
,2024-09-06,,CONPASUL CL,,,23.976,4.00998
202409.0,2024-09-07,43836.0,CONPASUL CL,Consumidor Livre,SUL,23.976,1.039026
202409.0,2024-09-07,43836.0,CONPASUL CL,Consumidor Livre,SUL,23.976,1.039026
,2024-09-07,,CONPASUL CL,,,23.976,1.039026
202409.0,2024-09-08,43836.0,CONPASUL CL,Consumidor Livre,SUL,23.976,1.197361
202409.0,2024-09-08,43836.0,CONPASUL CL,Consumidor Livre,SUL,23.976,1.197361
,2024-09-08,,CONPASUL CL,,,23.976,1.197361
202409.0,2024-09-09,43836.0,CONPASUL CL,Consumidor Livre,SUL,23.976,3.22605
202409.0,2024-09-09,43836.0,CONPASUL CL,Consumidor Livre,SUL,23.976,3.22605
,2024-09-09,,CONPASUL CL,,,23.976,3.22605
202409.0,2024-09-10,43836.0,CONPASUL CL,Consumidor Livre,SUL,23.976,8.532549
202409.0,2024-09-10,43836.0,CONPASUL CL,Consumidor Livre,SUL,23.976,8.532549
,2024-09-10,,CONPASUL CL,,,23.976,8.532549
202409.0,2024-09-11,43836.0,CONPASUL CL,Consumidor Livre,SUL,23.976,7.370252
202409.0,2024-09-11,43836.0,CONPASUL CL,Consumidor Livre,SUL,23.976,7.370252
,2024-09-11,,CONPASUL CL,,,23.976,7.370252
202409.0,2024-09-12,43836.0,CONPASUL CL,Consumidor Livre,SUL,23.976,4.60886
202409.0,2024-09-12,43836.0,CONPASUL CL,Consumidor Livre,SUL,23.976,4.60886
,2024-09-12,,CONPASUL CL,,,23.976,4.60886
202409.0,2024-09-13,43836.0,CONPASUL CL,Consumidor Livre,SUL,23.976,2.103398
202409.0,2024-09-13,43836.0,CONPASUL CL,Consumidor Livre,SUL,23.976,2.103398
,2024-09-13,,CONPASUL CL,,,23.976,2.103398
202409.0,2024-09-14,43836.0,CONPASUL CL,Consumidor Livre,SUL,23.976,4.727722
202409.0,2024-09-14,43836.0,CONPASUL CL,Consumidor Livre,SUL,23.976,4.727722
,2024-09-14,,CONPASUL CL,,,23.976,4.727722
202409.0,2024-09-15,43836.0,CONPASUL CL,Consumidor Livre,SUL,23.976,1.131221
202409.0,2024-09-15,43836.0,CONPASUL CL,Consumidor Livre,SUL,23.976,1.131221
,2024-09-15,,CONPASUL CL,,,23.976,1.131221
202409.0,2024-09-16,43836.0,CONPASUL CL,Consumidor Livre,SUL,23.976,5.745162
202409.0,2024-09-16,43836.0,CONPASUL CL,Consumidor Livre,SUL,23.976,5.745162
,2024-09-16,,CONPASUL CL,,,23.976,5.745162
202409.0,2024-09-17,43836.0,CONPASUL CL,Consumidor Livre,SUL,23.976,8.118615
202409.0,2024-09-17,43836.0,CONPASUL CL,Consumidor Livre,SUL,23.976,8.118615
,2024-09-17,,CONPASUL CL,,,23.976,8.118615
202409.0,2024-09-18,43836.0,CONPASUL CL,Consumidor Livre,SUL,23.976,8.174733999999999
202409.0,2024-09-18,43836.0,CONPASUL CL,Consumidor Livre,SUL,23.976,8.174733999999999
,2024-09-18,,CONPASUL CL,,,23.976,8.174733999999999
202409.0,2024-09-19,43836.0,CONPASUL CL,Consumidor Livre,SUL,23.976,5.741643
202409.0,2024-09-19,43836.0,CONPASUL CL,Consumidor Livre,SUL,23.976,5.741643
,2024-09-19,,CONPASUL CL,,,23.976,5.741643
202409.0,2024-09-20,43836.0,CONPASUL CL,Consumidor Livre,SUL,23.976,0.857214
202409.0,2024-09-20,43836.0,CONPASUL CL,Consumidor Livre,SUL,23.976,0.857214
,2024-09-20,,CONPASUL CL,,,23.976,0.857214
202409.0,2024-09-21,43836.0,CONPASUL CL,Consumidor Livre,SUL,23.976,1.052525
202409.0,2024-09-21,43836.0,CONPASUL CL,Consumidor Livre,SUL,23.976,1.052525
,2024-09-21,,CONPASUL CL,,,23.976,1.052525
202409.0,2024-09-22,43836.0,CONPASUL CL,Consumidor Livre,SUL,23.976,1.040071
202409.0,2024-09-22,43836.0,CONPASUL CL,Consumidor Livre,SUL,23.976,1.040071
,2024-09-22,,CONPASUL CL,,,23.976,1.040071
202409.0,2024-09-23,43836.0,CONPASUL CL,Consumidor Livre,SUL,23.976,3.63677
202409.0,2024-09-23,43836.0,CONPASUL CL,Consumidor Livre,SUL,23.976,3.63677
,2024-09-23,,CONPASUL CL,,,23.976,3.63677
202409.0,2024-09-24,43836.0,CONPASUL CL,Consumidor Livre,SUL,23.976,3.824941
202409.0,2024-09-24,43836.0,CONPASUL CL,Consumidor Livre,SUL,23.976,3.824941
,2024-09-24,,CONPASUL CL,,,23.976,3.824941
202409.0,2024-09-25,43836.0,CONPASUL CL,Consumidor Livre,SUL,23.976,1.899645
202409.0,2024-09-25,43836.0,CONPASUL CL,Consumidor Livre,SUL,23.976,1.899645
,2024-09-25,,CONPASUL CL,,,23.976,1.899645
202409.0,2024-09-26,43836.0,CONPASUL CL,Consumidor Livre,SUL,23.976,1.717071
202409.0,2024-09-26,43836.0,CONPASUL CL,Consumidor Livre,SUL,23.976,1.717071
,2024-09-26,,CONPASUL CL,,,23.976,1.717071
202409.0,2024-09-27,43836.0,CONPASUL CL,Consumidor Livre,SUL,23.976,4.697874
202409.0,2024-09-27,43836.0,CONPASUL CL,Consumidor Livre,SUL,23.976,4.697874
,2024-09-27,,CONPASUL CL,,,23.976,4.697874
202409.0,2024-09-28,43836.0,CONPASUL CL,Consumidor Livre,SUL,23.976,4.011466
202409.0,2024-09-28,43836.0,CONPASUL CL,Consumidor Livre,SUL,23.976,4.011466
,2024-09-28,,CONPASUL CL,,,23.976,4.011466
202409.0,2024-09-29,43836.0,CONPASUL CL,Consumidor Livre,SUL,23.976,0.974047
202409.0,2024-09-29,43836.0,CONPASUL CL,Consumidor Livre,SUL,23.976,0.974047
,2024-09-29,,CONPASUL CL,,,23.976,0.974047
202409.0,2024-09-30,43836.0,CONPASUL CL,Consumidor Livre,SUL,23.976,2.420443
202409.0,2024-09-30,43836.0,CONPASUL CL,Consumidor Livre,SUL,23.976,2.420443
,2024-09-30,,CONPASUL CL,,,23.976,2.420443
202410.0,2024-10-01,43836.0,CONPASUL CL,Consumidor Livre,SUL,23.976,2.892991
202410.0,2024-10-01,43836.0,CONPASUL CL,Consumidor Livre,SUL,23.976,2.892991
,2024-10-01,,CONPASUL CL,,,23.976,2.892991
202410.0,2024-10-02,43836.0,CONPASUL CL,Consumidor Livre,SUL,23.976,6.26167
202410.0,2024-10-02,43836.0,CONPASUL CL,Consumidor Livre,SUL,23.976,6.26167
,2024-10-02,,CONPASUL CL,,,23.976,6.26167
202410.0,2024-10-03,43836.0,CONPASUL CL,Consumidor Livre,SUL,23.976,5.235707
202410.0,2024-10-03,43836.0,CONPASUL CL,Consumidor Livre,SUL,23.976,5.235707
,2024-10-03,,CONPASUL CL,,,23.976,5.235707
202410.0,2024-10-04,43836.0,CONPASUL CL,Consumidor Livre,SUL,23.976,6.712544
202410.0,2024-10-04,43836.0,CONPASUL CL,Consumidor Livre,SUL,23.976,6.712544
,2024-10-04,,CONPASUL CL,,,23.976,6.712544
202410.0,2024-10-05,43836.0,CONPASUL CL,Consumidor Livre,SUL,23.976,1.918605
202410.0,2024-10-05,43836.0,CONPASUL CL,Consumidor Livre,SUL,23.976,1.918605
,2024-10-05,,CONPASUL CL,,,23.976,1.918605
202410.0,2024-10-06,43836.0,CONPASUL CL,Consumidor Livre,SUL,23.976,1.10578
202410.0,2024-10-06,43836.0,CONPASUL CL,Consumidor Livre,SUL,23.976,1.10578
,2024-10-06,,CONPASUL CL,,,23.976,1.10578
202410.0,2024-10-07,43836.0,CONPASUL CL,Consumidor Livre,SUL,23.976,5.740703
202410.0,2024-10-07,43836.0,CONPASUL CL,Consumidor Livre,SUL,23.976,5.740703
,2024-10-07,,CONPASUL CL,,,23.976,5.740703
202410.0,2024-10-08,43836.0,CONPASUL CL,Consumidor Livre,SUL,23.976,4.684424
202410.0,2024-10-08,43836.0,CONPASUL CL,Consumidor Livre,SUL,23.976,4.684424
,2024-10-08,,CONPASUL CL,,,23.976,4.684424
202410.0,2024-10-09,43836.0,CONPASUL CL,Consumidor Livre,SUL,23.976,6.234495
202410.0,2024-10-09,43836.0,CONPASUL CL,Consumidor Livre,SUL,23.976,6.234495
,2024-10-09,,CONPASUL CL,,,23.976,6.234495
202410.0,2024-10-10,43836.0,CONPASUL CL,Consumidor Livre,SUL,23.976,3.003445
202410.0,2024-10-10,43836.0,CONPASUL CL,Consumidor Livre,SUL,23.976,3.003445
,2024-10-10,,CONPASUL CL,,,23.976,3.003445
202410.0,2024-10-11,43836.0,CONPASUL CL,Consumidor Livre,SUL,23.976,1.394843
202410.0,2024-10-11,43836.0,CONPASUL CL,Consumidor Livre,SUL,23.976,1.394843
,2024-10-11,,CONPASUL CL,,,23.976,1.394843
202410.0,2024-10-12,43836.0,CONPASUL CL,Consumidor Livre,SUL,23.976,4.237019
202410.0,2024-10-12,43836.0,CONPASUL CL,Consumidor Livre,SUL,23.976,4.237019
,2024-10-12,,CONPASUL CL,,,23.976,4.237019
202410.0,2024-10-13,43836.0,CONPASUL CL,Consumidor Livre,SUL,23.976,1.090728
202410.0,2024-10-13,43836.0,CONPASUL CL,Consumidor Livre,SUL,23.976,1.090728
,2024-10-13,,CONPASUL CL,,,23.976,1.090728
202410.0,2024-10-14,43836.0,CONPASUL CL,Consumidor Livre,SUL,23.976,5.171078
202410.0,2024-10-14,43836.0,CONPASUL CL,Consumidor Livre,SUL,23.976,5.171078
,2024-10-14,,CONPASUL CL,,,23.976,5.171078
202410.0,2024-10-15,43836.0,CONPASUL CL,Consumidor Livre,SUL,23.976,1.756808
202410.0,2024-10-15,43836.0,CONPASUL CL,Consumidor Livre,SUL,23.976,1.756808
,2024-10-15,,CONPASUL CL,,,23.976,1.756808
202410.0,2024-10-16,43836.0,CONPASUL CL,Consumidor Livre,SUL,23.976,5.094639
202410.0,2024-10-16,43836.0,CONPASUL CL,Consumidor Livre,SUL,23.976,5.094639
,2024-10-16,,CONPASUL CL,,,23.976,5.094639
202410.0,2024-10-17,43836.0,CONPASUL CL,Consumidor Livre,SUL,23.976,5.972996
202410.0,2024-10-17,43836.0,CONPASUL CL,Consumidor Livre,SUL,23.976,5.972996
,2024-10-17,,CONPASUL CL,,,23.976,5.972996
202410.0,2024-10-18,43836.0,CONPASUL CL,Consumidor Livre,SUL,23.976,4.232064
202410.0,2024-10-18,43836.0,CONPASUL CL,Consumidor Livre,SUL,23.976,4.232064
,2024-10-18,,CONPASUL CL,,,23.976,4.232064
202410.0,2024-10-19,43836.0,CONPASUL CL,Consumidor Livre,SUL,23.976,4.706006
202410.0,2024-10-19,43836.0,CONPASUL CL,Consumidor Livre,SUL,23.976,4.706006
,2024-10-19,,CONPASUL CL,,,23.976,4.706006
202410.0,2024-10-20,43836.0,CONPASUL CL,Consumidor Livre,SUL,23.976,0.983505
202410.0,2024-10-20,43836.0,CONPASUL CL,Consumidor Livre,SUL,23.976,0.983505
,2024-10-20,,CONPASUL CL,,,23.976,0.983505
202410.0,2024-10-21,43836.0,CONPASUL CL,Consumidor Livre,SUL,23.976,5.184938
202410.0,2024-10-21,43836.0,CONPASUL CL,Consumidor Livre,SUL,23.976,5.184938
,2024-10-21,,CONPASUL CL,,,23.976,5.184938
202410.0,2024-10-22,43836.0,CONPASUL CL,Consumidor Livre,SUL,23.976,4.05913
202410.0,2024-10-22,43836.0,CONPASUL CL,Consumidor Livre,SUL,23.976,4.05913
,2024-10-22,,CONPASUL CL,,,23.976,4.05913
202410.0,2024-10-23,43836.0,CONPASUL CL,Consumidor Livre,SUL,23.976,5.961083
202410.0,2024-10-23,43836.0,CONPASUL CL,Consumidor Livre,SUL,23.976,5.961083
,2024-10-23,,CONPASUL CL,,,23.976,5.961083
202410.0,2024-10-24,43836.0,CONPASUL CL,Consumidor Livre,SUL,23.976,4.13592
202410.0,2024-10-24,43836.0,CONPASUL CL,Consumidor Livre,SUL,23.976,4.13592
,2024-10-24,,CONPASUL CL,,,23.976,4.13592
202410.0,2024-10-25,43836.0,CONPASUL CL,Consumidor Livre,SUL,23.976,3.70425
202410.0,2024-10-25,43836.0,CONPASUL CL,Consumidor Livre,SUL,23.976,3.70425
,2024-10-25,,CONPASUL CL,,,23.976,3.70425
202410.0,2024-10-26,43836.0,CONPASUL CL,Consumidor Livre,SUL,23.976,4.141165
202410.0,2024-10-26,43836.0,CONPASUL CL,Consumidor Livre,SUL,23.976,4.141165
,2024-10-26,,CONPASUL CL,,,23.976,4.141165
202410.0,2024-10-27,43836.0,CONPASUL CL,Consumidor Livre,SUL,23.976,1.063679
202410.0,2024-10-27,43836.0,CONPASUL CL,Consumidor Livre,SUL,23.976,1.063679
,2024-10-27,,CONPASUL CL,,,23.976,1.063679
202410.0,2024-10-28,43836.0,CONPASUL CL,Consumidor Livre,SUL,23.976,6.347705
202410.0,2024-10-28,43836.0,CONPASUL CL,Consumidor Livre,SUL,23.976,6.347705
,2024-10-28,,CONPASUL CL,,,23.976,6.347705
202410.0,2024-10-29,43836.0,CONPASUL CL,Consumidor Livre,SUL,23.976,5.133701
202410.0,2024-10-29,43836.0,CONPASUL CL,Consumidor Livre,SUL,23.976,5.133701
,2024-10-29,,CONPASUL CL,,,23.976,5.133701
202410.0,2024-10-30,43836.0,CONPASUL CL,Consumidor Livre,SUL,23.976,6.505278
202410.0,2024-10-30,43836.0,CONPASUL CL,Consumidor Livre,SUL,23.976,6.505278
,2024-10-30,,CONPASUL CL,,,23.976,6.505278
202410.0,2024-10-31,43836.0,CONPASUL CL,Consumidor Livre,SUL,23.976,5.718928
202410.0,2024-10-31,43836.0,CONPASUL CL,Consumidor Livre,SUL,23.976,5.718928
,2024-10-31,,CONPASUL CL,,,23.976,5.718928
202411.0,2024-11-01,43836.0,CONPASUL CL,Consumidor Livre,SUL,23.976,5.522402
202411.0,2024-11-01,43836.0,CONPASUL CL,Consumidor Livre,SUL,23.976,5.522402
,2024-11-01,,CONPASUL CL,,,23.976,5.522402
202411.0,2024-11-02,43836.0,CONPASUL CL,Consumidor Livre,SUL,23.976,0.999379
202411.0,2024-11-02,43836.0,CONPASUL CL,Consumidor Livre,SUL,23.976,0.999379
,2024-11-02,,CONPASUL CL,,,23.976,0.999379
202411.0,2024-11-03,43836.0,CONPASUL CL,Consumidor Livre,SUL,23.976,1.042898
202411.0,2024-11-03,43836.0,CONPASUL CL,Consumidor Livre,SUL,23.976,1.042898
,2024-11-03,,CONPASUL CL,,,23.976,1.042898
202411.0,2024-11-04,43836.0,CONPASUL CL,Consumidor Livre,SUL,23.976,6.140551
202411.0,2024-11-04,43836.0,CONPASUL CL,Consumidor Livre,SUL,23.976,6.140551
,2024-11-04,,CONPASUL CL,,,23.976,6.140551
202411.0,2024-11-05,43836.0,CONPASUL CL,Consumidor Livre,SUL,23.976,4.0933660000000005
202411.0,2024-11-05,43836.0,CONPASUL CL,Consumidor Livre,SUL,23.976,4.0933660000000005
,2024-11-05,,CONPASUL CL,,,23.976,4.0933660000000005
202411.0,2024-11-06,43836.0,CONPASUL CL,Consumidor Livre,SUL,23.976,6.785036
202411.0,2024-11-06,43836.0,CONPASUL CL,Consumidor Livre,SUL,23.976,6.785036
,2024-11-06,,CONPASUL CL,,,23.976,6.785036
202411.0,2024-11-07,43836.0,CONPASUL CL,Consumidor Livre,SUL,23.976,7.030291
202411.0,2024-11-07,43836.0,CONPASUL CL,Consumidor Livre,SUL,23.976,7.030291
,2024-11-07,,CONPASUL CL,,,23.976,7.030291
202411.0,2024-11-08,43836.0,CONPASUL CL,Consumidor Livre,SUL,23.976,6.643309
202411.0,2024-11-08,43836.0,CONPASUL CL,Consumidor Livre,SUL,23.976,6.643309
,2024-11-08,,CONPASUL CL,,,23.976,6.643309
202411.0,2024-11-09,43836.0,CONPASUL CL,Consumidor Livre,SUL,23.976,5.436513
202411.0,2024-11-09,43836.0,CONPASUL CL,Consumidor Livre,SUL,23.976,5.436513
,2024-11-09,,CONPASUL CL,,,23.976,5.436513
202411.0,2024-11-10,43836.0,CONPASUL CL,Consumidor Livre,SUL,23.976,0.980151
202411.0,2024-11-10,43836.0,CONPASUL CL,Consumidor Livre,SUL,23.976,0.980151
,2024-11-10,,CONPASUL CL,,,23.976,0.980151
202411.0,2024-11-11,43836.0,CONPASUL CL,Consumidor Livre,SUL,23.976,5.409571
202411.0,2024-11-11,43836.0,CONPASUL CL,Consumidor Livre,SUL,23.976,5.409571
,2024-11-11,,CONPASUL CL,,,23.976,5.409571
202411.0,2024-11-12,43836.0,CONPASUL CL,Consumidor Livre,SUL,23.976,7.194615
202411.0,2024-11-12,43836.0,CONPASUL CL,Consumidor Livre,SUL,23.976,7.194615
,2024-11-12,,CONPASUL CL,,,23.976,7.194615
202411.0,2024-11-13,43836.0,CONPASUL CL,Consumidor Livre,SUL,23.976,6.407582
202411.0,2024-11-13,43836.0,CONPASUL CL,Consumidor Livre,SUL,23.976,6.407582
,2024-11-13,,CONPASUL CL,,,23.976,6.407582
202411.0,2024-11-14,43836.0,CONPASUL CL,Consumidor Livre,SUL,23.976,7.300838
202411.0,2024-11-14,43836.0,CONPASUL CL,Consumidor Livre,SUL,23.976,7.300838
,2024-11-14,,CONPASUL CL,,,23.976,7.300838
202411.0,2024-11-15,43836.0,CONPASUL CL,Consumidor Livre,SUL,23.976,7.165053
202411.0,2024-11-15,43836.0,CONPASUL CL,Consumidor Livre,SUL,23.976,7.165053
,2024-11-15,,CONPASUL CL,,,23.976,7.165053
202411.0,2024-11-16,43836.0,CONPASUL CL,Consumidor Livre,SUL,23.976,5.595676
202411.0,2024-11-16,43836.0,CONPASUL CL,Consumidor Livre,SUL,23.976,5.595676
,2024-11-16,,CONPASUL CL,,,23.976,5.595676
202411.0,2024-11-17,43836.0,CONPASUL CL,Consumidor Livre,SUL,23.976,1.0364
202411.0,2024-11-17,43836.0,CONPASUL CL,Consumidor Livre,SUL,23.976,1.0364
,2024-11-17,,CONPASUL CL,,,23.976,1.0364
202411.0,2024-11-18,43836.0,CONPASUL CL,Consumidor Livre,SUL,23.976,6.564248
202411.0,2024-11-18,43836.0,CONPASUL CL,Consumidor Livre,SUL,23.976,6.564248
,2024-11-18,,CONPASUL CL,,,23.976,6.564248
202411.0,2024-11-19,43836.0,CONPASUL CL,Consumidor Livre,SUL,23.976,7.395627
202411.0,2024-11-19,43836.0,CONPASUL CL,Consumidor Livre,SUL,23.976,7.395627
,2024-11-19,,CONPASUL CL,,,23.976,7.395627
202411.0,2024-11-20,43836.0,CONPASUL CL,Consumidor Livre,SUL,23.976,1.716228
202411.0,2024-11-20,43836.0,CONPASUL CL,Consumidor Livre,SUL,23.976,1.716228
,2024-11-20,,CONPASUL CL,,,23.976,1.716228
202411.0,2024-11-21,43836.0,CONPASUL CL,Consumidor Livre,SUL,23.976,3.904063
202411.0,2024-11-21,43836.0,CONPASUL CL,Consumidor Livre,SUL,23.976,3.904063
,2024-11-21,,CONPASUL CL,,,23.976,3.904063
202411.0,2024-11-22,43836.0,CONPASUL CL,Consumidor Livre,SUL,23.976,5.236984
202411.0,2024-11-22,43836.0,CONPASUL CL,Consumidor Livre,SUL,23.976,5.236984
,2024-11-22,,CONPASUL CL,,,23.976,5.236984
202411.0,2024-11-23,43836.0,CONPASUL CL,Consumidor Livre,SUL,23.976,5.544451
202411.0,2024-11-23,43836.0,CONPASUL CL,Consumidor Livre,SUL,23.976,5.544451
,2024-11-23,,CONPASUL CL,,,23.976,5.544451
202411.0,2024-11-24,43836.0,CONPASUL CL,Consumidor Livre,SUL,23.976,1.094957
202411.0,2024-11-24,43836.0,CONPASUL CL,Consumidor Livre,SUL,23.976,1.094957
,2024-11-24,,CONPASUL CL,,,23.976,1.094957
202411.0,2024-11-25,43836.0,CONPASUL CL,Consumidor Livre,SUL,23.976,5.324476
202411.0,2024-11-25,43836.0,CONPASUL CL,Consumidor Livre,SUL,23.976,5.324476
,2024-11-25,,CONPASUL CL,,,23.976,5.324476
202411.0,2024-11-26,43836.0,CONPASUL CL,Consumidor Livre,SUL,23.976,6.571362
202411.0,2024-11-26,43836.0,CONPASUL CL,Consumidor Livre,SUL,23.976,6.571362
,2024-11-26,,CONPASUL CL,,,23.976,6.571362
202411.0,2024-11-27,43836.0,CONPASUL CL,Consumidor Livre,SUL,23.976,6.346385
202411.0,2024-11-27,43836.0,CONPASUL CL,Consumidor Livre,SUL,23.976,6.346385
,2024-11-27,,CONPASUL CL,,,23.976,6.346385
202411.0,2024-11-28,43836.0,CONPASUL CL,Consumidor Livre,SUL,23.976,7.393003999999999
202411.0,2024-11-28,43836.0,CONPASUL CL,Consumidor Livre,SUL,23.976,7.393003999999999
,2024-11-28,,CONPASUL CL,,,23.976,7.393003999999999
202411.0,2024-11-29,43836.0,CONPASUL CL,Consumidor Livre,SUL,23.976,6.424945
202411.0,2024-11-29,43836.0,CONPASUL CL,Consumidor Livre,SUL,23.976,6.424945
,2024-11-29,,CONPASUL CL,,,23.976,6.424945
202411.0,2024-11-30,43836.0,CONPASUL CL,Consumidor Livre,SUL,23.976,3.926417
202411.0,2024-11-30,43836.0,CONPASUL CL,Consumidor Livre,SUL,23.976,3.926417
,2024-11-30,,CONPASUL CL,,,23.976,3.926417
202412.0,2024-12-01,43836.0,CONPASUL CL,Consumidor Livre,SUL,23.976,0.952332
202412.0,2024-12-01,43836.0,CONPASUL CL,Consumidor Livre,SUL,23.976,0.952332
,2024-12-01,,CONPASUL CL,,,23.976,0.952332
202412.0,2024-12-02,43836.0,CONPASUL CL,Consumidor Livre,SUL,23.976,6.52416
202412.0,2024-12-02,43836.0,CONPASUL CL,Consumidor Livre,SUL,23.976,6.52416
,2024-12-02,,CONPASUL CL,,,23.976,6.52416
202412.0,2024-12-03,43836.0,CONPASUL CL,Consumidor Livre,SUL,23.976,8.47429
202412.0,2024-12-03,43836.0,CONPASUL CL,Consumidor Livre,SUL,23.976,8.47429
,2024-12-03,,CONPASUL CL,,,23.976,8.47429
202412.0,2024-12-04,43836.0,CONPASUL CL,Consumidor Livre,SUL,23.976,5.618143
202412.0,2024-12-04,43836.0,CONPASUL CL,Consumidor Livre,SUL,23.976,5.618143
,2024-12-04,,CONPASUL CL,,,23.976,5.618143
202412.0,2024-12-05,43836.0,CONPASUL CL,Consumidor Livre,SUL,23.976,9.723689
202412.0,2024-12-05,43836.0,CONPASUL CL,Consumidor Livre,SUL,23.976,9.723689
,2024-12-05,,CONPASUL CL,,,23.976,9.723689
202412.0,2024-12-06,43836.0,CONPASUL CL,Consumidor Livre,SUL,23.976,6.56481
202412.0,2024-12-06,43836.0,CONPASUL CL,Consumidor Livre,SUL,23.976,6.56481
,2024-12-06,,CONPASUL CL,,,23.976,6.56481
202412.0,2024-12-07,43836.0,CONPASUL CL,Consumidor Livre,SUL,23.976,4.051315
202412.0,2024-12-07,43836.0,CONPASUL CL,Consumidor Livre,SUL,23.976,4.051315
,2024-12-07,,CONPASUL CL,,,23.976,4.051315
202412.0,2024-12-08,43836.0,CONPASUL CL,Consumidor Livre,SUL,23.976,1.036621
202412.0,2024-12-08,43836.0,CONPASUL CL,Consumidor Livre,SUL,23.976,1.036621
,2024-12-08,,CONPASUL CL,,,23.976,1.036621
202412.0,2024-12-09,43836.0,CONPASUL CL,Consumidor Livre,SUL,23.976,7.218585
202412.0,2024-12-09,43836.0,CONPASUL CL,Consumidor Livre,SUL,23.976,7.218585
,2024-12-09,,CONPASUL CL,,,23.976,7.218585
202412.0,2024-12-10,43836.0,CONPASUL CL,Consumidor Livre,SUL,23.976,7.617078
202412.0,2024-12-10,43836.0,CONPASUL CL,Consumidor Livre,SUL,23.976,7.617078
,2024-12-10,,CONPASUL CL,,,23.976,7.617078
202412.0,2024-12-11,43836.0,CONPASUL CL,Consumidor Livre,SUL,23.976,7.628057
202412.0,2024-12-11,43836.0,CONPASUL CL,Consumidor Livre,SUL,23.976,7.628057
,2024-12-11,,CONPASUL CL,,,23.976,7.628057
202412.0,2024-12-12,43836.0,CONPASUL CL,Consumidor Livre,SUL,23.976,7.614206
202412.0,2024-12-12,43836.0,CONPASUL CL,Consumidor Livre,SUL,23.976,7.614206
,2024-12-12,,CONPASUL CL,,,23.976,7.614206
202412.0,2024-12-13,43836.0,CONPASUL CL,Consumidor Livre,SUL,23.976,6.325706
202412.0,2024-12-13,43836.0,CONPASUL CL,Consumidor Livre,SUL,23.976,6.325706
,2024-12-13,,CONPASUL CL,,,23.976,6.325706
202412.0,2024-12-14,43836.0,CONPASUL CL,Consumidor Livre,SUL,23.976,0.988998
202412.0,2024-12-14,43836.0,CONPASUL CL,Consumidor Livre,SUL,23.976,0.988998
,2024-12-14,,CONPASUL CL,,,23.976,0.988998
202412.0,2024-12-15,43836.0,CONPASUL CL,Consumidor Livre,SUL,23.976,0.78133
202412.0,2024-12-15,43836.0,CONPASUL CL,Consumidor Livre,SUL,23.976,0.78133
,2024-12-15,,CONPASUL CL,,,23.976,0.78133
202412.0,2024-12-16,43836.0,CONPASUL CL,Consumidor Livre,SUL,23.976,5.290854
202412.0,2024-12-16,43836.0,CONPASUL CL,Consumidor Livre,SUL,23.976,5.290854
,2024-12-16,,CONPASUL CL,,,23.976,5.290854
202412.0,2024-12-17,43836.0,CONPASUL CL,Consumidor Livre,SUL,23.976,7.965581
202412.0,2024-12-17,43836.0,CONPASUL CL,Consumidor Livre,SUL,23.976,7.965581
,2024-12-17,,CONPASUL CL,,,23.976,7.965581
202412.0,2024-12-18,43836.0,CONPASUL CL,Consumidor Livre,SUL,23.976,8.374211
202412.0,2024-12-18,43836.0,CONPASUL CL,Consumidor Livre,SUL,23.976,8.374211
,2024-12-18,,CONPASUL CL,,,23.976,8.374211
202412.0,2024-12-19,43836.0,CONPASUL CL,Consumidor Livre,SUL,23.976,9.16896
202412.0,2024-12-19,43836.0,CONPASUL CL,Consumidor Livre,SUL,23.976,9.16896
,2024-12-19,,CONPASUL CL,,,23.976,9.16896
202412.0,2024-12-20,43836.0,CONPASUL CL,Consumidor Livre,SUL,23.976,8.045291
202412.0,2024-12-20,43836.0,CONPASUL CL,Consumidor Livre,SUL,23.976,8.045291
,2024-12-20,,CONPASUL CL,,,23.976,8.045291
202412.0,2024-12-21,43836.0,CONPASUL CL,Consumidor Livre,SUL,23.976,5.340847
202412.0,2024-12-21,43836.0,CONPASUL CL,Consumidor Livre,SUL,23.976,5.340847
,2024-12-21,,CONPASUL CL,,,23.976,5.340847
202412.0,2024-12-22,43836.0,CONPASUL CL,Consumidor Livre,SUL,23.976,1.192457
202412.0,2024-12-22,43836.0,CONPASUL CL,Consumidor Livre,SUL,23.976,1.192457
,2024-12-22,,CONPASUL CL,,,23.976,1.192457
202412.0,2024-12-23,43836.0,CONPASUL CL,Consumidor Livre,SUL,23.976,6.777694
202412.0,2024-12-23,43836.0,CONPASUL CL,Consumidor Livre,SUL,23.976,6.777694
,2024-12-23,,CONPASUL CL,,,23.976,6.777694
202412.0,2024-12-24,43836.0,CONPASUL CL,Consumidor Livre,SUL,23.976,4.644884
202412.0,2024-12-24,43836.0,CONPASUL CL,Consumidor Livre,SUL,23.976,4.644884
,2024-12-24,,CONPASUL CL,,,23.976,4.644884
202412.0,2024-12-25,43836.0,CONPASUL CL,Consumidor Livre,SUL,23.976,1.133582
202412.0,2024-12-25,43836.0,CONPASUL CL,Consumidor Livre,SUL,23.976,1.133582
,2024-12-25,,CONPASUL CL,,,23.976,1.133582
202412.0,2024-12-26,43836.0,CONPASUL CL,Consumidor Livre,SUL,23.976,7.989064
202412.0,2024-12-26,43836.0,CONPASUL CL,Consumidor Livre,SUL,23.976,7.989064
,2024-12-26,,CONPASUL CL,,,23.976,7.989064
202412.0,2024-12-27,43836.0,CONPASUL CL,Consumidor Livre,SUL,23.976,7.451169
202412.0,2024-12-27,43836.0,CONPASUL CL,Consumidor Livre,SUL,23.976,7.451169
,2024-12-27,,CONPASUL CL,,,23.976,7.451169
202412.0,2024-12-28,43836.0,CONPASUL CL,Consumidor Livre,SUL,23.976,8.224498
202412.0,2024-12-28,43836.0,CONPASUL CL,Consumidor Livre,SUL,23.976,8.224498
,2024-12-28,,CONPASUL CL,,,23.976,8.224498
202412.0,2024-12-29,43836.0,CONPASUL CL,Consumidor Livre,SUL,23.976,1.167101
202412.0,2024-12-29,43836.0,CONPASUL CL,Consumidor Livre,SUL,23.976,1.167101
,2024-12-29,,CONPASUL CL,,,23.976,1.167101
202412.0,2024-12-30,43836.0,CONPASUL CL,Consumidor Livre,SUL,23.976,5.690915
202412.0,2024-12-30,43836.0,CONPASUL CL,Consumidor Livre,SUL,23.976,5.690915
,2024-12-30,,CONPASUL CL,,,23.976,5.690915
202412.0,2024-12-31,43836.0,CONPASUL CL,Consumidor Livre,SUL,23.976,4.701377
202412.0,2024-12-31,43836.0,CONPASUL CL,Consumidor Livre,SUL,23.976,4.701377
,2024-12-31,,CONPASUL CL,,,23.976,4.701377
202501.0,2025-01-01,43836.0,CONPASUL CL,Consumidor Livre,SUL,23.976,1.220021
202501.0,2025-01-01,43836.0,CONPASUL CL,Consumidor Livre,SUL,23.976,1.220021
,2025-01-01,,CONPASUL CL,,,23.976,1.220021
202501.0,2025-01-02,43836.0,CONPASUL CL,Consumidor Livre,SUL,23.976,7.776451
202501.0,2025-01-02,43836.0,CONPASUL CL,Consumidor Livre,SUL,23.976,7.776451
,2025-01-02,,CONPASUL CL,,,23.976,7.776451
202501.0,2025-01-03,43836.0,CONPASUL CL,Consumidor Livre,SUL,23.976,5.726384
202501.0,2025-01-03,43836.0,CONPASUL CL,Consumidor Livre,SUL,23.976,5.726384
,2025-01-03,,CONPASUL CL,,,23.976,5.726384
202501.0,2025-01-04,43836.0,CONPASUL CL,Consumidor Livre,SUL,23.976,5.081046
202501.0,2025-01-04,43836.0,CONPASUL CL,Consumidor Livre,SUL,23.976,5.081046
,2025-01-04,,CONPASUL CL,,,23.976,5.081046
202501.0,2025-01-05,43836.0,CONPASUL CL,Consumidor Livre,SUL,23.976,1.092064
202501.0,2025-01-05,43836.0,CONPASUL CL,Consumidor Livre,SUL,23.976,1.092064
,2025-01-05,,CONPASUL CL,,,23.976,1.092064
202501.0,2025-01-06,43836.0,CONPASUL CL,Consumidor Livre,SUL,23.976,7.490053
202501.0,2025-01-06,43836.0,CONPASUL CL,Consumidor Livre,SUL,23.976,7.490053
,2025-01-06,,CONPASUL CL,,,23.976,7.490053
202501.0,2025-01-07,43836.0,CONPASUL CL,Consumidor Livre,SUL,23.976,5.8898470000000005
202501.0,2025-01-07,43836.0,CONPASUL CL,Consumidor Livre,SUL,23.976,5.8898470000000005
,2025-01-07,,CONPASUL CL,,,23.976,5.8898470000000005
202501.0,2025-01-08,43836.0,CONPASUL CL,Consumidor Livre,SUL,23.976,4.9898240000000005
202501.0,2025-01-08,43836.0,CONPASUL CL,Consumidor Livre,SUL,23.976,4.9898240000000005
,2025-01-08,,CONPASUL CL,,,23.976,4.9898240000000005
202501.0,2025-01-09,43836.0,CONPASUL CL,Consumidor Livre,SUL,23.976,5.479765
202501.0,2025-01-09,43836.0,CONPASUL CL,Consumidor Livre,SUL,23.976,5.479765
,2025-01-09,,CONPASUL CL,,,23.976,5.479765
202501.0,2025-01-10,43836.0,CONPASUL CL,Consumidor Livre,SUL,23.976,5.188442
202501.0,2025-01-10,43836.0,CONPASUL CL,Consumidor Livre,SUL,23.976,5.188442
,2025-01-10,,CONPASUL CL,,,23.976,5.188442
202501.0,2025-01-11,43836.0,CONPASUL CL,Consumidor Livre,SUL,23.976,6.0286360000000005
202501.0,2025-01-11,43836.0,CONPASUL CL,Consumidor Livre,SUL,23.976,6.0286360000000005
,2025-01-11,,CONPASUL CL,,,23.976,6.0286360000000005
202501.0,2025-01-12,43836.0,CONPASUL CL,Consumidor Livre,SUL,23.976,1.025599
202501.0,2025-01-12,43836.0,CONPASUL CL,Consumidor Livre,SUL,23.976,1.025599
,2025-01-12,,CONPASUL CL,,,23.976,1.025599
202501.0,2025-01-13,43836.0,CONPASUL CL,Consumidor Livre,SUL,23.976,8.004051
202501.0,2025-01-13,43836.0,CONPASUL CL,Consumidor Livre,SUL,23.976,8.004051
,2025-01-13,,CONPASUL CL,,,23.976,8.004051
202501.0,2025-01-14,43836.0,CONPASUL CL,Consumidor Livre,SUL,23.976,2.834327
202501.0,2025-01-14,43836.0,CONPASUL CL,Consumidor Livre,SUL,23.976,2.834327
,2025-01-14,,CONPASUL CL,,,23.976,2.834327
202501.0,2025-01-15,43836.0,CONPASUL CL,Consumidor Livre,SUL,23.976,8.307166
202501.0,2025-01-15,43836.0,CONPASUL CL,Consumidor Livre,SUL,23.976,8.307166
,2025-01-15,,CONPASUL CL,,,23.976,8.307166
202501.0,2025-01-16,43836.0,CONPASUL CL,Consumidor Livre,SUL,23.976,7.827597
202501.0,2025-01-16,43836.0,CONPASUL CL,Consumidor Livre,SUL,23.976,7.827597
,2025-01-16,,CONPASUL CL,,,23.976,7.827597
202501.0,2025-01-17,43836.0,CONPASUL CL,Consumidor Livre,SUL,23.976,7.148881
202501.0,2025-01-17,43836.0,CONPASUL CL,Consumidor Livre,SUL,23.976,7.148881
,2025-01-17,,CONPASUL CL,,,23.976,7.148881
202501.0,2025-01-18,43836.0,CONPASUL CL,Consumidor Livre,SUL,23.976,6.563458
202501.0,2025-01-18,43836.0,CONPASUL CL,Consumidor Livre,SUL,23.976,6.563458
,2025-01-18,,CONPASUL CL,,,23.976,6.563458
202501.0,2025-01-19,43836.0,CONPASUL CL,Consumidor Livre,SUL,23.976,0.963749
202501.0,2025-01-19,43836.0,CONPASUL CL,Consumidor Livre,SUL,23.976,0.963749
,2025-01-19,,CONPASUL CL,,,23.976,0.963749
202501.0,2025-01-20,43836.0,CONPASUL CL,Consumidor Livre,SUL,23.976,5.373824
202501.0,2025-01-20,43836.0,CONPASUL CL,Consumidor Livre,SUL,23.976,5.373824
,2025-01-20,,CONPASUL CL,,,23.976,5.373824
202501.0,2025-01-21,43836.0,CONPASUL CL,Consumidor Livre,SUL,23.976,7.445403
202501.0,2025-01-21,43836.0,CONPASUL CL,Consumidor Livre,SUL,23.976,7.445403
,2025-01-21,,CONPASUL CL,,,23.976,7.445403
202501.0,2025-01-22,43836.0,CONPASUL CL,Consumidor Livre,SUL,23.976,7.589037
202501.0,2025-01-22,43836.0,CONPASUL CL,Consumidor Livre,SUL,23.976,7.589037
,2025-01-22,,CONPASUL CL,,,23.976,7.589037
202501.0,2025-01-23,43836.0,CONPASUL CL,Consumidor Livre,SUL,23.976,5.938737
202501.0,2025-01-23,43836.0,CONPASUL CL,Consumidor Livre,SUL,23.976,5.938737
,2025-01-23,,CONPASUL CL,,,23.976,5.938737
202501.0,2025-01-24,43836.0,CONPASUL CL,Consumidor Livre,SUL,23.976,6.275901
202501.0,2025-01-24,43836.0,CONPASUL CL,Consumidor Livre,SUL,23.976,6.275901
,2025-01-24,,CONPASUL CL,,,23.976,6.275901
202501.0,2025-01-25,43836.0,CONPASUL CL,Consumidor Livre,SUL,23.976,1.345138
202501.0,2025-01-25,43836.0,CONPASUL CL,Consumidor Livre,SUL,23.976,1.345138
,2025-01-25,,CONPASUL CL,,,23.976,1.345138
202501.0,2025-01-26,43836.0,CONPASUL CL,Consumidor Livre,SUL,23.976,1.171056
202501.0,2025-01-26,43836.0,CONPASUL CL,Consumidor Livre,SUL,23.976,1.171056
,2025-01-26,,CONPASUL CL,,,23.976,1.171056
202501.0,2025-01-27,43836.0,CONPASUL CL,Consumidor Livre,SUL,23.976,2.650419
202501.0,2025-01-27,43836.0,CONPASUL CL,Consumidor Livre,SUL,23.976,2.650419
,2025-01-27,,CONPASUL CL,,,23.976,2.650419
202501.0,2025-01-28,43836.0,CONPASUL CL,Consumidor Livre,SUL,23.976,2.076901
202501.0,2025-01-28,43836.0,CONPASUL CL,Consumidor Livre,SUL,23.976,2.076901
,2025-01-28,,CONPASUL CL,,,23.976,2.076901
202501.0,2025-01-29,43836.0,CONPASUL CL,Consumidor Livre,SUL,23.976,2.565064
202501.0,2025-01-29,43836.0,CONPASUL CL,Consumidor Livre,SUL,23.976,2.565064
,2025-01-29,,CONPASUL CL,,,23.976,2.565064
202501.0,2025-01-30,43836.0,CONPASUL CL,Consumidor Livre,SUL,23.976,3.249685
202501.0,2025-01-30,43836.0,CONPASUL CL,Consumidor Livre,SUL,23.976,3.249685
,2025-01-30,,CONPASUL CL,,,23.976,3.249685
202501.0,2025-01-31,43836.0,CONPASUL CL,Consumidor Livre,SUL,23.976,7.896183
202501.0,2025-01-31,43836.0,CONPASUL CL,Consumidor Livre,SUL,23.976,7.896183
,2025-01-31,,CONPASUL CL,,,23.976,7.896183
202502.0,2025-02-01,43836.0,CONPASUL CL,Consumidor Livre,SUL,23.976,7.155645
202502.0,2025-02-01,43836.0,CONPASUL CL,Consumidor Livre,SUL,23.976,7.155645
,2025-02-01,,CONPASUL CL,,,23.976,7.155645
202502.0,2025-02-02,43836.0,CONPASUL CL,Consumidor Livre,SUL,23.976,1.171959
202502.0,2025-02-02,43836.0,CONPASUL CL,Consumidor Livre,SUL,23.976,1.171959
,2025-02-02,,CONPASUL CL,,,23.976,1.171959
202502.0,2025-02-03,43836.0,CONPASUL CL,Consumidor Livre,SUL,23.976,7.652444
202502.0,2025-02-03,43836.0,CONPASUL CL,Consumidor Livre,SUL,23.976,7.652444
,2025-02-03,,CONPASUL CL,,,23.976,7.652444
202502.0,2025-02-04,43836.0,CONPASUL CL,Consumidor Livre,SUL,23.976,7.658907
202502.0,2025-02-04,43836.0,CONPASUL CL,Consumidor Livre,SUL,23.976,7.658907
,2025-02-04,,CONPASUL CL,,,23.976,7.658907
202502.0,2025-02-05,43836.0,CONPASUL CL,Consumidor Livre,SUL,23.976,6.0596760000000005
202502.0,2025-02-05,43836.0,CONPASUL CL,Consumidor Livre,SUL,23.976,6.0596760000000005
,2025-02-05,,CONPASUL CL,,,23.976,6.0596760000000005
202502.0,2025-02-06,43836.0,CONPASUL CL,Consumidor Livre,SUL,23.976,3.688674
202502.0,2025-02-06,43836.0,CONPASUL CL,Consumidor Livre,SUL,23.976,3.688674
,2025-02-06,,CONPASUL CL,,,23.976,3.688674
202502.0,2025-02-07,43836.0,CONPASUL CL,Consumidor Livre,SUL,23.976,8.237446
202502.0,2025-02-07,43836.0,CONPASUL CL,Consumidor Livre,SUL,23.976,8.237446
,2025-02-07,,CONPASUL CL,,,23.976,8.237446
202502.0,2025-02-08,43836.0,CONPASUL CL,Consumidor Livre,SUL,23.976,7.578564
202502.0,2025-02-08,43836.0,CONPASUL CL,Consumidor Livre,SUL,23.976,7.578564
,2025-02-08,,CONPASUL CL,,,23.976,7.578564
202502.0,2025-02-09,43836.0,CONPASUL CL,Consumidor Livre,SUL,23.976,0.694382
202502.0,2025-02-09,43836.0,CONPASUL CL,Consumidor Livre,SUL,23.976,0.694382
,2025-02-09,,CONPASUL CL,,,23.976,0.694382
202502.0,2025-02-10,43836.0,CONPASUL CL,Consumidor Livre,SUL,23.976,6.907758
202502.0,2025-02-10,43836.0,CONPASUL CL,Consumidor Livre,SUL,23.976,6.907758
,2025-02-10,,CONPASUL CL,,,23.976,6.907758
202502.0,2025-02-11,43836.0,CONPASUL CL,Consumidor Livre,SUL,23.976,5.692251
202502.0,2025-02-11,43836.0,CONPASUL CL,Consumidor Livre,SUL,23.976,5.692251
,2025-02-11,,CONPASUL CL,,,23.976,5.692251
202502.0,2025-02-12,43836.0,CONPASUL CL,Consumidor Livre,SUL,23.976,7.147443
202502.0,2025-02-12,43836.0,CONPASUL CL,Consumidor Livre,SUL,23.976,7.147443
,2025-02-12,,CONPASUL CL,,,23.976,7.147443
202502.0,2025-02-13,43836.0,CONPASUL CL,Consumidor Livre,SUL,23.976,7.054673
202502.0,2025-02-13,43836.0,CONPASUL CL,Consumidor Livre,SUL,23.976,7.054673
,2025-02-13,,CONPASUL CL,,,23.976,7.054673
202502.0,2025-02-14,43836.0,CONPASUL CL,Consumidor Livre,SUL,23.976,6.726661
202502.0,2025-02-14,43836.0,CONPASUL CL,Consumidor Livre,SUL,23.976,6.726661
,2025-02-14,,CONPASUL CL,,,23.976,6.726661
202502.0,2025-02-15,43836.0,CONPASUL CL,Consumidor Livre,SUL,23.976,5.81431
202502.0,2025-02-15,43836.0,CONPASUL CL,Consumidor Livre,SUL,23.976,5.81431
,2025-02-15,,CONPASUL CL,,,23.976,5.81431
202502.0,2025-02-16,43836.0,CONPASUL CL,Consumidor Livre,SUL,23.976,1.106086
202502.0,2025-02-16,43836.0,CONPASUL CL,Consumidor Livre,SUL,23.976,1.106086
,2025-02-16,,CONPASUL CL,,,23.976,1.106086
202502.0,2025-02-17,43836.0,CONPASUL CL,Consumidor Livre,SUL,23.976,1.752218
202502.0,2025-02-17,43836.0,CONPASUL CL,Consumidor Livre,SUL,23.976,1.752218
,2025-02-17,,CONPASUL CL,,,23.976,1.752218
202502.0,2025-02-18,43836.0,CONPASUL CL,Consumidor Livre,SUL,23.976,7.456271
202502.0,2025-02-18,43836.0,CONPASUL CL,Consumidor Livre,SUL,23.976,7.456271
,2025-02-18,,CONPASUL CL,,,23.976,7.456271
202502.0,2025-02-19,43836.0,CONPASUL CL,Consumidor Livre,SUL,23.976,8.104638
202502.0,2025-02-19,43836.0,CONPASUL CL,Consumidor Livre,SUL,23.976,8.104638
,2025-02-19,,CONPASUL CL,,,23.976,8.104638
202502.0,2025-02-20,43836.0,CONPASUL CL,Consumidor Livre,SUL,23.976,5.992933
202502.0,2025-02-20,43836.0,CONPASUL CL,Consumidor Livre,SUL,23.976,5.992933
,2025-02-20,,CONPASUL CL,,,23.976,5.992933
202502.0,2025-02-21,43836.0,CONPASUL CL,Consumidor Livre,SUL,23.976,6.721188
202502.0,2025-02-21,43836.0,CONPASUL CL,Consumidor Livre,SUL,23.976,6.721188
,2025-02-21,,CONPASUL CL,,,23.976,6.721188
202502.0,2025-02-22,43836.0,CONPASUL CL,Consumidor Livre,SUL,23.976,1.194721
202502.0,2025-02-22,43836.0,CONPASUL CL,Consumidor Livre,SUL,23.976,1.194721
,2025-02-22,,CONPASUL CL,,,23.976,1.194721
202502.0,2025-02-23,43836.0,CONPASUL CL,Consumidor Livre,SUL,23.976,1.10135
202502.0,2025-02-23,43836.0,CONPASUL CL,Consumidor Livre,SUL,23.976,1.10135
,2025-02-23,,CONPASUL CL,,,23.976,1.10135
202502.0,2025-02-24,43836.0,CONPASUL CL,Consumidor Livre,SUL,23.976,8.327753
202502.0,2025-02-24,43836.0,CONPASUL CL,Consumidor Livre,SUL,23.976,8.327753
,2025-02-24,,CONPASUL CL,,,23.976,8.327753
202502.0,2025-02-25,43836.0,CONPASUL CL,Consumidor Livre,SUL,23.976,6.372349
202502.0,2025-02-25,43836.0,CONPASUL CL,Consumidor Livre,SUL,23.976,6.372349
,2025-02-25,,CONPASUL CL,,,23.976,6.372349
202502.0,2025-02-26,43836.0,CONPASUL CL,Consumidor Livre,SUL,23.976,6.972911
202502.0,2025-02-26,43836.0,CONPASUL CL,Consumidor Livre,SUL,23.976,6.972911
,2025-02-26,,CONPASUL CL,,,23.976,6.972911
202502.0,2025-02-27,43836.0,CONPASUL CL,Consumidor Livre,SUL,23.976,6.891271
202502.0,2025-02-27,43836.0,CONPASUL CL,Consumidor Livre,SUL,23.976,6.891271
,2025-02-27,,CONPASUL CL,,,23.976,6.891271
202502.0,2025-02-28,43836.0,CONPASUL CL,Consumidor Livre,SUL,23.976,5.056052
202502.0,2025-02-28,43836.0,CONPASUL CL,Consumidor Livre,SUL,23.976,5.056052
,2025-02-28,,CONPASUL CL,,,23.976,5.056052
202503.0,2025-03-01,43836.0,CONPASUL CL,Consumidor Livre,SUL,23.976,3.960037
202503.0,2025-03-01,43836.0,CONPASUL CL,Consumidor Livre,SUL,23.976,3.960037
,2025-03-01,,CONPASUL CL,,,23.976,3.960037
202503.0,2025-03-02,43836.0,CONPASUL CL,Consumidor Livre,SUL,23.976,1.631794
202503.0,2025-03-02,43836.0,CONPASUL CL,Consumidor Livre,SUL,23.976,1.631794
,2025-03-02,,CONPASUL CL,,,23.976,1.631794
202503.0,2025-03-03,43836.0,CONPASUL CL,Consumidor Livre,SUL,23.976,7.292944
202503.0,2025-03-03,43836.0,CONPASUL CL,Consumidor Livre,SUL,23.976,7.292944
,2025-03-03,,CONPASUL CL,,,23.976,7.292944
202503.0,2025-03-04,43836.0,CONPASUL CL,Consumidor Livre,SUL,23.976,6.040478
202503.0,2025-03-04,43836.0,CONPASUL CL,Consumidor Livre,SUL,23.976,6.040478
,2025-03-04,,CONPASUL CL,,,23.976,6.040478
202503.0,2025-03-05,43836.0,CONPASUL CL,Consumidor Livre,SUL,23.976,5.516621
202503.0,2025-03-05,43836.0,CONPASUL CL,Consumidor Livre,SUL,23.976,5.516621
,2025-03-05,,CONPASUL CL,,,23.976,5.516621
202503.0,2025-03-06,43836.0,CONPASUL CL,Consumidor Livre,SUL,23.976,4.198998
202503.0,2025-03-06,43836.0,CONPASUL CL,Consumidor Livre,SUL,23.976,4.198998
,2025-03-06,,CONPASUL CL,,,23.976,4.198998
202503.0,2025-03-07,43836.0,CONPASUL CL,Consumidor Livre,SUL,23.976,7.103589
202503.0,2025-03-07,43836.0,CONPASUL CL,Consumidor Livre,SUL,23.976,7.103589
,2025-03-07,,CONPASUL CL,,,23.976,7.103589
202503.0,2025-03-08,43836.0,CONPASUL CL,Consumidor Livre,SUL,23.976,3.514458
202503.0,2025-03-08,43836.0,CONPASUL CL,Consumidor Livre,SUL,23.976,3.514458
,2025-03-08,,CONPASUL CL,,,23.976,3.514458
202503.0,2025-03-09,43836.0,CONPASUL CL,Consumidor Livre,SUL,23.976,0.809905
202503.0,2025-03-09,43836.0,CONPASUL CL,Consumidor Livre,SUL,23.976,0.809905
,2025-03-09,,CONPASUL CL,,,23.976,0.809905
202503.0,2025-03-10,43836.0,CONPASUL CL,Consumidor Livre,SUL,23.976,5.5136140000000005
202503.0,2025-03-10,43836.0,CONPASUL CL,Consumidor Livre,SUL,23.976,5.5136140000000005
,2025-03-10,,CONPASUL CL,,,23.976,5.5136140000000005
202503.0,2025-03-11,43836.0,CONPASUL CL,Consumidor Livre,SUL,23.976,7.481991
202503.0,2025-03-11,43836.0,CONPASUL CL,Consumidor Livre,SUL,23.976,7.481991
,2025-03-11,,CONPASUL CL,,,23.976,7.481991
202503.0,2025-03-12,43836.0,CONPASUL CL,Consumidor Livre,SUL,23.976,7.448061
202503.0,2025-03-12,43836.0,CONPASUL CL,Consumidor Livre,SUL,23.976,7.448061
,2025-03-12,,CONPASUL CL,,,23.976,7.448061
202503.0,2025-03-13,43836.0,CONPASUL CL,Consumidor Livre,SUL,23.976,7.572692
202503.0,2025-03-13,43836.0,CONPASUL CL,Consumidor Livre,SUL,23.976,7.572692
,2025-03-13,,CONPASUL CL,,,23.976,7.572692
202503.0,2025-03-14,43836.0,CONPASUL CL,Consumidor Livre,SUL,23.976,7.428514
202503.0,2025-03-14,43836.0,CONPASUL CL,Consumidor Livre,SUL,23.976,7.428514
,2025-03-14,,CONPASUL CL,,,23.976,7.428514
202503.0,2025-03-15,43836.0,CONPASUL CL,Consumidor Livre,SUL,23.976,6.219749
202503.0,2025-03-15,43836.0,CONPASUL CL,Consumidor Livre,SUL,23.976,6.219749
,2025-03-15,,CONPASUL CL,,,23.976,6.219749
202503.0,2025-03-16,43836.0,CONPASUL CL,Consumidor Livre,SUL,23.976,1.074894
202503.0,2025-03-16,43836.0,CONPASUL CL,Consumidor Livre,SUL,23.976,1.074894
,2025-03-16,,CONPASUL CL,,,23.976,1.074894
202503.0,2025-03-17,43836.0,CONPASUL CL,Consumidor Livre,SUL,23.976,7.894319
202503.0,2025-03-17,43836.0,CONPASUL CL,Consumidor Livre,SUL,23.976,7.894319
,2025-03-17,,CONPASUL CL,,,23.976,7.894319
202503.0,2025-03-18,43836.0,CONPASUL CL,Consumidor Livre,SUL,23.976,5.254798
202503.0,2025-03-18,43836.0,CONPASUL CL,Consumidor Livre,SUL,23.976,5.254798
,2025-03-18,,CONPASUL CL,,,23.976,5.254798
202503.0,2025-03-19,43836.0,CONPASUL CL,Consumidor Livre,SUL,23.976,8.025006
202503.0,2025-03-19,43836.0,CONPASUL CL,Consumidor Livre,SUL,23.976,8.025006
,2025-03-19,,CONPASUL CL,,,23.976,8.025006
202503.0,2025-03-20,43836.0,CONPASUL CL,Consumidor Livre,SUL,23.976,8.663545
202503.0,2025-03-20,43836.0,CONPASUL CL,Consumidor Livre,SUL,23.976,8.663545
,2025-03-20,,CONPASUL CL,,,23.976,8.663545
202503.0,2025-03-21,43836.0,CONPASUL CL,Consumidor Livre,SUL,23.976,7.491672
202503.0,2025-03-21,43836.0,CONPASUL CL,Consumidor Livre,SUL,23.976,7.491672
,2025-03-21,,CONPASUL CL,,,23.976,7.491672
202503.0,2025-03-22,43836.0,CONPASUL CL,Consumidor Livre,SUL,23.976,3.0372
202503.0,2025-03-22,43836.0,CONPASUL CL,Consumidor Livre,SUL,23.976,3.0372
,2025-03-22,,CONPASUL CL,,,23.976,3.0372
202503.0,2025-03-23,43836.0,CONPASUL CL,Consumidor Livre,SUL,23.976,1.870956
202503.0,2025-03-23,43836.0,CONPASUL CL,Consumidor Livre,SUL,23.976,1.870956
,2025-03-23,,CONPASUL CL,,,23.976,1.870956
202503.0,2025-03-24,43836.0,CONPASUL CL,Consumidor Livre,SUL,23.976,8.250793
202503.0,2025-03-24,43836.0,CONPASUL CL,Consumidor Livre,SUL,23.976,8.250793
,2025-03-24,,CONPASUL CL,,,23.976,8.250793
202503.0,2025-03-25,43836.0,CONPASUL CL,Consumidor Livre,SUL,23.976,5.897577
202503.0,2025-03-25,43836.0,CONPASUL CL,Consumidor Livre,SUL,23.976,5.897577
,2025-03-25,,CONPASUL CL,,,23.976,5.897577
202503.0,2025-03-26,43836.0,CONPASUL CL,Consumidor Livre,SUL,23.976,1.451428
202503.0,2025-03-26,43836.0,CONPASUL CL,Consumidor Livre,SUL,23.976,1.451428
,2025-03-26,,CONPASUL CL,,,23.976,1.451428
202503.0,2025-03-27,43836.0,CONPASUL CL,Consumidor Livre,SUL,23.976,2.448488
202503.0,2025-03-27,43836.0,CONPASUL CL,Consumidor Livre,SUL,23.976,2.448488
,2025-03-27,,CONPASUL CL,,,23.976,2.448488
202503.0,2025-03-28,43836.0,CONPASUL CL,Consumidor Livre,SUL,23.976,5.094708
202503.0,2025-03-28,43836.0,CONPASUL CL,Consumidor Livre,SUL,23.976,5.094708
,2025-03-28,,CONPASUL CL,,,23.976,5.094708
202503.0,2025-03-29,43836.0,CONPASUL CL,Consumidor Livre,SUL,23.976,5.231516
202503.0,2025-03-29,43836.0,CONPASUL CL,Consumidor Livre,SUL,23.976,5.231516
,2025-03-29,,CONPASUL CL,,,23.976,5.231516
202503.0,2025-03-30,43836.0,CONPASUL CL,Consumidor Livre,SUL,23.976,1.053198
202503.0,2025-03-30,43836.0,CONPASUL CL,Consumidor Livre,SUL,23.976,1.053198
,2025-03-30,,CONPASUL CL,,,23.976,1.053198
202503.0,2025-03-31,43836.0,CONPASUL CL,Consumidor Livre,SUL,23.976,6.169262
202503.0,2025-03-31,43836.0,CONPASUL CL,Consumidor Livre,SUL,23.976,6.169262
,2025-03-31,,CONPASUL CL,,,23.976,6.169262
202504.0,2025-04-01,43836.0,CONPASUL CL,Consumidor Livre,SUL,23.976,7.313382
202504.0,2025-04-01,43836.0,CONPASUL CL,Consumidor Livre,SUL,23.976,7.313382
,2025-04-01,,CONPASUL CL,,,23.976,7.313382
202504.0,2025-04-02,43836.0,CONPASUL CL,Consumidor Livre,SUL,23.976,4.639269
202504.0,2025-04-02,43836.0,CONPASUL CL,Consumidor Livre,SUL,23.976,4.639269
,2025-04-02,,CONPASUL CL,,,23.976,4.639269
202504.0,2025-04-03,43836.0,CONPASUL CL,Consumidor Livre,SUL,23.976,5.735271
202504.0,2025-04-03,43836.0,CONPASUL CL,Consumidor Livre,SUL,23.976,5.735271
,2025-04-03,,CONPASUL CL,,,23.976,5.735271
202504.0,2025-04-04,43836.0,CONPASUL CL,Consumidor Livre,SUL,23.976,7.838512
202504.0,2025-04-04,43836.0,CONPASUL CL,Consumidor Livre,SUL,23.976,7.838512
,2025-04-04,,CONPASUL CL,,,23.976,7.838512
202504.0,2025-04-05,43836.0,CONPASUL CL,Consumidor Livre,SUL,23.976,5.482592
202504.0,2025-04-05,43836.0,CONPASUL CL,Consumidor Livre,SUL,23.976,5.482592
,2025-04-05,,CONPASUL CL,,,23.976,5.482592
202504.0,2025-04-06,43836.0,CONPASUL CL,Consumidor Livre,SUL,23.976,1.144929
202504.0,2025-04-06,43836.0,CONPASUL CL,Consumidor Livre,SUL,23.976,1.144929
,2025-04-06,,CONPASUL CL,,,23.976,1.144929
202504.0,2025-04-07,43836.0,CONPASUL CL,Consumidor Livre,SUL,23.976,5.275858
202504.0,2025-04-07,43836.0,CONPASUL CL,Consumidor Livre,SUL,23.976,5.275858
,2025-04-07,,CONPASUL CL,,,23.976,5.275858
202504.0,2025-04-08,43836.0,CONPASUL CL,Consumidor Livre,SUL,23.976,2.422827
202504.0,2025-04-08,43836.0,CONPASUL CL,Consumidor Livre,SUL,23.976,2.422827
,2025-04-08,,CONPASUL CL,,,23.976,2.422827
202504.0,2025-04-09,43836.0,CONPASUL CL,Consumidor Livre,SUL,23.976,6.670136
202504.0,2025-04-09,43836.0,CONPASUL CL,Consumidor Livre,SUL,23.976,6.670136
,2025-04-09,,CONPASUL CL,,,23.976,6.670136
202504.0,2025-04-10,43836.0,CONPASUL CL,Consumidor Livre,SUL,23.976,8.154609
202504.0,2025-04-10,43836.0,CONPASUL CL,Consumidor Livre,SUL,23.976,8.154609
,2025-04-10,,CONPASUL CL,,,23.976,8.154609
202504.0,2025-04-11,43836.0,CONPASUL CL,Consumidor Livre,SUL,23.976,8.244873
202504.0,2025-04-11,43836.0,CONPASUL CL,Consumidor Livre,SUL,23.976,8.244873
,2025-04-11,,CONPASUL CL,,,23.976,8.244873
202504.0,2025-04-12,43836.0,CONPASUL CL,Consumidor Livre,SUL,23.976,6.353973
202504.0,2025-04-12,43836.0,CONPASUL CL,Consumidor Livre,SUL,23.976,6.353973
,2025-04-12,,CONPASUL CL,,,23.976,6.353973
202504.0,2025-04-13,43836.0,CONPASUL CL,Consumidor Livre,SUL,23.976,0.835841
202504.0,2025-04-13,43836.0,CONPASUL CL,Consumidor Livre,SUL,23.976,0.835841
,2025-04-13,,CONPASUL CL,,,23.976,0.835841
202504.0,2025-04-14,43836.0,CONPASUL CL,Consumidor Livre,SUL,23.976,5.271363
202504.0,2025-04-14,43836.0,CONPASUL CL,Consumidor Livre,SUL,23.976,5.271363
,2025-04-14,,CONPASUL CL,,,23.976,5.271363
202504.0,2025-04-15,43836.0,CONPASUL CL,Consumidor Livre,SUL,23.976,8.5186
202504.0,2025-04-15,43836.0,CONPASUL CL,Consumidor Livre,SUL,23.976,8.5186
,2025-04-15,,CONPASUL CL,,,23.976,8.5186
202504.0,2025-04-16,43836.0,CONPASUL CL,Consumidor Livre,SUL,23.976,9.498035
202504.0,2025-04-16,43836.0,CONPASUL CL,Consumidor Livre,SUL,23.976,9.498035
,2025-04-16,,CONPASUL CL,,,23.976,9.498035
202504.0,2025-04-17,43836.0,CONPASUL CL,Consumidor Livre,SUL,23.976,7.402044
202504.0,2025-04-17,43836.0,CONPASUL CL,Consumidor Livre,SUL,23.976,7.402044
,2025-04-17,,CONPASUL CL,,,23.976,7.402044
202504.0,2025-04-18,43836.0,CONPASUL CL,Consumidor Livre,SUL,23.976,0.946263
202504.0,2025-04-18,43836.0,CONPASUL CL,Consumidor Livre,SUL,23.976,0.946263
,2025-04-18,,CONPASUL CL,,,23.976,0.946263
202504.0,2025-04-19,43836.0,CONPASUL CL,Consumidor Livre,SUL,23.976,1.204597
202504.0,2025-04-19,43836.0,CONPASUL CL,Consumidor Livre,SUL,23.976,1.204597
,2025-04-19,,CONPASUL CL,,,23.976,1.204597
202504.0,2025-04-20,43836.0,CONPASUL CL,Consumidor Livre,SUL,23.976,1.099332
202504.0,2025-04-20,43836.0,CONPASUL CL,Consumidor Livre,SUL,23.976,1.099332
,2025-04-20,,CONPASUL CL,,,23.976,1.099332
202504.0,2025-04-21,43836.0,CONPASUL CL,Consumidor Livre,SUL,23.976,4.064835
202504.0,2025-04-21,43836.0,CONPASUL CL,Consumidor Livre,SUL,23.976,4.064835
,2025-04-21,,CONPASUL CL,,,23.976,4.064835
202504.0,2025-04-22,43836.0,CONPASUL CL,Consumidor Livre,SUL,23.976,9.312857
202504.0,2025-04-22,43836.0,CONPASUL CL,Consumidor Livre,SUL,23.976,9.312857
,2025-04-22,,CONPASUL CL,,,23.976,9.312857
202504.0,2025-04-23,43836.0,CONPASUL CL,Consumidor Livre,SUL,23.976,3.596043
202504.0,2025-04-23,43836.0,CONPASUL CL,Consumidor Livre,SUL,23.976,3.596043
,2025-04-23,,CONPASUL CL,,,23.976,3.596043
202504.0,2025-04-24,43836.0,CONPASUL CL,Consumidor Livre,SUL,23.976,6.447874
202504.0,2025-04-24,43836.0,CONPASUL CL,Consumidor Livre,SUL,23.976,6.447874
,2025-04-24,,CONPASUL CL,,,23.976,6.447874
202504.0,2025-04-25,43836.0,CONPASUL CL,Consumidor Livre,SUL,23.976,8.127976
202504.0,2025-04-25,43836.0,CONPASUL CL,Consumidor Livre,SUL,23.976,8.127976
,2025-04-25,,CONPASUL CL,,,23.976,8.127976
202504.0,2025-04-26,43836.0,CONPASUL CL,Consumidor Livre,SUL,23.976,5.98852
202504.0,2025-04-26,43836.0,CONPASUL CL,Consumidor Livre,SUL,23.976,5.98852
,2025-04-26,,CONPASUL CL,,,23.976,5.98852
202504.0,2025-04-27,43836.0,CONPASUL CL,Consumidor Livre,SUL,23.976,0.972498
202504.0,2025-04-27,43836.0,CONPASUL CL,Consumidor Livre,SUL,23.976,0.972498
,2025-04-27,,CONPASUL CL,,,23.976,0.972498
202504.0,2025-04-28,43836.0,CONPASUL CL,Consumidor Livre,SUL,23.976,7.222428
202504.0,2025-04-28,43836.0,CONPASUL CL,Consumidor Livre,SUL,23.976,7.222428
,2025-04-28,,CONPASUL CL,,,23.976,7.222428
202504.0,2025-04-29,43836.0,CONPASUL CL,Consumidor Livre,SUL,23.976,8.280999
202504.0,2025-04-29,43836.0,CONPASUL CL,Consumidor Livre,SUL,23.976,8.280999
,2025-04-29,,CONPASUL CL,,,23.976,8.280999
202504.0,2025-04-30,43836.0,CONPASUL CL,Consumidor Livre,SUL,23.976,7.605844
202504.0,2025-04-30,43836.0,CONPASUL CL,Consumidor Livre,SUL,23.976,7.605844
,2025-04-30,,CONPASUL CL,,,23.976,7.605844
202505.0,2025-05-01,43836.0,CONPASUL CL,Consumidor Livre,SUL,23.976,3.802408
202505.0,2025-05-01,43836.0,CONPASUL CL,Consumidor Livre,SUL,23.976,3.802408
,2025-05-01,,CONPASUL CL,,,23.976,3.802408
202505.0,2025-05-02,43836.0,CONPASUL CL,Consumidor Livre,SUL,23.976,7.420333
202505.0,2025-05-02,43836.0,CONPASUL CL,Consumidor Livre,SUL,23.976,7.420333
,2025-05-02,,CONPASUL CL,,,23.976,7.420333
202505.0,2025-05-03,43836.0,CONPASUL CL,Consumidor Livre,SUL,23.976,4.806809
202505.0,2025-05-03,43836.0,CONPASUL CL,Consumidor Livre,SUL,23.976,4.806809
,2025-05-03,,CONPASUL CL,,,23.976,4.806809
202505.0,2025-05-04,43836.0,CONPASUL CL,Consumidor Livre,SUL,23.976,0.7042660000000001
202505.0,2025-05-04,43836.0,CONPASUL CL,Consumidor Livre,SUL,23.976,0.7042660000000001
,2025-05-04,,CONPASUL CL,,,23.976,0.7042660000000001
202505.0,2025-05-05,43836.0,CONPASUL CL,Consumidor Livre,SUL,23.976,6.740386
202505.0,2025-05-05,43836.0,CONPASUL CL,Consumidor Livre,SUL,23.976,6.740386
,2025-05-05,,CONPASUL CL,,,23.976,6.740386
202505.0,2025-05-06,43836.0,CONPASUL CL,Consumidor Livre,SUL,23.976,5.975744
202505.0,2025-05-06,43836.0,CONPASUL CL,Consumidor Livre,SUL,23.976,5.975744
,2025-05-06,,CONPASUL CL,,,23.976,5.975744
202505.0,2025-05-07,43836.0,CONPASUL CL,Consumidor Livre,SUL,23.976,4.05664
202505.0,2025-05-07,43836.0,CONPASUL CL,Consumidor Livre,SUL,23.976,4.05664
,2025-05-07,,CONPASUL CL,,,23.976,4.05664
202505.0,2025-05-08,43836.0,CONPASUL CL,Consumidor Livre,SUL,23.976,7.326362
202505.0,2025-05-08,43836.0,CONPASUL CL,Consumidor Livre,SUL,23.976,7.326362
,2025-05-08,,CONPASUL CL,,,23.976,7.326362
202505.0,2025-05-09,43836.0,CONPASUL CL,Consumidor Livre,SUL,23.976,2.076422
202505.0,2025-05-09,43836.0,CONPASUL CL,Consumidor Livre,SUL,23.976,2.076422
,2025-05-09,,CONPASUL CL,,,23.976,2.076422
202505.0,2025-05-10,43836.0,CONPASUL CL,Consumidor Livre,SUL,23.976,1.395324
202505.0,2025-05-10,43836.0,CONPASUL CL,Consumidor Livre,SUL,23.976,1.395324
,2025-05-10,,CONPASUL CL,,,23.976,1.395324
202505.0,2025-05-11,43836.0,CONPASUL CL,Consumidor Livre,SUL,23.976,1.27297
202505.0,2025-05-11,43836.0,CONPASUL CL,Consumidor Livre,SUL,23.976,1.27297
,2025-05-11,,CONPASUL CL,,,23.976,1.27297
202505.0,2025-05-12,43836.0,CONPASUL CL,Consumidor Livre,SUL,23.976,7.376968
202505.0,2025-05-12,43836.0,CONPASUL CL,Consumidor Livre,SUL,23.976,7.376968
,2025-05-12,,CONPASUL CL,,,23.976,7.376968
202505.0,2025-05-13,43836.0,CONPASUL CL,Consumidor Livre,SUL,23.976,7.859389
202505.0,2025-05-13,43836.0,CONPASUL CL,Consumidor Livre,SUL,23.976,7.859389
,2025-05-13,,CONPASUL CL,,,23.976,7.859389
202505.0,2025-05-14,43836.0,CONPASUL CL,Consumidor Livre,SUL,23.976,5.488211
202505.0,2025-05-14,43836.0,CONPASUL CL,Consumidor Livre,SUL,23.976,5.488211
,2025-05-14,,CONPASUL CL,,,23.976,5.488211
202505.0,2025-05-15,43836.0,CONPASUL CL,Consumidor Livre,SUL,23.976,6.026374
202505.0,2025-05-15,43836.0,CONPASUL CL,Consumidor Livre,SUL,23.976,6.026374
,2025-05-15,,CONPASUL CL,,,23.976,6.026374
202505.0,2025-05-16,43836.0,CONPASUL CL,Consumidor Livre,SUL,23.976,7.798992
202505.0,2025-05-16,43836.0,CONPASUL CL,Consumidor Livre,SUL,23.976,7.798992
,2025-05-16,,CONPASUL CL,,,23.976,7.798992
202505.0,2025-05-17,43836.0,CONPASUL CL,Consumidor Livre,SUL,23.976,4.982934
202505.0,2025-05-17,43836.0,CONPASUL CL,Consumidor Livre,SUL,23.976,4.982934
,2025-05-17,,CONPASUL CL,,,23.976,4.982934
202505.0,2025-05-18,43836.0,CONPASUL CL,Consumidor Livre,SUL,23.976,1.11757
202505.0,2025-05-18,43836.0,CONPASUL CL,Consumidor Livre,SUL,23.976,1.11757
,2025-05-18,,CONPASUL CL,,,23.976,1.11757
202505.0,2025-05-19,43836.0,CONPASUL CL,Consumidor Livre,SUL,23.976,7.661173
202505.0,2025-05-19,43836.0,CONPASUL CL,Consumidor Livre,SUL,23.976,7.661173
,2025-05-19,,CONPASUL CL,,,23.976,7.661173
202505.0,2025-05-20,43836.0,CONPASUL CL,Consumidor Livre,SUL,23.976,6.260115
202505.0,2025-05-20,43836.0,CONPASUL CL,Consumidor Livre,SUL,23.976,6.260115
,2025-05-20,,CONPASUL CL,,,23.976,6.260115
202505.0,2025-05-21,43836.0,CONPASUL CL,Consumidor Livre,SUL,23.976,8.892259
202505.0,2025-05-21,43836.0,CONPASUL CL,Consumidor Livre,SUL,23.976,8.892259
,2025-05-21,,CONPASUL CL,,,23.976,8.892259
202505.0,2025-05-22,43836.0,CONPASUL CL,Consumidor Livre,SUL,23.976,7.251856
202505.0,2025-05-22,43836.0,CONPASUL CL,Consumidor Livre,SUL,23.976,7.251856
,2025-05-22,,CONPASUL CL,,,23.976,7.251856
202505.0,2025-05-23,43836.0,CONPASUL CL,Consumidor Livre,SUL,23.976,7.734679
202505.0,2025-05-23,43836.0,CONPASUL CL,Consumidor Livre,SUL,23.976,7.734679
,2025-05-23,,CONPASUL CL,,,23.976,7.734679
202505.0,2025-05-24,43836.0,CONPASUL CL,Consumidor Livre,SUL,23.976,5.445909
202505.0,2025-05-24,43836.0,CONPASUL CL,Consumidor Livre,SUL,23.976,5.445909
,2025-05-24,,CONPASUL CL,,,23.976,5.445909
202505.0,2025-05-25,43836.0,CONPASUL CL,Consumidor Livre,SUL,23.976,1.121535
202505.0,2025-05-25,43836.0,CONPASUL CL,Consumidor Livre,SUL,23.976,1.121535
,2025-05-25,,CONPASUL CL,,,23.976,1.121535
202505.0,2025-05-26,43836.0,CONPASUL CL,Consumidor Livre,SUL,23.976,3.745752
202505.0,2025-05-26,43836.0,CONPASUL CL,Consumidor Livre,SUL,23.976,3.745752
,2025-05-26,,CONPASUL CL,,,23.976,3.745752
202505.0,2025-05-27,43836.0,CONPASUL CL,Consumidor Livre,SUL,23.976,4.5806070000000005
202505.0,2025-05-27,43836.0,CONPASUL CL,Consumidor Livre,SUL,23.976,4.5806070000000005
,2025-05-27,,CONPASUL CL,,,23.976,4.5806070000000005
202505.0,2025-05-28,43836.0,CONPASUL CL,Consumidor Livre,SUL,23.976,1.74003
202505.0,2025-05-28,43836.0,CONPASUL CL,Consumidor Livre,SUL,23.976,1.74003
,2025-05-28,,CONPASUL CL,,,23.976,1.74003
202505.0,2025-05-29,43836.0,CONPASUL CL,Consumidor Livre,SUL,23.976,1.648874
202505.0,2025-05-29,43836.0,CONPASUL CL,Consumidor Livre,SUL,23.976,1.648874
,2025-05-29,,CONPASUL CL,,,23.976,1.648874
202505.0,2025-05-30,43836.0,CONPASUL CL,Consumidor Livre,SUL,23.976,7.153505
202505.0,2025-05-30,43836.0,CONPASUL CL,Consumidor Livre,SUL,23.976,7.153505
,2025-05-30,,CONPASUL CL,,,23.976,7.153505
202505.0,2025-05-31,43836.0,CONPASUL CL,Consumidor Livre,SUL,23.976,4.938989
202505.0,2025-05-31,43836.0,CONPASUL CL,Consumidor Livre,SUL,23.976,4.938989
,2025-05-31,,CONPASUL CL,,,23.976,4.938989
202506.0,2025-06-01,43836.0,CONPASUL CL,Consumidor Livre,SUL,23.976,1.11687
202506.0,2025-06-01,43836.0,CONPASUL CL,Consumidor Livre,SUL,23.976,1.11687
,2025-06-01,,CONPASUL CL,,,23.976,1.11687
202506.0,2025-06-02,43836.0,CONPASUL CL,Consumidor Livre,SUL,23.976,7.080877
202506.0,2025-06-02,43836.0,CONPASUL CL,Consumidor Livre,SUL,23.976,7.080877
,2025-06-02,,CONPASUL CL,,,23.976,7.080877
202506.0,2025-06-03,43836.0,CONPASUL CL,Consumidor Livre,SUL,23.976,5.344005
202506.0,2025-06-03,43836.0,CONPASUL CL,Consumidor Livre,SUL,23.976,5.344005
,2025-06-03,,CONPASUL CL,,,23.976,5.344005
202506.0,2025-06-04,43836.0,CONPASUL CL,Consumidor Livre,SUL,23.976,3.146854
202506.0,2025-06-04,43836.0,CONPASUL CL,Consumidor Livre,SUL,23.976,3.146854
,2025-06-04,,CONPASUL CL,,,23.976,3.146854
202506.0,2025-06-05,43836.0,CONPASUL CL,Consumidor Livre,SUL,23.976,4.687863
202506.0,2025-06-05,43836.0,CONPASUL CL,Consumidor Livre,SUL,23.976,4.687863
,2025-06-05,,CONPASUL CL,,,23.976,4.687863
202506.0,2025-06-06,43836.0,CONPASUL CL,Consumidor Livre,SUL,23.976,5.5284
202506.0,2025-06-06,43836.0,CONPASUL CL,Consumidor Livre,SUL,23.976,5.5284
,2025-06-06,,CONPASUL CL,,,23.976,5.5284
202506.0,2025-06-07,43836.0,CONPASUL CL,Consumidor Livre,SUL,23.976,4.789612
202506.0,2025-06-07,43836.0,CONPASUL CL,Consumidor Livre,SUL,23.976,4.789612
,2025-06-07,,CONPASUL CL,,,23.976,4.789612
202506.0,2025-06-08,43836.0,CONPASUL CL,Consumidor Livre,SUL,23.976,1.122552
202506.0,2025-06-08,43836.0,CONPASUL CL,Consumidor Livre,SUL,23.976,1.122552
,2025-06-08,,CONPASUL CL,,,23.976,1.122552
202506.0,2025-06-09,43836.0,CONPASUL CL,Consumidor Livre,SUL,23.976,7.779656
202506.0,2025-06-09,43836.0,CONPASUL CL,Consumidor Livre,SUL,23.976,7.779656
,2025-06-09,,CONPASUL CL,,,23.976,7.779656
202506.0,2025-06-10,43836.0,CONPASUL CL,Consumidor Livre,SUL,23.976,7.834244
202506.0,2025-06-10,43836.0,CONPASUL CL,Consumidor Livre,SUL,23.976,7.834244
,2025-06-10,,CONPASUL CL,,,23.976,7.834244
202506.0,2025-06-11,43836.0,CONPASUL CL,Consumidor Livre,SUL,23.976,5.778786
202506.0,2025-06-11,43836.0,CONPASUL CL,Consumidor Livre,SUL,23.976,5.778786
,2025-06-11,,CONPASUL CL,,,23.976,5.778786
202506.0,2025-06-12,43836.0,CONPASUL CL,Consumidor Livre,SUL,23.976,5.62308
202506.0,2025-06-12,43836.0,CONPASUL CL,Consumidor Livre,SUL,23.976,5.62308
,2025-06-12,,CONPASUL CL,,,23.976,5.62308
202506.0,2025-06-13,43836.0,CONPASUL CL,Consumidor Livre,SUL,23.976,7.29402
202506.0,2025-06-13,43836.0,CONPASUL CL,Consumidor Livre,SUL,23.976,7.29402
,2025-06-13,,CONPASUL CL,,,23.976,7.29402
202506.0,2025-06-14,43836.0,CONPASUL CL,Consumidor Livre,SUL,23.976,5.35057
202506.0,2025-06-14,43836.0,CONPASUL CL,Consumidor Livre,SUL,23.976,5.35057
,2025-06-14,,CONPASUL CL,,,23.976,5.35057
202506.0,2025-06-15,43836.0,CONPASUL CL,Consumidor Livre,SUL,23.976,1.187426
202506.0,2025-06-15,43836.0,CONPASUL CL,Consumidor Livre,SUL,23.976,1.187426
,2025-06-15,,CONPASUL CL,,,23.976,1.187426
202506.0,2025-06-16,43836.0,CONPASUL CL,Consumidor Livre,SUL,23.976,3.467148
202506.0,2025-06-16,43836.0,CONPASUL CL,Consumidor Livre,SUL,23.976,3.467148
,2025-06-16,,CONPASUL CL,,,23.976,3.467148
202506.0,2025-06-17,43836.0,CONPASUL CL,Consumidor Livre,SUL,23.976,1.894864
202506.0,2025-06-17,43836.0,CONPASUL CL,Consumidor Livre,SUL,23.976,1.894864
,2025-06-17,,CONPASUL CL,,,23.976,1.894864
202506.0,2025-06-18,43836.0,CONPASUL CL,Consumidor Livre,SUL,23.976,1.8352
202506.0,2025-06-18,43836.0,CONPASUL CL,Consumidor Livre,SUL,23.976,1.8352
,2025-06-18,,CONPASUL CL,,,23.976,1.8352
202506.0,2025-06-19,43836.0,CONPASUL CL,Consumidor Livre,SUL,23.976,1.162381
202506.0,2025-06-19,43836.0,CONPASUL CL,Consumidor Livre,SUL,23.976,1.162381
,2025-06-19,,CONPASUL CL,,,23.976,1.162381
202506.0,2025-06-20,43836.0,CONPASUL CL,Consumidor Livre,SUL,23.976,1.856462
202506.0,2025-06-20,43836.0,CONPASUL CL,Consumidor Livre,SUL,23.976,1.856462
,2025-06-20,,CONPASUL CL,,,23.976,1.856462
202506.0,2025-06-21,43836.0,CONPASUL CL,Consumidor Livre,SUL,23.976,1.482513
202506.0,2025-06-21,43836.0,CONPASUL CL,Consumidor Livre,SUL,23.976,1.482513
,2025-06-21,,CONPASUL CL,,,23.976,1.482513
202506.0,2025-06-22,43836.0,CONPASUL CL,Consumidor Livre,SUL,23.976,1.275241
202506.0,2025-06-22,43836.0,CONPASUL CL,Consumidor Livre,SUL,23.976,1.275241
,2025-06-22,,CONPASUL CL,,,23.976,1.275241
202506.0,2025-06-23,43836.0,CONPASUL CL,Consumidor Livre,SUL,23.976,2.327887
202506.0,2025-06-23,43836.0,CONPASUL CL,Consumidor Livre,SUL,23.976,2.327887
,2025-06-23,,CONPASUL CL,,,23.976,2.327887
202506.0,2025-06-24,43836.0,CONPASUL CL,Consumidor Livre,SUL,23.976,6.451654
202506.0,2025-06-24,43836.0,CONPASUL CL,Consumidor Livre,SUL,23.976,6.451654
,2025-06-24,,CONPASUL CL,,,23.976,6.451654
202506.0,2025-06-25,43836.0,CONPASUL CL,Consumidor Livre,SUL,23.976,3.738925
202506.0,2025-06-25,43836.0,CONPASUL CL,Consumidor Livre,SUL,23.976,3.738925
,2025-06-25,,CONPASUL CL,,,23.976,3.738925
202506.0,2025-06-26,43836.0,CONPASUL CL,Consumidor Livre,SUL,23.976,4.723257
202506.0,2025-06-26,43836.0,CONPASUL CL,Consumidor Livre,SUL,23.976,4.723257
,2025-06-26,,CONPASUL CL,,,23.976,4.723257
202506.0,2025-06-27,43836.0,CONPASUL CL,Consumidor Livre,SUL,23.976,5.011519
202506.0,2025-06-27,43836.0,CONPASUL CL,Consumidor Livre,SUL,23.976,5.011519
,2025-06-27,,CONPASUL CL,,,23.976,5.011519
202506.0,2025-06-28,43836.0,CONPASUL CL,Consumidor Livre,SUL,23.976,1.318175
202506.0,2025-06-28,43836.0,CONPASUL CL,Consumidor Livre,SUL,23.976,1.318175
,2025-06-28,,CONPASUL CL,,,23.976,1.318175
202506.0,2025-06-29,43836.0,CONPASUL CL,Consumidor Livre,SUL,23.976,1.284828
202506.0,2025-06-29,43836.0,CONPASUL CL,Consumidor Livre,SUL,23.976,1.284828
,2025-06-29,,CONPASUL CL,,,23.976,1.284828
202506.0,2025-06-30,43836.0,CONPASUL CL,Consumidor Livre,SUL,23.976,4.425428
202506.0,2025-06-30,43836.0,CONPASUL CL,Consumidor Livre,SUL,23.976,4.425428
,2025-06-30,,CONPASUL CL,,,23.976,4.425428
202507.0,2025-07-01,43836.0,CONPASUL CL,Consumidor Livre,SUL,23.976,5.813148
202507.0,2025-07-01,43836.0,CONPASUL CL,Consumidor Livre,SUL,23.976,5.813148
,2025-07-01,,CONPASUL CL,,,23.976,5.813148
202507.0,2025-07-02,43836.0,CONPASUL CL,Consumidor Livre,SUL,23.976,6.599484
202507.0,2025-07-02,43836.0,CONPASUL CL,Consumidor Livre,SUL,23.976,6.599484
,2025-07-02,,CONPASUL CL,,,23.976,6.599484
202507.0,2025-07-03,43836.0,CONPASUL CL,Consumidor Livre,SUL,23.976,8.936936
202507.0,2025-07-03,43836.0,CONPASUL CL,Consumidor Livre,SUL,23.976,8.936936
,2025-07-03,,CONPASUL CL,,,23.976,8.936936
202507.0,2025-07-04,43836.0,CONPASUL CL,Consumidor Livre,SUL,23.976,8.121541
202507.0,2025-07-04,43836.0,CONPASUL CL,Consumidor Livre,SUL,23.976,8.121541
,2025-07-04,,CONPASUL CL,,,23.976,8.121541
202507.0,2025-07-05,43836.0,CONPASUL CL,Consumidor Livre,SUL,23.976,5.189909
202507.0,2025-07-05,43836.0,CONPASUL CL,Consumidor Livre,SUL,23.976,5.189909
,2025-07-05,,CONPASUL CL,,,23.976,5.189909
202507.0,2025-07-06,43836.0,CONPASUL CL,Consumidor Livre,SUL,23.976,1.284899
202507.0,2025-07-06,43836.0,CONPASUL CL,Consumidor Livre,SUL,23.976,1.284899
,2025-07-06,,CONPASUL CL,,,23.976,1.284899
202507.0,2025-07-07,43836.0,CONPASUL CL,Consumidor Livre,SUL,23.976,6.767175
202507.0,2025-07-07,43836.0,CONPASUL CL,Consumidor Livre,SUL,23.976,6.767175
,2025-07-07,,CONPASUL CL,,,23.976,6.767175
202507.0,2025-07-08,43836.0,CONPASUL CL,Consumidor Livre,SUL,23.976,8.73703
202507.0,2025-07-08,43836.0,CONPASUL CL,Consumidor Livre,SUL,23.976,8.73703
,2025-07-08,,CONPASUL CL,,,23.976,8.73703
202507.0,2025-07-09,43836.0,CONPASUL CL,Consumidor Livre,SUL,23.976,8.567225
202507.0,2025-07-09,43836.0,CONPASUL CL,Consumidor Livre,SUL,23.976,8.567225
,2025-07-09,,CONPASUL CL,,,23.976,8.567225
202507.0,2025-07-10,43836.0,CONPASUL CL,Consumidor Livre,SUL,23.976,8.851806
202507.0,2025-07-10,43836.0,CONPASUL CL,Consumidor Livre,SUL,23.976,8.851806
,2025-07-10,,CONPASUL CL,,,23.976,8.851806
202507.0,2025-07-11,43836.0,CONPASUL CL,Consumidor Livre,SUL,23.976,6.934636
202507.0,2025-07-11,43836.0,CONPASUL CL,Consumidor Livre,SUL,23.976,6.934636
,2025-07-11,,CONPASUL CL,,,23.976,6.934636
202507.0,2025-07-12,43836.0,CONPASUL CL,Consumidor Livre,SUL,23.976,1.345783
202507.0,2025-07-12,43836.0,CONPASUL CL,Consumidor Livre,SUL,23.976,1.345783
,2025-07-12,,CONPASUL CL,,,23.976,1.345783
202507.0,2025-07-13,43836.0,CONPASUL CL,Consumidor Livre,SUL,23.976,1.214104
202507.0,2025-07-13,43836.0,CONPASUL CL,Consumidor Livre,SUL,23.976,1.214104
,2025-07-13,,CONPASUL CL,,,23.976,1.214104
202507.0,2025-07-14,43836.0,CONPASUL CL,Consumidor Livre,SUL,23.976,4.066301
202507.0,2025-07-14,43836.0,CONPASUL CL,Consumidor Livre,SUL,23.976,4.066301
,2025-07-14,,CONPASUL CL,,,23.976,4.066301
202507.0,2025-07-15,43836.0,CONPASUL CL,Consumidor Livre,SUL,23.976,2.154847
202507.0,2025-07-15,43836.0,CONPASUL CL,Consumidor Livre,SUL,23.976,2.154847
,2025-07-15,,CONPASUL CL,,,23.976,2.154847
202507.0,2025-07-16,43836.0,CONPASUL CL,Consumidor Livre,SUL,23.976,5.555925
202507.0,2025-07-16,43836.0,CONPASUL CL,Consumidor Livre,SUL,23.976,5.555925
,2025-07-16,,CONPASUL CL,,,23.976,5.555925
202507.0,2025-07-17,43836.0,CONPASUL CL,Consumidor Livre,SUL,23.976,1.857846
202507.0,2025-07-17,43836.0,CONPASUL CL,Consumidor Livre,SUL,23.976,1.857846
,2025-07-17,,CONPASUL CL,,,23.976,1.857846
202507.0,2025-07-18,43836.0,CONPASUL CL,Consumidor Livre,SUL,23.976,5.162611
202507.0,2025-07-18,43836.0,CONPASUL CL,Consumidor Livre,SUL,23.976,5.162611
,2025-07-18,,CONPASUL CL,,,23.976,5.162611
202507.0,2025-07-19,43836.0,CONPASUL CL,Consumidor Livre,SUL,23.976,3.608514
202507.0,2025-07-19,43836.0,CONPASUL CL,Consumidor Livre,SUL,23.976,3.608514
,2025-07-19,,CONPASUL CL,,,23.976,3.608514
202507.0,2025-07-20,43836.0,CONPASUL CL,Consumidor Livre,SUL,23.976,1.24362
202507.0,2025-07-20,43836.0,CONPASUL CL,Consumidor Livre,SUL,23.976,1.24362
,2025-07-20,,CONPASUL CL,,,23.976,1.24362
202507.0,2025-07-21,43836.0,CONPASUL CL,Consumidor Livre,SUL,23.976,7.187146
202507.0,2025-07-21,43836.0,CONPASUL CL,Consumidor Livre,SUL,23.976,7.187146
,2025-07-21,,CONPASUL CL,,,23.976,7.187146
202507.0,2025-07-22,43836.0,CONPASUL CL,Consumidor Livre,SUL,23.976,5.00935
202507.0,2025-07-22,43836.0,CONPASUL CL,Consumidor Livre,SUL,23.976,5.00935
,2025-07-22,,CONPASUL CL,,,23.976,5.00935
202507.0,2025-07-23,43836.0,CONPASUL CL,Consumidor Livre,SUL,23.976,5.474214
202507.0,2025-07-23,43836.0,CONPASUL CL,Consumidor Livre,SUL,23.976,5.474214
,2025-07-23,,CONPASUL CL,,,23.976,5.474214
202507.0,2025-07-24,43836.0,CONPASUL CL,Consumidor Livre,SUL,23.976,4.291293
202507.0,2025-07-24,43836.0,CONPASUL CL,Consumidor Livre,SUL,23.976,4.291293
,2025-07-24,,CONPASUL CL,,,23.976,4.291293
202507.0,2025-07-25,43836.0,CONPASUL CL,Consumidor Livre,SUL,23.976,6.595504
202507.0,2025-07-25,43836.0,CONPASUL CL,Consumidor Livre,SUL,23.976,6.595504
,2025-07-25,,CONPASUL CL,,,23.976,6.595504
202507.0,2025-07-26,43836.0,CONPASUL CL,Consumidor Livre,SUL,23.976,1.314943
202507.0,2025-07-26,43836.0,CONPASUL CL,Consumidor Livre,SUL,23.976,1.314943
,2025-07-26,,CONPASUL CL,,,23.976,1.314943
202507.0,2025-07-27,43836.0,CONPASUL CL,Consumidor Livre,SUL,23.976,1.262319
202507.0,2025-07-27,43836.0,CONPASUL CL,Consumidor Livre,SUL,23.976,1.262319
,2025-07-27,,CONPASUL CL,,,23.976,1.262319
202507.0,2025-07-28,43836.0,CONPASUL CL,Consumidor Livre,SUL,23.976,3.142174
202507.0,2025-07-28,43836.0,CONPASUL CL,Consumidor Livre,SUL,23.976,3.142174
,2025-07-28,,CONPASUL CL,,,23.976,3.142174
202507.0,2025-07-29,43836.0,CONPASUL CL,Consumidor Livre,SUL,23.976,5.856353
202507.0,2025-07-29,43836.0,CONPASUL CL,Consumidor Livre,SUL,23.976,5.856353
,2025-07-29,,CONPASUL CL,,,23.976,5.856353
202507.0,2025-07-30,43836.0,CONPASUL CL,Consumidor Livre,SUL,23.976,6.4985420000000005
202507.0,2025-07-30,43836.0,CONPASUL CL,Consumidor Livre,SUL,23.976,6.4985420000000005
,2025-07-30,,CONPASUL CL,,,23.976,6.4985420000000005
202507.0,2025-07-31,43836.0,CONPASUL CL,Consumidor Livre,SUL,23.976,6.199334
202507.0,2025-07-31,43836.0,CONPASUL CL,Consumidor Livre,SUL,23.976,6.199334
,2025-07-31,,CONPASUL CL,,,23.976,6.199334
202508.0,2025-08-01,43836.0,CONPASUL CL,Consumidor Livre,SUL,23.976,5.916349
202508.0,2025-08-01,43836.0,CONPASUL CL,Consumidor Livre,SUL,23.976,5.916349
,2025-08-01,,CONPASUL CL,,,23.976,5.916349
202508.0,2025-08-02,43836.0,CONPASUL CL,Consumidor Livre,SUL,23.976,3.244033
202508.0,2025-08-02,43836.0,CONPASUL CL,Consumidor Livre,SUL,23.976,3.244033
,2025-08-02,,CONPASUL CL,,,23.976,3.244033
202508.0,2025-08-03,43836.0,CONPASUL CL,Consumidor Livre,SUL,23.976,1.294087
202508.0,2025-08-03,43836.0,CONPASUL CL,Consumidor Livre,SUL,23.976,1.294087
,2025-08-03,,CONPASUL CL,,,23.976,1.294087
202508.0,2025-08-04,43836.0,CONPASUL CL,Consumidor Livre,SUL,23.976,3.381651
202508.0,2025-08-04,43836.0,CONPASUL CL,Consumidor Livre,SUL,23.976,3.381651
,2025-08-04,,CONPASUL CL,,,23.976,3.381651
202508.0,2025-08-05,43836.0,CONPASUL CL,Consumidor Livre,SUL,23.976,6.46185
202508.0,2025-08-05,43836.0,CONPASUL CL,Consumidor Livre,SUL,23.976,6.46185
,2025-08-05,,CONPASUL CL,,,23.976,6.46185
202508.0,2025-08-06,43836.0,CONPASUL CL,Consumidor Livre,SUL,23.976,5.801326
202508.0,2025-08-06,43836.0,CONPASUL CL,Consumidor Livre,SUL,23.976,5.801326
,2025-08-06,,CONPASUL CL,,,23.976,5.801326
202508.0,2025-08-07,43836.0,CONPASUL CL,Consumidor Livre,SUL,23.976,6.544936
202508.0,2025-08-07,43836.0,CONPASUL CL,Consumidor Livre,SUL,23.976,6.544936
,2025-08-07,,CONPASUL CL,,,23.976,6.544936
202508.0,2025-08-08,43836.0,CONPASUL CL,Consumidor Livre,SUL,23.976,6.246264
202508.0,2025-08-08,43836.0,CONPASUL CL,Consumidor Livre,SUL,23.976,6.246264
,2025-08-08,,CONPASUL CL,,,23.976,6.246264
202508.0,2025-08-09,43836.0,CONPASUL CL,Consumidor Livre,SUL,23.976,3.545701
202508.0,2025-08-09,43836.0,CONPASUL CL,Consumidor Livre,SUL,23.976,3.545701
,2025-08-09,,CONPASUL CL,,,23.976,3.545701
202508.0,2025-08-10,43836.0,CONPASUL CL,Consumidor Livre,SUL,23.976,1.241327
202508.0,2025-08-10,43836.0,CONPASUL CL,Consumidor Livre,SUL,23.976,1.241327
,2025-08-10,,CONPASUL CL,,,23.976,1.241327
202508.0,2025-08-11,43836.0,CONPASUL CL,Consumidor Livre,SUL,23.976,4.184763
202508.0,2025-08-11,43836.0,CONPASUL CL,Consumidor Livre,SUL,23.976,4.184763
,2025-08-11,,CONPASUL CL,,,23.976,4.184763
202508.0,2025-08-12,43836.0,CONPASUL CL,Consumidor Livre,SUL,23.976,2.8143350000000003
202508.0,2025-08-12,43836.0,CONPASUL CL,Consumidor Livre,SUL,23.976,2.8143350000000003
,2025-08-12,,CONPASUL CL,,,23.976,2.8143350000000003
202508.0,2025-08-13,43836.0,CONPASUL CL,Consumidor Livre,SUL,23.976,6.671431
202508.0,2025-08-13,43836.0,CONPASUL CL,Consumidor Livre,SUL,23.976,6.671431
,2025-08-13,,CONPASUL CL,,,23.976,6.671431
202508.0,2025-08-14,43836.0,CONPASUL CL,Consumidor Livre,SUL,23.976,5.723818
202508.0,2025-08-14,43836.0,CONPASUL CL,Consumidor Livre,SUL,23.976,5.723818
,2025-08-14,,CONPASUL CL,,,23.976,5.723818
202508.0,2025-08-15,43836.0,CONPASUL CL,Consumidor Livre,SUL,23.976,6.750322
202508.0,2025-08-15,43836.0,CONPASUL CL,Consumidor Livre,SUL,23.976,6.750322
,2025-08-15,,CONPASUL CL,,,23.976,6.750322
202508.0,2025-08-16,43836.0,CONPASUL CL,Consumidor Livre,SUL,23.976,2.12593
202508.0,2025-08-16,43836.0,CONPASUL CL,Consumidor Livre,SUL,23.976,2.12593
,2025-08-16,,CONPASUL CL,,,23.976,2.12593
202508.0,2025-08-17,43836.0,CONPASUL CL,Consumidor Livre,SUL,23.976,1.744756
202508.0,2025-08-17,43836.0,CONPASUL CL,Consumidor Livre,SUL,23.976,1.744756
,2025-08-17,,CONPASUL CL,,,23.976,1.744756
202508.0,2025-08-18,43836.0,CONPASUL CL,Consumidor Livre,SUL,23.976,7.796704
202508.0,2025-08-18,43836.0,CONPASUL CL,Consumidor Livre,SUL,23.976,7.796704
,2025-08-18,,CONPASUL CL,,,23.976,7.796704
202508.0,2025-08-19,43836.0,CONPASUL CL,Consumidor Livre,SUL,23.976,7.879264
202508.0,2025-08-19,43836.0,CONPASUL CL,Consumidor Livre,SUL,23.976,7.879264
,2025-08-19,,CONPASUL CL,,,23.976,7.879264
202508.0,2025-08-20,43836.0,CONPASUL CL,Consumidor Livre,SUL,23.976,7.618092
202508.0,2025-08-20,43836.0,CONPASUL CL,Consumidor Livre,SUL,23.976,7.618092
,2025-08-20,,CONPASUL CL,,,23.976,7.618092
202508.0,2025-08-21,43836.0,CONPASUL CL,Consumidor Livre,SUL,23.976,3.213982
202508.0,2025-08-21,43836.0,CONPASUL CL,Consumidor Livre,SUL,23.976,3.213982
,2025-08-21,,CONPASUL CL,,,23.976,3.213982
202508.0,2025-08-22,43836.0,CONPASUL CL,Consumidor Livre,SUL,23.976,5.083689
202508.0,2025-08-22,43836.0,CONPASUL CL,Consumidor Livre,SUL,23.976,5.083689
,2025-08-22,,CONPASUL CL,,,23.976,5.083689
202508.0,2025-08-23,43836.0,CONPASUL CL,Consumidor Livre,SUL,23.976,1.985925
202508.0,2025-08-23,43836.0,CONPASUL CL,Consumidor Livre,SUL,23.976,1.985925
,2025-08-23,,CONPASUL CL,,,23.976,1.985925
202508.0,2025-08-24,43836.0,CONPASUL CL,Consumidor Livre,SUL,23.976,1.338957
202508.0,2025-08-24,43836.0,CONPASUL CL,Consumidor Livre,SUL,23.976,1.338957
,2025-08-24,,CONPASUL CL,,,23.976,1.338957
202508.0,2025-08-25,43836.0,CONPASUL CL,Consumidor Livre,SUL,23.976,7.951104
202508.0,2025-08-25,43836.0,CONPASUL CL,Consumidor Livre,SUL,23.976,7.951104
,2025-08-25,,CONPASUL CL,,,23.976,7.951104
202508.0,2025-08-26,43836.0,CONPASUL CL,Consumidor Livre,SUL,23.976,7.475456
202508.0,2025-08-26,43836.0,CONPASUL CL,Consumidor Livre,SUL,23.976,7.475456
,2025-08-26,,CONPASUL CL,,,23.976,7.475456
202508.0,2025-08-27,43836.0,CONPASUL CL,Consumidor Livre,SUL,23.976,2.98034
202508.0,2025-08-27,43836.0,CONPASUL CL,Consumidor Livre,SUL,23.976,2.98034
,2025-08-27,,CONPASUL CL,,,23.976,2.98034
202508.0,2025-08-28,43836.0,CONPASUL CL,Consumidor Livre,SUL,23.976,7.719478
202508.0,2025-08-28,43836.0,CONPASUL CL,Consumidor Livre,SUL,23.976,7.719478
,2025-08-28,,CONPASUL CL,,,23.976,7.719478
202508.0,2025-08-29,43836.0,CONPASUL CL,Consumidor Livre,SUL,23.976,7.994057000000001
202508.0,2025-08-29,43836.0,CONPASUL CL,Consumidor Livre,SUL,23.976,7.994057000000001
,2025-08-29,,CONPASUL CL,,,23.976,7.994057000000001
202508.0,2025-08-30,43836.0,CONPASUL CL,Consumidor Livre,SUL,23.976,4.396448
202508.0,2025-08-30,43836.0,CONPASUL CL,Consumidor Livre,SUL,23.976,4.396448
,2025-08-30,,CONPASUL CL,,,23.976,4.396448
202508.0,2025-08-31,43836.0,CONPASUL CL,Consumidor Livre,SUL,23.976,1.192885
202508.0,2025-08-31,43836.0,CONPASUL CL,Consumidor Livre,SUL,23.976,1.192885
,2025-08-31,,CONPASUL CL,,,23.976,1.192885
