MES_REFERENCIA,DATA,CODIGO_PERFIL_AGENTE,SIGLA_PERFIL_AGENTE,CLASSE_PERFIL_AGENTE,SUBMERCADO,CAPACIDADE_CARGA,CONSUMO_CARGA_ACL
202412.0,2024-12-01,140768.0,EGSA,Consumidor Especial,SUDESTE,17.16,1.004932
202412.0,2024-12-01,140768.0,EGSA,Consumidor Especial,SUDESTE,17.16,1.004932
,2024-12-01,,EGSA,,,17.16,1.004932
202412.0,2024-12-02,140768.0,EGSA,Consumidor Especial,SUDESTE,17.16,5.513637
202412.0,2024-12-02,140768.0,EGSA,Consumidor Especial,SUDESTE,17.16,5.513637
,2024-12-02,,EGSA,,,17.16,5.513637
202412.0,2024-12-03,140768.0,EGSA,Consumidor Especial,SUDESTE,17.16,5.162531
202412.0,2024-12-03,140768.0,EGSA,Consumidor Especial,SUDESTE,17.16,5.162531
,2024-12-03,,EGSA,,,17.16,5.162531
202412.0,2024-12-04,140768.0,EGSA,Consumidor Especial,SUDESTE,17.16,6.013486
202412.0,2024-12-04,140768.0,EGSA,Consumidor Especial,SUDESTE,17.16,6.013486
,2024-12-04,,EGSA,,,17.16,6.013486
202412.0,2024-12-05,140768.0,EGSA,Consumidor Especial,SUDESTE,17.16,5.936778
202412.0,2024-12-05,140768.0,EGSA,Consumidor Especial,SUDESTE,17.16,5.936778
,2024-12-05,,EGSA,,,17.16,5.936778
202412.0,2024-12-06,140768.0,EGSA,Consumidor Especial,SUDESTE,17.16,5.429232
202412.0,2024-12-06,140768.0,EGSA,Consumidor Especial,SUDESTE,17.16,5.429232
,2024-12-06,,EGSA,,,17.16,5.429232
202412.0,2024-12-07,140768.0,EGSA,Consumidor Especial,SUDESTE,17.16,2.805618
202412.0,2024-12-07,140768.0,EGSA,Consumidor Especial,SUDESTE,17.16,2.805618
,2024-12-07,,EGSA,,,17.16,2.805618
202412.0,2024-12-08,140768.0,EGSA,Consumidor Especial,SUDESTE,17.16,1.759123
202412.0,2024-12-08,140768.0,EGSA,Consumidor Especial,SUDESTE,17.16,1.759123
,2024-12-08,,EGSA,,,17.16,1.759123
202412.0,2024-12-09,140768.0,EGSA,Consumidor Especial,SUDESTE,17.16,5.328836
202412.0,2024-12-09,140768.0,EGSA,Consumidor Especial,SUDESTE,17.16,5.328836
,2024-12-09,,EGSA,,,17.16,5.328836
202412.0,2024-12-10,140768.0,EGSA,Consumidor Especial,SUDESTE,17.16,5.627313
202412.0,2024-12-10,140768.0,EGSA,Consumidor Especial,SUDESTE,17.16,5.627313
,2024-12-10,,EGSA,,,17.16,5.627313
202412.0,2024-12-11,140768.0,EGSA,Consumidor Especial,SUDESTE,17.16,5.514297
202412.0,2024-12-11,140768.0,EGSA,Consumidor Especial,SUDESTE,17.16,5.514297
,2024-12-11,,EGSA,,,17.16,5.514297
202412.0,2024-12-12,140768.0,EGSA,Consumidor Especial,SUDESTE,17.16,5.917371
202412.0,2024-12-12,140768.0,EGSA,Consumidor Especial,SUDESTE,17.16,5.917371
,2024-12-12,,EGSA,,,17.16,5.917371
202412.0,2024-12-13,140768.0,EGSA,Consumidor Especial,SUDESTE,17.16,5.549271
202412.0,2024-12-13,140768.0,EGSA,Consumidor Especial,SUDESTE,17.16,5.549271
,2024-12-13,,EGSA,,,17.16,5.549271
202412.0,2024-12-14,140768.0,EGSA,Consumidor Especial,SUDESTE,17.16,3.020511
202412.0,2024-12-14,140768.0,EGSA,Consumidor Especial,SUDESTE,17.16,3.020511
,2024-12-14,,EGSA,,,17.16,3.020511
202412.0,2024-12-15,140768.0,EGSA,Consumidor Especial,SUDESTE,17.16,1.607853
202412.0,2024-12-15,140768.0,EGSA,Consumidor Especial,SUDESTE,17.16,1.607853
,2024-12-15,,EGSA,,,17.16,1.607853
202412.0,2024-12-16,140768.0,EGSA,Consumidor Especial,SUDESTE,17.16,5.026667
202412.0,2024-12-16,140768.0,EGSA,Consumidor Especial,SUDESTE,17.16,5.026667
,2024-12-16,,EGSA,,,17.16,5.026667
202412.0,2024-12-17,140768.0,EGSA,Consumidor Especial,SUDESTE,17.16,5.14334
202412.0,2024-12-17,140768.0,EGSA,Consumidor Especial,SUDESTE,17.16,5.14334
,2024-12-17,,EGSA,,,17.16,5.14334
202412.0,2024-12-18,140768.0,EGSA,Consumidor Especial,SUDESTE,17.16,5.579443
202412.0,2024-12-18,140768.0,EGSA,Consumidor Especial,SUDESTE,17.16,5.579443
,2024-12-18,,EGSA,,,17.16,5.579443
202412.0,2024-12-19,140768.0,EGSA,Consumidor Especial,SUDESTE,17.16,5.646549
202412.0,2024-12-19,140768.0,EGSA,Consumidor Especial,SUDESTE,17.16,5.646549
,2024-12-19,,EGSA,,,17.16,5.646549
202412.0,2024-12-20,140768.0,EGSA,Consumidor Especial,SUDESTE,17.16,5.190148
202412.0,2024-12-20,140768.0,EGSA,Consumidor Especial,SUDESTE,17.16,5.190148
,2024-12-20,,EGSA,,,17.16,5.190148
202412.0,2024-12-21,140768.0,EGSA,Consumidor Especial,SUDESTE,17.16,2.365875
202412.0,2024-12-21,140768.0,EGSA,Consumidor Especial,SUDESTE,17.16,2.365875
,2024-12-21,,EGSA,,,17.16,2.365875
202412.0,2024-12-22,140768.0,EGSA,Consumidor Especial,SUDESTE,17.16,1.641845
202412.0,2024-12-22,140768.0,EGSA,Consumidor Especial,SUDESTE,17.16,1.641845
,2024-12-22,,EGSA,,,17.16,1.641845
202412.0,2024-12-23,140768.0,EGSA,Consumidor Especial,SUDESTE,17.16,2.384012
202412.0,2024-12-23,140768.0,EGSA,Consumidor Especial,SUDESTE,17.16,2.384012
,2024-12-23,,EGSA,,,17.16,2.384012
202412.0,2024-12-24,140768.0,EGSA,Consumidor Especial,SUDESTE,17.16,1.047595
202412.0,2024-12-24,140768.0,EGSA,Consumidor Especial,SUDESTE,17.16,1.047595
,2024-12-24,,EGSA,,,17.16,1.047595
202412.0,2024-12-25,140768.0,EGSA,Consumidor Especial,SUDESTE,17.16,1.05255
202412.0,2024-12-25,140768.0,EGSA,Consumidor Especial,SUDESTE,17.16,1.05255
,2024-12-25,,EGSA,,,17.16,1.05255
202412.0,2024-12-26,140768.0,EGSA,Consumidor Especial,SUDESTE,17.16,2.230336
202412.0,2024-12-26,140768.0,EGSA,Consumidor Especial,SUDESTE,17.16,2.230336
,2024-12-26,,EGSA,,,17.16,2.230336
202412.0,2024-12-27,140768.0,EGSA,Consumidor Especial,SUDESTE,17.16,2.044642
202412.0,2024-12-27,140768.0,EGSA,Consumidor Especial,SUDESTE,17.16,2.044642
,2024-12-27,,EGSA,,,17.16,2.044642
202412.0,2024-12-28,140768.0,EGSA,Consumidor Especial,SUDESTE,17.16,1.102345
202412.0,2024-12-28,140768.0,EGSA,Consumidor Especial,SUDESTE,17.16,1.102345
,2024-12-28,,EGSA,,,17.16,1.102345
202412.0,2024-12-29,140768.0,EGSA,Consumidor Especial,SUDESTE,17.16,0.976964
202412.0,2024-12-29,140768.0,EGSA,Consumidor Especial,SUDESTE,17.16,0.976964
,2024-12-29,,EGSA,,,17.16,0.976964
202412.0,2024-12-30,140768.0,EGSA,Consumidor Especial,SUDESTE,17.16,1.919628
202412.0,2024-12-30,140768.0,EGSA,Consumidor Especial,SUDESTE,17.16,1.919628
,2024-12-30,,EGSA,,,17.16,1.919628
202412.0,2024-12-31,140768.0,EGSA,Consumidor Especial,SUDESTE,17.16,1.139594
202412.0,2024-12-31,140768.0,EGSA,Consumidor Especial,SUDESTE,17.16,1.139594
,2024-12-31,,EGSA,,,17.16,1.139594
202501.0,2025-01-01,140768.0,EGSA,Consumidor Especial,SUDESTE,17.16,0.938778
202501.0,2025-01-01,140768.0,EGSA,Consumidor Especial,SUDESTE,17.16,0.938778
,2025-01-01,,EGSA,,,17.16,0.938778
202501.0,2025-01-02,140768.0,EGSA,Consumidor Especial,SUDESTE,17.16,1.919445
202501.0,2025-01-02,140768.0,EGSA,Consumidor Especial,SUDESTE,17.16,1.919445
,2025-01-02,,EGSA,,,17.16,1.919445
202501.0,2025-01-03,140768.0,EGSA,Consumidor Especial,SUDESTE,17.16,2.2131
202501.0,2025-01-03,140768.0,EGSA,Consumidor Especial,SUDESTE,17.16,2.2131
,2025-01-03,,EGSA,,,17.16,2.2131
202501.0,2025-01-04,140768.0,EGSA,Consumidor Especial,SUDESTE,17.16,1.795668
202501.0,2025-01-04,140768.0,EGSA,Consumidor Especial,SUDESTE,17.16,1.795668
,2025-01-04,,EGSA,,,17.16,1.795668
202501.0,2025-01-05,140768.0,EGSA,Consumidor Especial,SUDESTE,17.16,1.083273
202501.0,2025-01-05,140768.0,EGSA,Consumidor Especial,SUDESTE,17.16,1.083273
,2025-01-05,,EGSA,,,17.16,1.083273
202501.0,2025-01-06,140768.0,EGSA,Consumidor Especial,SUDESTE,17.16,2.189498
202501.0,2025-01-06,140768.0,EGSA,Consumidor Especial,SUDESTE,17.16,2.189498
,2025-01-06,,EGSA,,,17.16,2.189498
202501.0,2025-01-07,140768.0,EGSA,Consumidor Especial,SUDESTE,17.16,2.229043
202501.0,2025-01-07,140768.0,EGSA,Consumidor Especial,SUDESTE,17.16,2.229043
,2025-01-07,,EGSA,,,17.16,2.229043
202501.0,2025-01-08,140768.0,EGSA,Consumidor Especial,SUDESTE,17.16,4.652125
202501.0,2025-01-08,140768.0,EGSA,Consumidor Especial,SUDESTE,17.16,4.652125
,2025-01-08,,EGSA,,,17.16,4.652125
202501.0,2025-01-09,140768.0,EGSA,Consumidor Especial,SUDESTE,17.16,5.54929
202501.0,2025-01-09,140768.0,EGSA,Consumidor Especial,SUDESTE,17.16,5.54929
,2025-01-09,,EGSA,,,17.16,5.54929
202501.0,2025-01-10,140768.0,EGSA,Consumidor Especial,SUDESTE,17.16,5.478789
202501.0,2025-01-10,140768.0,EGSA,Consumidor Especial,SUDESTE,17.16,5.478789
,2025-01-10,,EGSA,,,17.16,5.478789
202501.0,2025-01-11,140768.0,EGSA,Consumidor Especial,SUDESTE,17.16,3.307315
202501.0,2025-01-11,140768.0,EGSA,Consumidor Especial,SUDESTE,17.16,3.307315
,2025-01-11,,EGSA,,,17.16,3.307315
202501.0,2025-01-12,140768.0,EGSA,Consumidor Especial,SUDESTE,17.16,1.870263
202501.0,2025-01-12,140768.0,EGSA,Consumidor Especial,SUDESTE,17.16,1.870263
,2025-01-12,,EGSA,,,17.16,1.870263
202501.0,2025-01-13,140768.0,EGSA,Consumidor Especial,SUDESTE,17.16,5.704795
202501.0,2025-01-13,140768.0,EGSA,Consumidor Especial,SUDESTE,17.16,5.704795
,2025-01-13,,EGSA,,,17.16,5.704795
202501.0,2025-01-14,140768.0,EGSA,Consumidor Especial,SUDESTE,17.16,6.125307
202501.0,2025-01-14,140768.0,EGSA,Consumidor Especial,SUDESTE,17.16,6.125307
,2025-01-14,,EGSA,,,17.16,6.125307
202501.0,2025-01-15,140768.0,EGSA,Consumidor Especial,SUDESTE,17.16,6.016592
202501.0,2025-01-15,140768.0,EGSA,Consumidor Especial,SUDESTE,17.16,6.016592
,2025-01-15,,EGSA,,,17.16,6.016592
202501.0,2025-01-16,140768.0,EGSA,Consumidor Especial,SUDESTE,17.16,6.137396
202501.0,2025-01-16,140768.0,EGSA,Consumidor Especial,SUDESTE,17.16,6.137396
,2025-01-16,,EGSA,,,17.16,6.137396
202501.0,2025-01-17,140768.0,EGSA,Consumidor Especial,SUDESTE,17.16,5.677374
202501.0,2025-01-17,140768.0,EGSA,Consumidor Especial,SUDESTE,17.16,5.677374
,2025-01-17,,EGSA,,,17.16,5.677374
202501.0,2025-01-18,140768.0,EGSA,Consumidor Especial,SUDESTE,17.16,3.092624
202501.0,2025-01-18,140768.0,EGSA,Consumidor Especial,SUDESTE,17.16,3.092624
,2025-01-18,,EGSA,,,17.16,3.092624
202501.0,2025-01-19,140768.0,EGSA,Consumidor Especial,SUDESTE,17.16,1.810343
202501.0,2025-01-19,140768.0,EGSA,Consumidor Especial,SUDESTE,17.16,1.810343
,2025-01-19,,EGSA,,,17.16,1.810343
202501.0,2025-01-20,140768.0,EGSA,Consumidor Especial,SUDESTE,17.16,5.825909
202501.0,2025-01-20,140768.0,EGSA,Consumidor Especial,SUDESTE,17.16,5.825909
,2025-01-20,,EGSA,,,17.16,5.825909
202501.0,2025-01-21,140768.0,EGSA,Consumidor Especial,SUDESTE,17.16,6.09842
202501.0,2025-01-21,140768.0,EGSA,Consumidor Especial,SUDESTE,17.16,6.09842
,2025-01-21,,EGSA,,,17.16,6.09842
202501.0,2025-01-22,140768.0,EGSA,Consumidor Especial,SUDESTE,17.16,5.996791
202501.0,2025-01-22,140768.0,EGSA,Consumidor Especial,SUDESTE,17.16,5.996791
,2025-01-22,,EGSA,,,17.16,5.996791
202501.0,2025-01-23,140768.0,EGSA,Consumidor Especial,SUDESTE,17.16,5.965895
202501.0,2025-01-23,140768.0,EGSA,Consumidor Especial,SUDESTE,17.16,5.965895
,2025-01-23,,EGSA,,,17.16,5.965895
202501.0,2025-01-24,140768.0,EGSA,Consumidor Especial,SUDESTE,17.16,5.937872
202501.0,2025-01-24,140768.0,EGSA,Consumidor Especial,SUDESTE,17.16,5.937872
,2025-01-24,,EGSA,,,17.16,5.937872
202501.0,2025-01-25,140768.0,EGSA,Consumidor Especial,SUDESTE,17.16,4.378762
202501.0,2025-01-25,140768.0,EGSA,Consumidor Especial,SUDESTE,17.16,4.378762
,2025-01-25,,EGSA,,,17.16,4.378762
202501.0,2025-01-26,140768.0,EGSA,Consumidor Especial,SUDESTE,17.16,1.61332
202501.0,2025-01-26,140768.0,EGSA,Consumidor Especial,SUDESTE,17.16,1.61332
,2025-01-26,,EGSA,,,17.16,1.61332
202501.0,2025-01-27,140768.0,EGSA,Consumidor Especial,SUDESTE,17.16,6.145961
202501.0,2025-01-27,140768.0,EGSA,Consumidor Especial,SUDESTE,17.16,6.145961
,2025-01-27,,EGSA,,,17.16,6.145961
202501.0,2025-01-28,140768.0,EGSA,Consumidor Especial,SUDESTE,17.16,6.075244
202501.0,2025-01-28,140768.0,EGSA,Consumidor Especial,SUDESTE,17.16,6.075244
,2025-01-28,,EGSA,,,17.16,6.075244
202501.0,2025-01-29,140768.0,EGSA,Consumidor Especial,SUDESTE,17.16,6.358295
202501.0,2025-01-29,140768.0,EGSA,Consumidor Especial,SUDESTE,17.16,6.358295
,2025-01-29,,EGSA,,,17.16,6.358295
202501.0,2025-01-30,140768.0,EGSA,Consumidor Especial,SUDESTE,17.16,6.1368
202501.0,2025-01-30,140768.0,EGSA,Consumidor Especial,SUDESTE,17.16,6.1368
,2025-01-30,,EGSA,,,17.16,6.1368
202501.0,2025-01-31,140768.0,EGSA,Consumidor Especial,SUDESTE,17.16,5.449944
202501.0,2025-01-31,140768.0,EGSA,Consumidor Especial,SUDESTE,17.16,5.449944
,2025-01-31,,EGSA,,,17.16,5.449944
202502.0,2025-02-01,140768.0,EGSA,Consumidor Especial,SUDESTE,17.16,2.695203
202502.0,2025-02-01,140768.0,EGSA,Consumidor Especial,SUDESTE,17.16,2.695203
,2025-02-01,,EGSA,,,17.16,2.695203
202502.0,2025-02-02,140768.0,EGSA,Consumidor Especial,SUDESTE,17.16,2.321612
202502.0,2025-02-02,140768.0,EGSA,Consumidor Especial,SUDESTE,17.16,2.321612
,2025-02-02,,EGSA,,,17.16,2.321612
202502.0,2025-02-03,140768.0,EGSA,Consumidor Especial,SUDESTE,17.16,6.093944
202502.0,2025-02-03,140768.0,EGSA,Consumidor Especial,SUDESTE,17.16,6.093944
,2025-02-03,,EGSA,,,17.16,6.093944
202502.0,2025-02-04,140768.0,EGSA,Consumidor Especial,SUDESTE,17.16,5.867963
202502.0,2025-02-04,140768.0,EGSA,Consumidor Especial,SUDESTE,17.16,5.867963
,2025-02-04,,EGSA,,,17.16,5.867963
202502.0,2025-02-05,140768.0,EGSA,Consumidor Especial,SUDESTE,17.16,6.230666
202502.0,2025-02-05,140768.0,EGSA,Consumidor Especial,SUDESTE,17.16,6.230666
,2025-02-05,,EGSA,,,17.16,6.230666
202502.0,2025-02-06,140768.0,EGSA,Consumidor Especial,SUDESTE,17.16,6.219138
202502.0,2025-02-06,140768.0,EGSA,Consumidor Especial,SUDESTE,17.16,6.219138
,2025-02-06,,EGSA,,,17.16,6.219138
202502.0,2025-02-07,140768.0,EGSA,Consumidor Especial,SUDESTE,17.16,6.306049
202502.0,2025-02-07,140768.0,EGSA,Consumidor Especial,SUDESTE,17.16,6.306049
,2025-02-07,,EGSA,,,17.16,6.306049
202502.0,2025-02-08,140768.0,EGSA,Consumidor Especial,SUDESTE,17.16,3.792967
202502.0,2025-02-08,140768.0,EGSA,Consumidor Especial,SUDESTE,17.16,3.792967
,2025-02-08,,EGSA,,,17.16,3.792967
202502.0,2025-02-09,140768.0,EGSA,Consumidor Especial,SUDESTE,17.16,1.793776
202502.0,2025-02-09,140768.0,EGSA,Consumidor Especial,SUDESTE,17.16,1.793776
,2025-02-09,,EGSA,,,17.16,1.793776
202502.0,2025-02-10,140768.0,EGSA,Consumidor Especial,SUDESTE,17.16,6.165866
202502.0,2025-02-10,140768.0,EGSA,Consumidor Especial,SUDESTE,17.16,6.165866
,2025-02-10,,EGSA,,,17.16,6.165866
202502.0,2025-02-11,140768.0,EGSA,Consumidor Especial,SUDESTE,17.16,6.42844
202502.0,2025-02-11,140768.0,EGSA,Consumidor Especial,SUDESTE,17.16,6.42844
,2025-02-11,,EGSA,,,17.16,6.42844
202502.0,2025-02-12,140768.0,EGSA,Consumidor Especial,SUDESTE,17.16,6.808708
202502.0,2025-02-12,140768.0,EGSA,Consumidor Especial,SUDESTE,17.16,6.808708
,2025-02-12,,EGSA,,,17.16,6.808708
202502.0,2025-02-13,140768.0,EGSA,Consumidor Especial,SUDESTE,17.16,6.59061
202502.0,2025-02-13,140768.0,EGSA,Consumidor Especial,SUDESTE,17.16,6.59061
,2025-02-13,,EGSA,,,17.16,6.59061
202502.0,2025-02-14,140768.0,EGSA,Consumidor Especial,SUDESTE,17.16,6.219379
202502.0,2025-02-14,140768.0,EGSA,Consumidor Especial,SUDESTE,17.16,6.219379
,2025-02-14,,EGSA,,,17.16,6.219379
202502.0,2025-02-15,140768.0,EGSA,Consumidor Especial,SUDESTE,17.16,3.799057
202502.0,2025-02-15,140768.0,EGSA,Consumidor Especial,SUDESTE,17.16,3.799057
,2025-02-15,,EGSA,,,17.16,3.799057
202502.0,2025-02-16,140768.0,EGSA,Consumidor Especial,SUDESTE,17.16,1.797392
202502.0,2025-02-16,140768.0,EGSA,Consumidor Especial,SUDESTE,17.16,1.797392
,2025-02-16,,EGSA,,,17.16,1.797392
202502.0,2025-02-17,140768.0,EGSA,Consumidor Especial,SUDESTE,17.16,5.885638
202502.0,2025-02-17,140768.0,EGSA,Consumidor Especial,SUDESTE,17.16,5.885638
,2025-02-17,,EGSA,,,17.16,5.885638
202502.0,2025-02-18,140768.0,EGSA,Consumidor Especial,SUDESTE,17.16,6.455639
202502.0,2025-02-18,140768.0,EGSA,Consumidor Especial,SUDESTE,17.16,6.455639
,2025-02-18,,EGSA,,,17.16,6.455639
202502.0,2025-02-19,140768.0,EGSA,Consumidor Especial,SUDESTE,17.16,6.865786
202502.0,2025-02-19,140768.0,EGSA,Consumidor Especial,SUDESTE,17.16,6.865786
,2025-02-19,,EGSA,,,17.16,6.865786
202502.0,2025-02-20,140768.0,EGSA,Consumidor Especial,SUDESTE,17.16,6.587263
202502.0,2025-02-20,140768.0,EGSA,Consumidor Especial,SUDESTE,17.16,6.587263
,2025-02-20,,EGSA,,,17.16,6.587263
202502.0,2025-02-21,140768.0,EGSA,Consumidor Especial,SUDESTE,17.16,5.952241
202502.0,2025-02-21,140768.0,EGSA,Consumidor Especial,SUDESTE,17.16,5.952241
,2025-02-21,,EGSA,,,17.16,5.952241
202502.0,2025-02-22,140768.0,EGSA,Consumidor Especial,SUDESTE,17.16,3.60026
202502.0,2025-02-22,140768.0,EGSA,Consumidor Especial,SUDESTE,17.16,3.60026
,2025-02-22,,EGSA,,,17.16,3.60026
202502.0,2025-02-23,140768.0,EGSA,Consumidor Especial,SUDESTE,17.16,1.69579
202502.0,2025-02-23,140768.0,EGSA,Consumidor Especial,SUDESTE,17.16,1.69579
,2025-02-23,,EGSA,,,17.16,1.69579
202502.0,2025-02-24,140768.0,EGSA,Consumidor Especial,SUDESTE,17.16,6.288081
202502.0,2025-02-24,140768.0,EGSA,Consumidor Especial,SUDESTE,17.16,6.288081
,2025-02-24,,EGSA,,,17.16,6.288081
202502.0,2025-02-25,140768.0,EGSA,Consumidor Especial,SUDESTE,17.16,6.686336
202502.0,2025-02-25,140768.0,EGSA,Consumidor Especial,SUDESTE,17.16,6.686336
,2025-02-25,,EGSA,,,17.16,6.686336
202502.0,2025-02-26,140768.0,EGSA,Consumidor Especial,SUDESTE,17.16,6.298869
202502.0,2025-02-26,140768.0,EGSA,Consumidor Especial,SUDESTE,17.16,6.298869
,2025-02-26,,EGSA,,,17.16,6.298869
202502.0,2025-02-27,140768.0,EGSA,Consumidor Especial,SUDESTE,17.16,6.642519
202502.0,2025-02-27,140768.0,EGSA,Consumidor Especial,SUDESTE,17.16,6.642519
,2025-02-27,,EGSA,,,17.16,6.642519
202502.0,2025-02-28,140768.0,EGSA,Consumidor Especial,SUDESTE,17.16,5.909039
202502.0,2025-02-28,140768.0,EGSA,Consumidor Especial,SUDESTE,17.16,5.909039
,2025-02-28,,EGSA,,,17.16,5.909039
202503.0,2025-03-01,140768.0,EGSA,Consumidor Especial,SUDESTE,17.16,2.987786
202503.0,2025-03-01,140768.0,EGSA,Consumidor Especial,SUDESTE,17.16,2.987786
,2025-03-01,,EGSA,,,17.16,2.987786
202503.0,2025-03-02,140768.0,EGSA,Consumidor Especial,SUDESTE,17.16,1.594566
202503.0,2025-03-02,140768.0,EGSA,Consumidor Especial,SUDESTE,17.16,1.594566
,2025-03-02,,EGSA,,,17.16,1.594566
202503.0,2025-03-03,140768.0,EGSA,Consumidor Especial,SUDESTE,17.16,6.29543
202503.0,2025-03-03,140768.0,EGSA,Consumidor Especial,SUDESTE,17.16,6.29543
,2025-03-03,,EGSA,,,17.16,6.29543
202503.0,2025-03-04,140768.0,EGSA,Consumidor Especial,SUDESTE,17.16,7.044505
202503.0,2025-03-04,140768.0,EGSA,Consumidor Especial,SUDESTE,17.16,7.044505
,2025-03-04,,EGSA,,,17.16,7.044505
202503.0,2025-03-05,140768.0,EGSA,Consumidor Especial,SUDESTE,17.16,6.715046
202503.0,2025-03-05,140768.0,EGSA,Consumidor Especial,SUDESTE,17.16,6.715046
,2025-03-05,,EGSA,,,17.16,6.715046
202503.0,2025-03-06,140768.0,EGSA,Consumidor Especial,SUDESTE,17.16,6.381315
202503.0,2025-03-06,140768.0,EGSA,Consumidor Especial,SUDESTE,17.16,6.381315
,2025-03-06,,EGSA,,,17.16,6.381315
202503.0,2025-03-07,140768.0,EGSA,Consumidor Especial,SUDESTE,17.16,6.059635
202503.0,2025-03-07,140768.0,EGSA,Consumidor Especial,SUDESTE,17.16,6.059635
,2025-03-07,,EGSA,,,17.16,6.059635
202503.0,2025-03-08,140768.0,EGSA,Consumidor Especial,SUDESTE,17.16,3.216729
202503.0,2025-03-08,140768.0,EGSA,Consumidor Especial,SUDESTE,17.16,3.216729
,2025-03-08,,EGSA,,,17.16,3.216729
202503.0,2025-03-09,140768.0,EGSA,Consumidor Especial,SUDESTE,17.16,1.618144
202503.0,2025-03-09,140768.0,EGSA,Consumidor Especial,SUDESTE,17.16,1.618144
,2025-03-09,,EGSA,,,17.16,1.618144
202503.0,2025-03-10,140768.0,EGSA,Consumidor Especial,SUDESTE,17.16,6.040581
202503.0,2025-03-10,140768.0,EGSA,Consumidor Especial,SUDESTE,17.16,6.040581
,2025-03-10,,EGSA,,,17.16,6.040581
202503.0,2025-03-11,140768.0,EGSA,Consumidor Especial,SUDESTE,17.16,6.421815
202503.0,2025-03-11,140768.0,EGSA,Consumidor Especial,SUDESTE,17.16,6.421815
,2025-03-11,,EGSA,,,17.16,6.421815
202503.0,2025-03-12,140768.0,EGSA,Consumidor Especial,SUDESTE,17.16,6.084869
202503.0,2025-03-12,140768.0,EGSA,Consumidor Especial,SUDESTE,17.16,6.084869
,2025-03-12,,EGSA,,,17.16,6.084869
202503.0,2025-03-13,140768.0,EGSA,Consumidor Especial,SUDESTE,17.16,5.981153
202503.0,2025-03-13,140768.0,EGSA,Consumidor Especial,SUDESTE,17.16,5.981153
,2025-03-13,,EGSA,,,17.16,5.981153
202503.0,2025-03-14,140768.0,EGSA,Consumidor Especial,SUDESTE,17.16,5.745494
202503.0,2025-03-14,140768.0,EGSA,Consumidor Especial,SUDESTE,17.16,5.745494
,2025-03-14,,EGSA,,,17.16,5.745494
202503.0,2025-03-15,140768.0,EGSA,Consumidor Especial,SUDESTE,17.16,3.169838
202503.0,2025-03-15,140768.0,EGSA,Consumidor Especial,SUDESTE,17.16,3.169838
,2025-03-15,,EGSA,,,17.16,3.169838
202503.0,2025-03-16,140768.0,EGSA,Consumidor Especial,SUDESTE,17.16,2.0786
202503.0,2025-03-16,140768.0,EGSA,Consumidor Especial,SUDESTE,17.16,2.0786
,2025-03-16,,EGSA,,,17.16,2.0786
202503.0,2025-03-17,140768.0,EGSA,Consumidor Especial,SUDESTE,17.16,5.884694
202503.0,2025-03-17,140768.0,EGSA,Consumidor Especial,SUDESTE,17.16,5.884694
,2025-03-17,,EGSA,,,17.16,5.884694
202503.0,2025-03-18,140768.0,EGSA,Consumidor Especial,SUDESTE,17.16,6.481332
202503.0,2025-03-18,140768.0,EGSA,Consumidor Especial,SUDESTE,17.16,6.481332
,2025-03-18,,EGSA,,,17.16,6.481332
202503.0,2025-03-19,140768.0,EGSA,Consumidor Especial,SUDESTE,17.16,6.057741
202503.0,2025-03-19,140768.0,EGSA,Consumidor Especial,SUDESTE,17.16,6.057741
,2025-03-19,,EGSA,,,17.16,6.057741
202503.0,2025-03-20,140768.0,EGSA,Consumidor Especial,SUDESTE,17.16,5.897724
202503.0,2025-03-20,140768.0,EGSA,Consumidor Especial,SUDESTE,17.16,5.897724
,2025-03-20,,EGSA,,,17.16,5.897724
202503.0,2025-03-21,140768.0,EGSA,Consumidor Especial,SUDESTE,17.16,5.647121
202503.0,2025-03-21,140768.0,EGSA,Consumidor Especial,SUDESTE,17.16,5.647121
,2025-03-21,,EGSA,,,17.16,5.647121
202503.0,2025-03-22,140768.0,EGSA,Consumidor Especial,SUDESTE,17.16,3.354048
202503.0,2025-03-22,140768.0,EGSA,Consumidor Especial,SUDESTE,17.16,3.354048
,2025-03-22,,EGSA,,,17.16,3.354048
202503.0,2025-03-23,140768.0,EGSA,Consumidor Especial,SUDESTE,17.16,1.370226
202503.0,2025-03-23,140768.0,EGSA,Consumidor Especial,SUDESTE,17.16,1.370226
,2025-03-23,,EGSA,,,17.16,1.370226
202503.0,2025-03-24,140768.0,EGSA,Consumidor Especial,SUDESTE,17.16,5.65421
202503.0,2025-03-24,140768.0,EGSA,Consumidor Especial,SUDESTE,17.16,5.65421
,2025-03-24,,EGSA,,,17.16,5.65421
202503.0,2025-03-25,140768.0,EGSA,Consumidor Especial,SUDESTE,17.16,6.089207
202503.0,2025-03-25,140768.0,EGSA,Consumidor Especial,SUDESTE,17.16,6.089207
,2025-03-25,,EGSA,,,17.16,6.089207
202503.0,2025-03-26,140768.0,EGSA,Consumidor Especial,SUDESTE,17.16,6.309249
202503.0,2025-03-26,140768.0,EGSA,Consumidor Especial,SUDESTE,17.16,6.309249
,2025-03-26,,EGSA,,,17.16,6.309249
202503.0,2025-03-27,140768.0,EGSA,Consumidor Especial,SUDESTE,17.16,6.321985
202503.0,2025-03-27,140768.0,EGSA,Consumidor Especial,SUDESTE,17.16,6.321985
,2025-03-27,,EGSA,,,17.16,6.321985
202503.0,2025-03-28,140768.0,EGSA,Consumidor Especial,SUDESTE,17.16,5.467949
202503.0,2025-03-28,140768.0,EGSA,Consumidor Especial,SUDESTE,17.16,5.467949
,2025-03-28,,EGSA,,,17.16,5.467949
202503.0,2025-03-29,140768.0,EGSA,Consumidor Especial,SUDESTE,17.16,3.539206
202503.0,2025-03-29,140768.0,EGSA,Consumidor Especial,SUDESTE,17.16,3.539206
,2025-03-29,,EGSA,,,17.16,3.539206
202503.0,2025-03-30,140768.0,EGSA,Consumidor Especial,SUDESTE,17.16,1.645382
202503.0,2025-03-30,140768.0,EGSA,Consumidor Especial,SUDESTE,17.16,1.645382
,2025-03-30,,EGSA,,,17.16,1.645382
202503.0,2025-03-31,140768.0,EGSA,Consumidor Especial,SUDESTE,17.16,6.163829
202503.0,2025-03-31,140768.0,EGSA,Consumidor Especial,SUDESTE,17.16,6.163829
,2025-03-31,,EGSA,,,17.16,6.163829
202504.0,2025-04-01,140768.0,EGSA,Consumidor Especial,SUDESTE,17.16,6.13271
202504.0,2025-04-01,140768.0,EGSA,Consumidor Especial,SUDESTE,17.16,6.13271
,2025-04-01,,EGSA,,,17.16,6.13271
202504.0,2025-04-02,140768.0,EGSA,Consumidor Especial,SUDESTE,17.16,5.746936
202504.0,2025-04-02,140768.0,EGSA,Consumidor Especial,SUDESTE,17.16,5.746936
,2025-04-02,,EGSA,,,17.16,5.746936
202504.0,2025-04-03,140768.0,EGSA,Consumidor Especial,SUDESTE,17.16,5.978556
202504.0,2025-04-03,140768.0,EGSA,Consumidor Especial,SUDESTE,17.16,5.978556
,2025-04-03,,EGSA,,,17.16,5.978556
202504.0,2025-04-04,140768.0,EGSA,Consumidor Especial,SUDESTE,17.16,5.88868
202504.0,2025-04-04,140768.0,EGSA,Consumidor Especial,SUDESTE,17.16,5.88868
,2025-04-04,,EGSA,,,17.16,5.88868
202504.0,2025-04-05,140768.0,EGSA,Consumidor Especial,SUDESTE,17.16,3.177869
202504.0,2025-04-05,140768.0,EGSA,Consumidor Especial,SUDESTE,17.16,3.177869
,2025-04-05,,EGSA,,,17.16,3.177869
202504.0,2025-04-06,140768.0,EGSA,Consumidor Especial,SUDESTE,17.16,1.77111
202504.0,2025-04-06,140768.0,EGSA,Consumidor Especial,SUDESTE,17.16,1.77111
,2025-04-06,,EGSA,,,17.16,1.77111
202504.0,2025-04-07,140768.0,EGSA,Consumidor Especial,SUDESTE,17.16,5.351521
202504.0,2025-04-07,140768.0,EGSA,Consumidor Especial,SUDESTE,17.16,5.351521
,2025-04-07,,EGSA,,,17.16,5.351521
202504.0,2025-04-08,140768.0,EGSA,Consumidor Especial,SUDESTE,17.16,5.789899
202504.0,2025-04-08,140768.0,EGSA,Consumidor Especial,SUDESTE,17.16,5.789899
,2025-04-08,,EGSA,,,17.16,5.789899
202504.0,2025-04-09,140768.0,EGSA,Consumidor Especial,SUDESTE,17.16,6.181431
202504.0,2025-04-09,140768.0,EGSA,Consumidor Especial,SUDESTE,17.16,6.181431
,2025-04-09,,EGSA,,,17.16,6.181431
202504.0,2025-04-10,140768.0,EGSA,Consumidor Especial,SUDESTE,17.16,6.454546
202504.0,2025-04-10,140768.0,EGSA,Consumidor Especial,SUDESTE,17.16,6.454546
,2025-04-10,,EGSA,,,17.16,6.454546
202504.0,2025-04-11,140768.0,EGSA,Consumidor Especial,SUDESTE,17.16,5.980377
202504.0,2025-04-11,140768.0,EGSA,Consumidor Especial,SUDESTE,17.16,5.980377
,2025-04-11,,EGSA,,,17.16,5.980377
202504.0,2025-04-12,140768.0,EGSA,Consumidor Especial,SUDESTE,17.16,3.612178
202504.0,2025-04-12,140768.0,EGSA,Consumidor Especial,SUDESTE,17.16,3.612178
,2025-04-12,,EGSA,,,17.16,3.612178
202504.0,2025-04-13,140768.0,EGSA,Consumidor Especial,SUDESTE,17.16,2.251132
202504.0,2025-04-13,140768.0,EGSA,Consumidor Especial,SUDESTE,17.16,2.251132
,2025-04-13,,EGSA,,,17.16,2.251132
202504.0,2025-04-14,140768.0,EGSA,Consumidor Especial,SUDESTE,17.16,5.755486
202504.0,2025-04-14,140768.0,EGSA,Consumidor Especial,SUDESTE,17.16,5.755486
,2025-04-14,,EGSA,,,17.16,5.755486
202504.0,2025-04-15,140768.0,EGSA,Consumidor Especial,SUDESTE,17.16,6.064801
202504.0,2025-04-15,140768.0,EGSA,Consumidor Especial,SUDESTE,17.16,6.064801
,2025-04-15,,EGSA,,,17.16,6.064801
202504.0,2025-04-16,140768.0,EGSA,Consumidor Especial,SUDESTE,17.16,6.824594
202504.0,2025-04-16,140768.0,EGSA,Consumidor Especial,SUDESTE,17.16,6.824594
,2025-04-16,,EGSA,,,17.16,6.824594
202504.0,2025-04-17,140768.0,EGSA,Consumidor Especial,SUDESTE,17.16,6.074298
202504.0,2025-04-17,140768.0,EGSA,Consumidor Especial,SUDESTE,17.16,6.074298
,2025-04-17,,EGSA,,,17.16,6.074298
202504.0,2025-04-18,140768.0,EGSA,Consumidor Especial,SUDESTE,17.16,2.805471
202504.0,2025-04-18,140768.0,EGSA,Consumidor Especial,SUDESTE,17.16,2.805471
,2025-04-18,,EGSA,,,17.16,2.805471
202504.0,2025-04-19,140768.0,EGSA,Consumidor Especial,SUDESTE,17.16,1.601651
202504.0,2025-04-19,140768.0,EGSA,Consumidor Especial,SUDESTE,17.16,1.601651
,2025-04-19,,EGSA,,,17.16,1.601651
202504.0,2025-04-20,140768.0,EGSA,Consumidor Especial,SUDESTE,17.16,1.415812
202504.0,2025-04-20,140768.0,EGSA,Consumidor Especial,SUDESTE,17.16,1.415812
,2025-04-20,,EGSA,,,17.16,1.415812
202504.0,2025-04-21,140768.0,EGSA,Consumidor Especial,SUDESTE,17.16,1.196903
202504.0,2025-04-21,140768.0,EGSA,Consumidor Especial,SUDESTE,17.16,1.196903
,2025-04-21,,EGSA,,,17.16,1.196903
202504.0,2025-04-22,140768.0,EGSA,Consumidor Especial,SUDESTE,17.16,5.635721
202504.0,2025-04-22,140768.0,EGSA,Consumidor Especial,SUDESTE,17.16,5.635721
,2025-04-22,,EGSA,,,17.16,5.635721
202504.0,2025-04-23,140768.0,EGSA,Consumidor Especial,SUDESTE,17.16,6.391749
202504.0,2025-04-23,140768.0,EGSA,Consumidor Especial,SUDESTE,17.16,6.391749
,2025-04-23,,EGSA,,,17.16,6.391749
202504.0,2025-04-24,140768.0,EGSA,Consumidor Especial,SUDESTE,17.16,6.583302
202504.0,2025-04-24,140768.0,EGSA,Consumidor Especial,SUDESTE,17.16,6.583302
,2025-04-24,,EGSA,,,17.16,6.583302
202504.0,2025-04-25,140768.0,EGSA,Consumidor Especial,SUDESTE,17.16,6.510164
202504.0,2025-04-25,140768.0,EGSA,Consumidor Especial,SUDESTE,17.16,6.510164
,2025-04-25,,EGSA,,,17.16,6.510164
202504.0,2025-04-26,140768.0,EGSA,Consumidor Especial,SUDESTE,17.16,3.88246
202504.0,2025-04-26,140768.0,EGSA,Consumidor Especial,SUDESTE,17.16,3.88246
,2025-04-26,,EGSA,,,17.16,3.88246
202504.0,2025-04-27,140768.0,EGSA,Consumidor Especial,SUDESTE,17.16,1.379765
202504.0,2025-04-27,140768.0,EGSA,Consumidor Especial,SUDESTE,17.16,1.379765
,2025-04-27,,EGSA,,,17.16,1.379765
202504.0,2025-04-28,140768.0,EGSA,Consumidor Especial,SUDESTE,17.16,6.177417
202504.0,2025-04-28,140768.0,EGSA,Consumidor Especial,SUDESTE,17.16,6.177417
,2025-04-28,,EGSA,,,17.16,6.177417
202504.0,2025-04-29,140768.0,EGSA,Consumidor Especial,SUDESTE,17.16,5.814629
202504.0,2025-04-29,140768.0,EGSA,Consumidor Especial,SUDESTE,17.16,5.814629
,2025-04-29,,EGSA,,,17.16,5.814629
202504.0,2025-04-30,140768.0,EGSA,Consumidor Especial,SUDESTE,17.16,4.231945
202504.0,2025-04-30,140768.0,EGSA,Consumidor Especial,SUDESTE,17.16,4.231945
,2025-04-30,,EGSA,,,17.16,4.231945
202505.0,2025-05-01,140768.0,EGSA,Consumidor Especial,SUDESTE,17.16,0.965945
202505.0,2025-05-01,140768.0,EGSA,Consumidor Especial,SUDESTE,17.16,0.965945
,2025-05-01,,EGSA,,,17.16,0.965945
202505.0,2025-05-02,140768.0,EGSA,Consumidor Especial,SUDESTE,17.16,0.563226
202505.0,2025-05-02,140768.0,EGSA,Consumidor Especial,SUDESTE,17.16,0.563226
,2025-05-02,,EGSA,,,17.16,0.563226
202505.0,2025-05-03,140768.0,EGSA,Consumidor Especial,SUDESTE,17.16,1.00803
202505.0,2025-05-03,140768.0,EGSA,Consumidor Especial,SUDESTE,17.16,1.00803
,2025-05-03,,EGSA,,,17.16,1.00803
202505.0,2025-05-04,140768.0,EGSA,Consumidor Especial,SUDESTE,17.16,0.583632
202505.0,2025-05-04,140768.0,EGSA,Consumidor Especial,SUDESTE,17.16,0.583632
,2025-05-04,,EGSA,,,17.16,0.583632
202505.0,2025-05-05,140768.0,EGSA,Consumidor Especial,SUDESTE,17.16,4.791498
202505.0,2025-05-05,140768.0,EGSA,Consumidor Especial,SUDESTE,17.16,4.791498
,2025-05-05,,EGSA,,,17.16,4.791498
202505.0,2025-05-06,140768.0,EGSA,Consumidor Especial,SUDESTE,17.16,5.699226
202505.0,2025-05-06,140768.0,EGSA,Consumidor Especial,SUDESTE,17.16,5.699226
,2025-05-06,,EGSA,,,17.16,5.699226
202505.0,2025-05-07,140768.0,EGSA,Consumidor Especial,SUDESTE,17.16,5.393213
202505.0,2025-05-07,140768.0,EGSA,Consumidor Especial,SUDESTE,17.16,5.393213
,2025-05-07,,EGSA,,,17.16,5.393213
202505.0,2025-05-08,140768.0,EGSA,Consumidor Especial,SUDESTE,17.16,6.103367
202505.0,2025-05-08,140768.0,EGSA,Consumidor Especial,SUDESTE,17.16,6.103367
,2025-05-08,,EGSA,,,17.16,6.103367
202505.0,2025-05-09,140768.0,EGSA,Consumidor Especial,SUDESTE,17.16,5.309373
202505.0,2025-05-09,140768.0,EGSA,Consumidor Especial,SUDESTE,17.16,5.309373
,2025-05-09,,EGSA,,,17.16,5.309373
202505.0,2025-05-10,140768.0,EGSA,Consumidor Especial,SUDESTE,17.16,2.549634
202505.0,2025-05-10,140768.0,EGSA,Consumidor Especial,SUDESTE,17.16,2.549634
,2025-05-10,,EGSA,,,17.16,2.549634
202505.0,2025-05-11,140768.0,EGSA,Consumidor Especial,SUDESTE,17.16,1.308987
202505.0,2025-05-11,140768.0,EGSA,Consumidor Especial,SUDESTE,17.16,1.308987
,2025-05-11,,EGSA,,,17.16,1.308987
202505.0,2025-05-12,140768.0,EGSA,Consumidor Especial,SUDESTE,17.16,6.017796
202505.0,2025-05-12,140768.0,EGSA,Consumidor Especial,SUDESTE,17.16,6.017796
,2025-05-12,,EGSA,,,17.16,6.017796
202505.0,2025-05-13,140768.0,EGSA,Consumidor Especial,SUDESTE,17.16,6.241978
202505.0,2025-05-13,140768.0,EGSA,Consumidor Especial,SUDESTE,17.16,6.241978
,2025-05-13,,EGSA,,,17.16,6.241978
202505.0,2025-05-14,140768.0,EGSA,Consumidor Especial,SUDESTE,17.16,6.741127
202505.0,2025-05-14,140768.0,EGSA,Consumidor Especial,SUDESTE,17.16,6.741127
,2025-05-14,,EGSA,,,17.16,6.741127
202505.0,2025-05-15,140768.0,EGSA,Consumidor Especial,SUDESTE,17.16,6.586328
202505.0,2025-05-15,140768.0,EGSA,Consumidor Especial,SUDESTE,17.16,6.586328
,2025-05-15,,EGSA,,,17.16,6.586328
202505.0,2025-05-16,140768.0,EGSA,Consumidor Especial,SUDESTE,17.16,6.067317
202505.0,2025-05-16,140768.0,EGSA,Consumidor Especial,SUDESTE,17.16,6.067317
,2025-05-16,,EGSA,,,17.16,6.067317
202505.0,2025-05-17,140768.0,EGSA,Consumidor Especial,SUDESTE,17.16,3.148767
202505.0,2025-05-17,140768.0,EGSA,Consumidor Especial,SUDESTE,17.16,3.148767
,2025-05-17,,EGSA,,,17.16,3.148767
202505.0,2025-05-18,140768.0,EGSA,Consumidor Especial,SUDESTE,17.16,2.105943
202505.0,2025-05-18,140768.0,EGSA,Consumidor Especial,SUDESTE,17.16,2.105943
,2025-05-18,,EGSA,,,17.16,2.105943
202505.0,2025-05-19,140768.0,EGSA,Consumidor Especial,SUDESTE,17.16,5.848552
202505.0,2025-05-19,140768.0,EGSA,Consumidor Especial,SUDESTE,17.16,5.848552
,2025-05-19,,EGSA,,,17.16,5.848552
202505.0,2025-05-20,140768.0,EGSA,Consumidor Especial,SUDESTE,17.16,6.053491
202505.0,2025-05-20,140768.0,EGSA,Consumidor Especial,SUDESTE,17.16,6.053491
,2025-05-20,,EGSA,,,17.16,6.053491
202505.0,2025-05-21,140768.0,EGSA,Consumidor Especial,SUDESTE,17.16,6.504938
202505.0,2025-05-21,140768.0,EGSA,Consumidor Especial,SUDESTE,17.16,6.504938
,2025-05-21,,EGSA,,,17.16,6.504938
202505.0,2025-05-22,140768.0,EGSA,Consumidor Especial,SUDESTE,17.16,5.858799
202505.0,2025-05-22,140768.0,EGSA,Consumidor Especial,SUDESTE,17.16,5.858799
,2025-05-22,,EGSA,,,17.16,5.858799
202505.0,2025-05-23,140768.0,EGSA,Consumidor Especial,SUDESTE,17.16,5.573287
202505.0,2025-05-23,140768.0,EGSA,Consumidor Especial,SUDESTE,17.16,5.573287
,2025-05-23,,EGSA,,,17.16,5.573287
202505.0,2025-05-24,140768.0,EGSA,Consumidor Especial,SUDESTE,17.16,3.348893
202505.0,2025-05-24,140768.0,EGSA,Consumidor Especial,SUDESTE,17.16,3.348893
,2025-05-24,,EGSA,,,17.16,3.348893
202505.0,2025-05-25,140768.0,EGSA,Consumidor Especial,SUDESTE,17.16,1.215367
202505.0,2025-05-25,140768.0,EGSA,Consumidor Especial,SUDESTE,17.16,1.215367
,2025-05-25,,EGSA,,,17.16,1.215367
202505.0,2025-05-26,140768.0,EGSA,Consumidor Especial,SUDESTE,17.16,5.530079
202505.0,2025-05-26,140768.0,EGSA,Consumidor Especial,SUDESTE,17.16,5.530079
,2025-05-26,,EGSA,,,17.16,5.530079
202505.0,2025-05-27,140768.0,EGSA,Consumidor Especial,SUDESTE,17.16,6.586516
202505.0,2025-05-27,140768.0,EGSA,Consumidor Especial,SUDESTE,17.16,6.586516
,2025-05-27,,EGSA,,,17.16,6.586516
202505.0,2025-05-28,140768.0,EGSA,Consumidor Especial,SUDESTE,17.16,6.224967
202505.0,2025-05-28,140768.0,EGSA,Consumidor Especial,SUDESTE,17.16,6.224967
,2025-05-28,,EGSA,,,17.16,6.224967
202505.0,2025-05-29,140768.0,EGSA,Consumidor Especial,SUDESTE,17.16,6.318785
202505.0,2025-05-29,140768.0,EGSA,Consumidor Especial,SUDESTE,17.16,6.318785
,2025-05-29,,EGSA,,,17.16,6.318785
202505.0,2025-05-30,140768.0,EGSA,Consumidor Especial,SUDESTE,17.16,6.298574
202505.0,2025-05-30,140768.0,EGSA,Consumidor Especial,SUDESTE,17.16,6.298574
,2025-05-30,,EGSA,,,17.16,6.298574
202505.0,2025-05-31,140768.0,EGSA,Consumidor Especial,SUDESTE,17.16,1.97455
202505.0,2025-05-31,140768.0,EGSA,Consumidor Especial,SUDESTE,17.16,1.97455
,2025-05-31,,EGSA,,,17.16,1.97455
202506.0,2025-06-01,140768.0,EGSA,Consumidor Especial,SUDESTE,17.16,1.165164
202506.0,2025-06-01,140768.0,EGSA,Consumidor Especial,SUDESTE,17.16,1.165164
,2025-06-01,,EGSA,,,17.16,1.165164
202506.0,2025-06-02,140768.0,EGSA,Consumidor Especial,SUDESTE,17.16,5.430473
202506.0,2025-06-02,140768.0,EGSA,Consumidor Especial,SUDESTE,17.16,5.430473
,2025-06-02,,EGSA,,,17.16,5.430473
202506.0,2025-06-03,140768.0,EGSA,Consumidor Especial,SUDESTE,17.16,6.408844
202506.0,2025-06-03,140768.0,EGSA,Consumidor Especial,SUDESTE,17.16,6.408844
,2025-06-03,,EGSA,,,17.16,6.408844
202506.0,2025-06-04,140768.0,EGSA,Consumidor Especial,SUDESTE,17.16,5.507974
202506.0,2025-06-04,140768.0,EGSA,Consumidor Especial,SUDESTE,17.16,5.507974
,2025-06-04,,EGSA,,,17.16,5.507974
202506.0,2025-06-05,140768.0,EGSA,Consumidor Especial,SUDESTE,17.16,5.743479
202506.0,2025-06-05,140768.0,EGSA,Consumidor Especial,SUDESTE,17.16,5.743479
,2025-06-05,,EGSA,,,17.16,5.743479
202506.0,2025-06-06,140768.0,EGSA,Consumidor Especial,SUDESTE,17.16,5.785682
202506.0,2025-06-06,140768.0,EGSA,Consumidor Especial,SUDESTE,17.16,5.785682
,2025-06-06,,EGSA,,,17.16,5.785682
202506.0,2025-06-07,140768.0,EGSA,Consumidor Especial,SUDESTE,17.16,2.619484
202506.0,2025-06-07,140768.0,EGSA,Consumidor Especial,SUDESTE,17.16,2.619484
,2025-06-07,,EGSA,,,17.16,2.619484
202506.0,2025-06-08,140768.0,EGSA,Consumidor Especial,SUDESTE,17.16,1.087918
202506.0,2025-06-08,140768.0,EGSA,Consumidor Especial,SUDESTE,17.16,1.087918
,2025-06-08,,EGSA,,,17.16,1.087918
202506.0,2025-06-09,140768.0,EGSA,Consumidor Especial,SUDESTE,17.16,5.292204
202506.0,2025-06-09,140768.0,EGSA,Consumidor Especial,SUDESTE,17.16,5.292204
,2025-06-09,,EGSA,,,17.16,5.292204
202506.0,2025-06-10,140768.0,EGSA,Consumidor Especial,SUDESTE,17.16,5.654273
202506.0,2025-06-10,140768.0,EGSA,Consumidor Especial,SUDESTE,17.16,5.654273
,2025-06-10,,EGSA,,,17.16,5.654273
202506.0,2025-06-11,140768.0,EGSA,Consumidor Especial,SUDESTE,17.16,5.922235
202506.0,2025-06-11,140768.0,EGSA,Consumidor Especial,SUDESTE,17.16,5.922235
,2025-06-11,,EGSA,,,17.16,5.922235
202506.0,2025-06-12,140768.0,EGSA,Consumidor Especial,SUDESTE,17.16,5.553802
202506.0,2025-06-12,140768.0,EGSA,Consumidor Especial,SUDESTE,17.16,5.553802
,2025-06-12,,EGSA,,,17.16,5.553802
202506.0,2025-06-13,140768.0,EGSA,Consumidor Especial,SUDESTE,17.16,5.507591
202506.0,2025-06-13,140768.0,EGSA,Consumidor Especial,SUDESTE,17.16,5.507591
,2025-06-13,,EGSA,,,17.16,5.507591
202506.0,2025-06-14,140768.0,EGSA,Consumidor Especial,SUDESTE,17.16,3.269287
202506.0,2025-06-14,140768.0,EGSA,Consumidor Especial,SUDESTE,17.16,3.269287
,2025-06-14,,EGSA,,,17.16,3.269287
202506.0,2025-06-15,140768.0,EGSA,Consumidor Especial,SUDESTE,17.16,1.058353
202506.0,2025-06-15,140768.0,EGSA,Consumidor Especial,SUDESTE,17.16,1.058353
,2025-06-15,,EGSA,,,17.16,1.058353
202506.0,2025-06-16,140768.0,EGSA,Consumidor Especial,SUDESTE,17.16,4.915021
202506.0,2025-06-16,140768.0,EGSA,Consumidor Especial,SUDESTE,17.16,4.915021
,2025-06-16,,EGSA,,,17.16,4.915021
202506.0,2025-06-17,140768.0,EGSA,Consumidor Especial,SUDESTE,17.16,5.196684
202506.0,2025-06-17,140768.0,EGSA,Consumidor Especial,SUDESTE,17.16,5.196684
,2025-06-17,,EGSA,,,17.16,5.196684
202506.0,2025-06-18,140768.0,EGSA,Consumidor Especial,SUDESTE,17.16,5.061325
202506.0,2025-06-18,140768.0,EGSA,Consumidor Especial,SUDESTE,17.16,5.061325
,2025-06-18,,EGSA,,,17.16,5.061325
202506.0,2025-06-19,140768.0,EGSA,Consumidor Especial,SUDESTE,17.16,3.461679
202506.0,2025-06-19,140768.0,EGSA,Consumidor Especial,SUDESTE,17.16,3.461679
,2025-06-19,,EGSA,,,17.16,3.461679
202506.0,2025-06-20,140768.0,EGSA,Consumidor Especial,SUDESTE,17.16,3.571412
202506.0,2025-06-20,140768.0,EGSA,Consumidor Especial,SUDESTE,17.16,3.571412
,2025-06-20,,EGSA,,,17.16,3.571412
202506.0,2025-06-21,140768.0,EGSA,Consumidor Especial,SUDESTE,17.16,2.405365
202506.0,2025-06-21,140768.0,EGSA,Consumidor Especial,SUDESTE,17.16,2.405365
,2025-06-21,,EGSA,,,17.16,2.405365
202506.0,2025-06-22,140768.0,EGSA,Consumidor Especial,SUDESTE,17.16,1.668755
202506.0,2025-06-22,140768.0,EGSA,Consumidor Especial,SUDESTE,17.16,1.668755
,2025-06-22,,EGSA,,,17.16,1.668755
202506.0,2025-06-23,140768.0,EGSA,Consumidor Especial,SUDESTE,17.16,5.151294
202506.0,2025-06-23,140768.0,EGSA,Consumidor Especial,SUDESTE,17.16,5.151294
,2025-06-23,,EGSA,,,17.16,5.151294
202506.0,2025-06-24,140768.0,EGSA,Consumidor Especial,SUDESTE,17.16,5.578902
202506.0,2025-06-24,140768.0,EGSA,Consumidor Especial,SUDESTE,17.16,5.578902
,2025-06-24,,EGSA,,,17.16,5.578902
202506.0,2025-06-25,140768.0,EGSA,Consumidor Especial,SUDESTE,17.16,5.989234
202506.0,2025-06-25,140768.0,EGSA,Consumidor Especial,SUDESTE,17.16,5.989234
,2025-06-25,,EGSA,,,17.16,5.989234
202506.0,2025-06-26,140768.0,EGSA,Consumidor Especial,SUDESTE,17.16,6.06301
202506.0,2025-06-26,140768.0,EGSA,Consumidor Especial,SUDESTE,17.16,6.06301
,2025-06-26,,EGSA,,,17.16,6.06301
202506.0,2025-06-27,140768.0,EGSA,Consumidor Especial,SUDESTE,17.16,5.572508
202506.0,2025-06-27,140768.0,EGSA,Consumidor Especial,SUDESTE,17.16,5.572508
,2025-06-27,,EGSA,,,17.16,5.572508
202506.0,2025-06-28,140768.0,EGSA,Consumidor Especial,SUDESTE,17.16,2.835389
202506.0,2025-06-28,140768.0,EGSA,Consumidor Especial,SUDESTE,17.16,2.835389
,2025-06-28,,EGSA,,,17.16,2.835389
202506.0,2025-06-29,140768.0,EGSA,Consumidor Especial,SUDESTE,17.16,1.249605
202506.0,2025-06-29,140768.0,EGSA,Consumidor Especial,SUDESTE,17.16,1.249605
,2025-06-29,,EGSA,,,17.16,1.249605
202506.0,2025-06-30,140768.0,EGSA,Consumidor Especial,SUDESTE,17.16,5.121301
202506.0,2025-06-30,140768.0,EGSA,Consumidor Especial,SUDESTE,17.16,5.121301
,2025-06-30,,EGSA,,,17.16,5.121301
202507.0,2025-07-01,140768.0,EGSA,Consumidor Especial,SUDESTE,17.16,5.243622
202507.0,2025-07-01,140768.0,EGSA,Consumidor Especial,SUDESTE,17.16,5.243622
,2025-07-01,,EGSA,,,17.16,5.243622
202507.0,2025-07-02,140768.0,EGSA,Consumidor Especial,SUDESTE,17.16,5.166182
202507.0,2025-07-02,140768.0,EGSA,Consumidor Especial,SUDESTE,17.16,5.166182
,2025-07-02,,EGSA,,,17.16,5.166182
202507.0,2025-07-03,140768.0,EGSA,Consumidor Especial,SUDESTE,17.16,5.197583
202507.0,2025-07-03,140768.0,EGSA,Consumidor Especial,SUDESTE,17.16,5.197583
,2025-07-03,,EGSA,,,17.16,5.197583
202507.0,2025-07-04,140768.0,EGSA,Consumidor Especial,SUDESTE,17.16,4.487343
202507.0,2025-07-04,140768.0,EGSA,Consumidor Especial,SUDESTE,17.16,4.487343
,2025-07-04,,EGSA,,,17.16,4.487343
202507.0,2025-07-05,140768.0,EGSA,Consumidor Especial,SUDESTE,17.16,1.97962
202507.0,2025-07-05,140768.0,EGSA,Consumidor Especial,SUDESTE,17.16,1.97962
,2025-07-05,,EGSA,,,17.16,1.97962
202507.0,2025-07-06,140768.0,EGSA,Consumidor Especial,SUDESTE,17.16,1.464099
202507.0,2025-07-06,140768.0,EGSA,Consumidor Especial,SUDESTE,17.16,1.464099
,2025-07-06,,EGSA,,,17.16,1.464099
202507.0,2025-07-07,140768.0,EGSA,Consumidor Especial,SUDESTE,17.16,1.980062
202507.0,2025-07-07,140768.0,EGSA,Consumidor Especial,SUDESTE,17.16,1.980062
,2025-07-07,,EGSA,,,17.16,1.980062
202507.0,2025-07-08,140768.0,EGSA,Consumidor Especial,SUDESTE,17.16,5.792659
202507.0,2025-07-08,140768.0,EGSA,Consumidor Especial,SUDESTE,17.16,5.792659
,2025-07-08,,EGSA,,,17.16,5.792659
202507.0,2025-07-09,140768.0,EGSA,Consumidor Especial,SUDESTE,17.16,5.894889
202507.0,2025-07-09,140768.0,EGSA,Consumidor Especial,SUDESTE,17.16,5.894889
,2025-07-09,,EGSA,,,17.16,5.894889
202507.0,2025-07-10,140768.0,EGSA,Consumidor Especial,SUDESTE,17.16,5.840099
202507.0,2025-07-10,140768.0,EGSA,Consumidor Especial,SUDESTE,17.16,5.840099
,2025-07-10,,EGSA,,,17.16,5.840099
202507.0,2025-07-11,140768.0,EGSA,Consumidor Especial,SUDESTE,17.16,5.519194
202507.0,2025-07-11,140768.0,EGSA,Consumidor Especial,SUDESTE,17.16,5.519194
,2025-07-11,,EGSA,,,17.16,5.519194
202507.0,2025-07-12,140768.0,EGSA,Consumidor Especial,SUDESTE,17.16,2.435106
202507.0,2025-07-12,140768.0,EGSA,Consumidor Especial,SUDESTE,17.16,2.435106
,2025-07-12,,EGSA,,,17.16,2.435106
202507.0,2025-07-13,140768.0,EGSA,Consumidor Especial,SUDESTE,17.16,1.469905
202507.0,2025-07-13,140768.0,EGSA,Consumidor Especial,SUDESTE,17.16,1.469905
,2025-07-13,,EGSA,,,17.16,1.469905
202507.0,2025-07-14,140768.0,EGSA,Consumidor Especial,SUDESTE,17.16,5.728936
202507.0,2025-07-14,140768.0,EGSA,Consumidor Especial,SUDESTE,17.16,5.728936
,2025-07-14,,EGSA,,,17.16,5.728936
202507.0,2025-07-15,140768.0,EGSA,Consumidor Especial,SUDESTE,17.16,5.394071
202507.0,2025-07-15,140768.0,EGSA,Consumidor Especial,SUDESTE,17.16,5.394071
,2025-07-15,,EGSA,,,17.16,5.394071
202507.0,2025-07-16,140768.0,EGSA,Consumidor Especial,SUDESTE,17.16,5.611267
202507.0,2025-07-16,140768.0,EGSA,Consumidor Especial,SUDESTE,17.16,5.611267
,2025-07-16,,EGSA,,,17.16,5.611267
202507.0,2025-07-17,140768.0,EGSA,Consumidor Especial,SUDESTE,17.16,5.319434
202507.0,2025-07-17,140768.0,EGSA,Consumidor Especial,SUDESTE,17.16,5.319434
,2025-07-17,,EGSA,,,17.16,5.319434
202507.0,2025-07-18,140768.0,EGSA,Consumidor Especial,SUDESTE,17.16,5.009449
202507.0,2025-07-18,140768.0,EGSA,Consumidor Especial,SUDESTE,17.16,5.009449
,2025-07-18,,EGSA,,,17.16,5.009449
202507.0,2025-07-19,140768.0,EGSA,Consumidor Especial,SUDESTE,17.16,1.985858
202507.0,2025-07-19,140768.0,EGSA,Consumidor Especial,SUDESTE,17.16,1.985858
,2025-07-19,,EGSA,,,17.16,1.985858
202507.0,2025-07-20,140768.0,EGSA,Consumidor Especial,SUDESTE,17.16,0.892919
202507.0,2025-07-20,140768.0,EGSA,Consumidor Especial,SUDESTE,17.16,0.892919
,2025-07-20,,EGSA,,,17.16,0.892919
202507.0,2025-07-21,140768.0,EGSA,Consumidor Especial,SUDESTE,17.16,5.436019
202507.0,2025-07-21,140768.0,EGSA,Consumidor Especial,SUDESTE,17.16,5.436019
,2025-07-21,,EGSA,,,17.16,5.436019
202507.0,2025-07-22,140768.0,EGSA,Consumidor Especial,SUDESTE,17.16,5.716769
202507.0,2025-07-22,140768.0,EGSA,Consumidor Especial,SUDESTE,17.16,5.716769
,2025-07-22,,EGSA,,,17.16,5.716769
202507.0,2025-07-23,140768.0,EGSA,Consumidor Especial,SUDESTE,17.16,6.010578
202507.0,2025-07-23,140768.0,EGSA,Consumidor Especial,SUDESTE,17.16,6.010578
,2025-07-23,,EGSA,,,17.16,6.010578
202507.0,2025-07-24,140768.0,EGSA,Consumidor Especial,SUDESTE,17.16,5.625682
202507.0,2025-07-24,140768.0,EGSA,Consumidor Especial,SUDESTE,17.16,5.625682
,2025-07-24,,EGSA,,,17.16,5.625682
202507.0,2025-07-25,140768.0,EGSA,Consumidor Especial,SUDESTE,17.16,4.710474
202507.0,2025-07-25,140768.0,EGSA,Consumidor Especial,SUDESTE,17.16,4.710474
,2025-07-25,,EGSA,,,17.16,4.710474
202507.0,2025-07-26,140768.0,EGSA,Consumidor Especial,SUDESTE,17.16,2.458776
202507.0,2025-07-26,140768.0,EGSA,Consumidor Especial,SUDESTE,17.16,2.458776
,2025-07-26,,EGSA,,,17.16,2.458776
202507.0,2025-07-27,140768.0,EGSA,Consumidor Especial,SUDESTE,17.16,1.368406
202507.0,2025-07-27,140768.0,EGSA,Consumidor Especial,SUDESTE,17.16,1.368406
,2025-07-27,,EGSA,,,17.16,1.368406
202507.0,2025-07-28,140768.0,EGSA,Consumidor Especial,SUDESTE,17.16,5.326214
202507.0,2025-07-28,140768.0,EGSA,Consumidor Especial,SUDESTE,17.16,5.326214
,2025-07-28,,EGSA,,,17.16,5.326214
202507.0,2025-07-29,140768.0,EGSA,Consumidor Especial,SUDESTE,17.16,5.169938
202507.0,2025-07-29,140768.0,EGSA,Consumidor Especial,SUDESTE,17.16,5.169938
,2025-07-29,,EGSA,,,17.16,5.169938
202507.0,2025-07-30,140768.0,EGSA,Consumidor Especial,SUDESTE,17.16,5.773124
202507.0,2025-07-30,140768.0,EGSA,Consumidor Especial,SUDESTE,17.16,5.773124
,2025-07-30,,EGSA,,,17.16,5.773124
202507.0,2025-07-31,140768.0,EGSA,Consumidor Especial,SUDESTE,17.16,6.024532
202507.0,2025-07-31,140768.0,EGSA,Consumidor Especial,SUDESTE,17.16,6.024532
,2025-07-31,,EGSA,,,17.16,6.024532
202508.0,2025-08-01,140768.0,EGSA,Consumidor Especial,SUDESTE,17.16,5.127255
202508.0,2025-08-01,140768.0,EGSA,Consumidor Especial,SUDESTE,17.16,5.127255
,2025-08-01,,EGSA,,,17.16,5.127255
202508.0,2025-08-02,140768.0,EGSA,Consumidor Especial,SUDESTE,17.16,2.917699
202508.0,2025-08-02,140768.0,EGSA,Consumidor Especial,SUDESTE,17.16,2.917699
,2025-08-02,,EGSA,,,17.16,2.917699
202508.0,2025-08-03,140768.0,EGSA,Consumidor Especial,SUDESTE,17.16,1.822175
202508.0,2025-08-03,140768.0,EGSA,Consumidor Especial,SUDESTE,17.16,1.822175
,2025-08-03,,EGSA,,,17.16,1.822175
202508.0,2025-08-04,140768.0,EGSA,Consumidor Especial,SUDESTE,17.16,5.439571
202508.0,2025-08-04,140768.0,EGSA,Consumidor Especial,SUDESTE,17.16,5.439571
,2025-08-04,,EGSA,,,17.16,5.439571
202508.0,2025-08-05,140768.0,EGSA,Consumidor Especial,SUDESTE,17.16,5.449078
202508.0,2025-08-05,140768.0,EGSA,Consumidor Especial,SUDESTE,17.16,5.449078
,2025-08-05,,EGSA,,,17.16,5.449078
202508.0,2025-08-06,140768.0,EGSA,Consumidor Especial,SUDESTE,17.16,5.259448
202508.0,2025-08-06,140768.0,EGSA,Consumidor Especial,SUDESTE,17.16,5.259448
,2025-08-06,,EGSA,,,17.16,5.259448
202508.0,2025-08-07,140768.0,EGSA,Consumidor Especial,SUDESTE,17.16,5.182412
202508.0,2025-08-07,140768.0,EGSA,Consumidor Especial,SUDESTE,17.16,5.182412
,2025-08-07,,EGSA,,,17.16,5.182412
202508.0,2025-08-08,140768.0,EGSA,Consumidor Especial,SUDESTE,17.16,4.762806
202508.0,2025-08-08,140768.0,EGSA,Consumidor Especial,SUDESTE,17.16,4.762806
,2025-08-08,,EGSA,,,17.16,4.762806
202508.0,2025-08-09,140768.0,EGSA,Consumidor Especial,SUDESTE,17.16,2.091967
202508.0,2025-08-09,140768.0,EGSA,Consumidor Especial,SUDESTE,17.16,2.091967
,2025-08-09,,EGSA,,,17.16,2.091967
202508.0,2025-08-10,140768.0,EGSA,Consumidor Especial,SUDESTE,17.16,1.304573
202508.0,2025-08-10,140768.0,EGSA,Consumidor Especial,SUDESTE,17.16,1.304573
,2025-08-10,,EGSA,,,17.16,1.304573
202508.0,2025-08-11,140768.0,EGSA,Consumidor Especial,SUDESTE,17.16,5.063494
202508.0,2025-08-11,140768.0,EGSA,Consumidor Especial,SUDESTE,17.16,5.063494
,2025-08-11,,EGSA,,,17.16,5.063494
202508.0,2025-08-12,140768.0,EGSA,Consumidor Especial,SUDESTE,17.16,5.398046
202508.0,2025-08-12,140768.0,EGSA,Consumidor Especial,SUDESTE,17.16,5.398046
,2025-08-12,,EGSA,,,17.16,5.398046
202508.0,2025-08-13,140768.0,EGSA,Consumidor Especial,SUDESTE,17.16,5.209729
202508.0,2025-08-13,140768.0,EGSA,Consumidor Especial,SUDESTE,17.16,5.209729
,2025-08-13,,EGSA,,,17.16,5.209729
202508.0,2025-08-14,140768.0,EGSA,Consumidor Especial,SUDESTE,17.16,5.676055
202508.0,2025-08-14,140768.0,EGSA,Consumidor Especial,SUDESTE,17.16,5.676055
,2025-08-14,,EGSA,,,17.16,5.676055
202508.0,2025-08-15,140768.0,EGSA,Consumidor Especial,SUDESTE,17.16,5.124019
202508.0,2025-08-15,140768.0,EGSA,Consumidor Especial,SUDESTE,17.16,5.124019
,2025-08-15,,EGSA,,,17.16,5.124019
202508.0,2025-08-16,140768.0,EGSA,Consumidor Especial,SUDESTE,17.16,2.428262
202508.0,2025-08-16,140768.0,EGSA,Consumidor Especial,SUDESTE,17.16,2.428262
,2025-08-16,,EGSA,,,17.16,2.428262
202508.0,2025-08-17,140768.0,EGSA,Consumidor Especial,SUDESTE,17.16,1.084301
202508.0,2025-08-17,140768.0,EGSA,Consumidor Especial,SUDESTE,17.16,1.084301
,2025-08-17,,EGSA,,,17.16,1.084301
202508.0,2025-08-18,140768.0,EGSA,Consumidor Especial,SUDESTE,17.16,5.155485
202508.0,2025-08-18,140768.0,EGSA,Consumidor Especial,SUDESTE,17.16,5.155485
,2025-08-18,,EGSA,,,17.16,5.155485
202508.0,2025-08-19,140768.0,EGSA,Consumidor Especial,SUDESTE,17.16,5.523828
202508.0,2025-08-19,140768.0,EGSA,Consumidor Especial,SUDESTE,17.16,5.523828
,2025-08-19,,EGSA,,,17.16,5.523828
202508.0,2025-08-20,140768.0,EGSA,Consumidor Especial,SUDESTE,17.16,5.644211
202508.0,2025-08-20,140768.0,EGSA,Consumidor Especial,SUDESTE,17.16,5.644211
,2025-08-20,,EGSA,,,17.16,5.644211
202508.0,2025-08-21,140768.0,EGSA,Consumidor Especial,SUDESTE,17.16,5.295705
202508.0,2025-08-21,140768.0,EGSA,Consumidor Especial,SUDESTE,17.16,5.295705
,2025-08-21,,EGSA,,,17.16,5.295705
202508.0,2025-08-22,140768.0,EGSA,Consumidor Especial,SUDESTE,17.16,5.080248
202508.0,2025-08-22,140768.0,EGSA,Consumidor Especial,SUDESTE,17.16,5.080248
,2025-08-22,,EGSA,,,17.16,5.080248
202508.0,2025-08-23,140768.0,EGSA,Consumidor Especial,SUDESTE,17.16,3.623126
202508.0,2025-08-23,140768.0,EGSA,Consumidor Especial,SUDESTE,17.16,3.623126
,2025-08-23,,EGSA,,,17.16,3.623126
202508.0,2025-08-24,140768.0,EGSA,Consumidor Especial,SUDESTE,17.16,1.974688
202508.0,2025-08-24,140768.0,EGSA,Consumidor Especial,SUDESTE,17.16,1.974688
,2025-08-24,,EGSA,,,17.16,1.974688
202508.0,2025-08-25,140768.0,EGSA,Consumidor Especial,SUDESTE,17.16,5.65508
202508.0,2025-08-25,140768.0,EGSA,Consumidor Especial,SUDESTE,17.16,5.65508
,2025-08-25,,EGSA,,,17.16,5.65508
202508.0,2025-08-26,140768.0,EGSA,Consumidor Especial,SUDESTE,17.16,5.84319
202508.0,2025-08-26,140768.0,EGSA,Consumidor Especial,SUDESTE,17.16,5.84319
,2025-08-26,,EGSA,,,17.16,5.84319
202508.0,2025-08-27,140768.0,EGSA,Consumidor Especial,SUDESTE,17.16,5.672784
202508.0,2025-08-27,140768.0,EGSA,Consumidor Especial,SUDESTE,17.16,5.672784
,2025-08-27,,EGSA,,,17.16,5.672784
202508.0,2025-08-28,140768.0,EGSA,Consumidor Especial,SUDESTE,17.16,5.715468
202508.0,2025-08-28,140768.0,EGSA,Consumidor Especial,SUDESTE,17.16,5.715468
,2025-08-28,,EGSA,,,17.16,5.715468
202508.0,2025-08-29,140768.0,EGSA,Consumidor Especial,SUDESTE,17.16,4.949073
202508.0,2025-08-29,140768.0,EGSA,Consumidor Especial,SUDESTE,17.16,4.949073
,2025-08-29,,EGSA,,,17.16,4.949073
202508.0,2025-08-30,140768.0,EGSA,Consumidor Especial,SUDESTE,17.16,3.050737
202508.0,2025-08-30,140768.0,EGSA,Consumidor Especial,SUDESTE,17.16,3.050737
,2025-08-30,,EGSA,,,17.16,3.050737
202508.0,2025-08-31,140768.0,EGSA,Consumidor Especial,SUDESTE,17.16,1.653157
202508.0,2025-08-31,140768.0,EGSA,Consumidor Especial,SUDESTE,17.16,1.653157
,2025-08-31,,EGSA,,,17.16,1.653157
