MES_REFERENCIA,DATA,CODIGO_PERFIL_AGENTE,SIGLA_PERFIL_AGENTE,CLASSE_PERFIL_AGENTE,SUBMERCADO,CAPACIDADE_CARGA,CONSUMO_CARGA_ACL
,2022-01-01,88035.0,OUTLET PREMIUM CL 514,Consumidor Livre,NORDESTE,43.2,3.456758
,2022-01-02,88035.0,OUTLET PREMIUM CL 514,Consumidor Livre,NORDESTE,43.2,20.126808
,2022-01-03,88035.0,OUTLET PREMIUM CL 514,Consumidor Livre,NORDESTE,43.2,20.348424
,2022-01-04,88035.0,OUTLET PREMIUM CL 514,Consumidor Livre,NORDESTE,43.2,19.86193
,2022-01-05,88035.0,OUTLET PREMIUM CL 514,Consumidor Livre,NORDESTE,43.2,20.311334
,2022-01-06,88035.0,OUTLET PREMIUM CL 514,Consumidor Livre,NORDESTE,43.2,20.212131
,2022-01-07,88035.0,OUTLET PREMIUM CL 514,Consumidor Livre,NORDESTE,43.2,20.421633
,2022-01-08,88035.0,OUTLET PREMIUM CL 514,Consumidor Livre,NORDESTE,43.2,20.850928
,2022-01-09,88035.0,OUTLET PREMIUM CL 514,Consumidor Livre,NORDESTE,43.2,20.275024
,2022-01-10,88035.0,OUTLET PREMIUM CL 514,Consumidor Livre,NORDESTE,43.2,20.463396
,2022-01-11,88035.0,OUTLET PREMIUM CL 514,Consumidor Livre,NORDESTE,43.2,20.612611
,2022-01-12,88035.0,OUTLET PREMIUM CL 514,Consumidor Livre,NORDESTE,43.2,19.812711
,2022-01-13,88035.0,OUTLET PREMIUM CL 514,Consumidor Livre,NORDESTE,43.2,20.720456
,2022-01-14,88035.0,OUTLET PREMIUM CL 514,Consumidor Livre,NORDESTE,43.2,20.380258
,2022-01-15,88035.0,OUTLET PREMIUM CL 514,Consumidor Livre,NORDESTE,43.2,19.624527
,2022-01-16,88035.0,OUTLET PREMIUM CL 514,Consumidor Livre,NORDESTE,43.2,18.650115
,2022-01-17,88035.0,OUTLET PREMIUM CL 514,Consumidor Livre,NORDESTE,43.2,19.504497
,2022-01-18,88035.0,OUTLET PREMIUM CL 514,Consumidor Livre,NORDESTE,43.2,19.198963
,2022-01-19,88035.0,OUTLET PREMIUM CL 514,Consumidor Livre,NORDESTE,43.2,19.878476
,2022-01-20,88035.0,OUTLET PREMIUM CL 514,Consumidor Livre,NORDESTE,43.2,20.276339
,2022-01-21,88035.0,OUTLET PREMIUM CL 514,Consumidor Livre,NORDESTE,43.2,20.433851
,2022-01-22,88035.0,OUTLET PREMIUM CL 514,Consumidor Livre,NORDESTE,43.2,20.171317
,2022-01-23,88035.0,OUTLET PREMIUM CL 514,Consumidor Livre,NORDESTE,43.2,18.650147
,2022-01-24,88035.0,OUTLET PREMIUM CL 514,Consumidor Livre,NORDESTE,43.2,17.532022
,2022-01-25,88035.0,OUTLET PREMIUM CL 514,Consumidor Livre,NORDESTE,43.2,19.124261
,2022-01-26,88035.0,OUTLET PREMIUM CL 514,Consumidor Livre,NORDESTE,43.2,19.997564
,2022-01-27,88035.0,OUTLET PREMIUM CL 514,Consumidor Livre,NORDESTE,43.2,21.058391
,2022-01-28,88035.0,OUTLET PREMIUM CL 514,Consumidor Livre,NORDESTE,43.2,19.840774
,2022-01-29,88035.0,OUTLET PREMIUM CL 514,Consumidor Livre,NORDESTE,43.2,20.674963
,2022-01-30,88035.0,OUTLET PREMIUM CL 514,Consumidor Livre,NORDESTE,43.2,20.357268
,2022-01-31,88035.0,OUTLET PREMIUM CL 514,Consumidor Livre,NORDESTE,43.2,20.886832
,2022-02-01,88035.0,OUTLET PREMIUM CL 514,Consumidor Livre,NORDESTE,43.2,21.025877
,2022-02-02,88035.0,OUTLET PREMIUM CL 514,Consumidor Livre,NORDESTE,43.2,20.645
,2022-02-03,88035.0,OUTLET PREMIUM CL 514,Consumidor Livre,NORDESTE,43.2,21.012681
,2022-02-04,88035.0,OUTLET PREMIUM CL 514,Consumidor Livre,NORDESTE,43.2,20.923856
,2022-02-05,88035.0,OUTLET PREMIUM CL 514,Consumidor Livre,NORDESTE,43.2,20.845826
,2022-02-06,88035.0,OUTLET PREMIUM CL 514,Consumidor Livre,NORDESTE,43.2,19.916542
,2022-02-07,88035.0,OUTLET PREMIUM CL 514,Consumidor Livre,NORDESTE,43.2,20.720892
,2022-02-08,88035.0,OUTLET PREMIUM CL 514,Consumidor Livre,NORDESTE,43.2,21.038863
,2022-02-09,88035.0,OUTLET PREMIUM CL 514,Consumidor Livre,NORDESTE,43.2,21.205147
,2022-02-10,88035.0,OUTLET PREMIUM CL 514,Consumidor Livre,NORDESTE,43.2,20.962783
,2022-02-11,88035.0,OUTLET PREMIUM CL 514,Consumidor Livre,NORDESTE,43.2,17.268635
,2022-02-12,88035.0,OUTLET PREMIUM CL 514,Consumidor Livre,NORDESTE,43.2,17.463906
,2022-02-13,88035.0,OUTLET PREMIUM CL 514,Consumidor Livre,NORDESTE,43.2,17.446911
,2022-02-14,88035.0,OUTLET PREMIUM CL 514,Consumidor Livre,NORDESTE,43.2,19.012707
,2022-02-15,88035.0,OUTLET PREMIUM CL 514,Consumidor Livre,NORDESTE,43.2,19.612655
,2022-02-16,88035.0,OUTLET PREMIUM CL 514,Consumidor Livre,NORDESTE,43.2,19.527143
,2022-02-17,88035.0,OUTLET PREMIUM CL 514,Consumidor Livre,NORDESTE,43.2,19.743993
,2022-02-18,88035.0,OUTLET PREMIUM CL 514,Consumidor Livre,NORDESTE,43.2,0.0030879999999999
,2022-02-19,88035.0,OUTLET PREMIUM CL 514,Consumidor Livre,NORDESTE,43.2,19.042756
,2022-02-20,88035.0,OUTLET PREMIUM CL 514,Consumidor Livre,NORDESTE,43.2,19.741654
,2022-02-21,88035.0,OUTLET PREMIUM CL 514,Consumidor Livre,NORDESTE,43.2,19.031591
,2022-02-22,88035.0,OUTLET PREMIUM CL 514,Consumidor Livre,NORDESTE,43.2,19.711242
,2022-02-23,88035.0,OUTLET PREMIUM CL 514,Consumidor Livre,NORDESTE,43.2,19.094484
,2022-02-24,88035.0,OUTLET PREMIUM CL 514,Consumidor Livre,NORDESTE,43.2,19.43005
,2022-02-25,88035.0,OUTLET PREMIUM CL 514,Consumidor Livre,NORDESTE,43.2,19.450641
,2022-02-26,88035.0,OUTLET PREMIUM CL 514,Consumidor Livre,NORDESTE,43.2,19.645426
,2022-02-27,88035.0,OUTLET PREMIUM CL 514,Consumidor Livre,NORDESTE,43.2,19.762536
,2022-02-28,88035.0,OUTLET PREMIUM CL 514,Consumidor Livre,NORDESTE,43.2,20.351835
,2022-03-01,88035.0,OUTLET PREMIUM CL 514,Consumidor Livre,NORDESTE,43.2,19.969737
,2022-03-02,88035.0,OUTLET PREMIUM CL 514,Consumidor Livre,NORDESTE,43.2,19.689119
,2022-03-03,88035.0,OUTLET PREMIUM CL 514,Consumidor Livre,NORDESTE,43.2,18.742037
,2022-03-04,88035.0,OUTLET PREMIUM CL 514,Consumidor Livre,NORDESTE,43.2,17.200594
,2022-03-05,88035.0,OUTLET PREMIUM CL 514,Consumidor Livre,NORDESTE,43.2,18.109179
,2022-03-06,88035.0,OUTLET PREMIUM CL 514,Consumidor Livre,NORDESTE,43.2,18.25762
,2022-03-07,88035.0,OUTLET PREMIUM CL 514,Consumidor Livre,NORDESTE,43.2,19.261514
,2022-03-08,88035.0,OUTLET PREMIUM CL 514,Consumidor Livre,NORDESTE,43.2,19.544672
,2022-03-09,88035.0,OUTLET PREMIUM CL 514,Consumidor Livre,NORDESTE,43.2,19.584399
,2022-03-10,88035.0,OUTLET PREMIUM CL 514,Consumidor Livre,NORDESTE,43.2,18.440505
,2022-03-11,88035.0,OUTLET PREMIUM CL 514,Consumidor Livre,NORDESTE,43.2,19.585607
,2022-03-12,88035.0,OUTLET PREMIUM CL 514,Consumidor Livre,NORDESTE,43.2,20.019991
,2022-03-13,88035.0,OUTLET PREMIUM CL 514,Consumidor Livre,NORDESTE,43.2,19.402858
,2022-03-14,88035.0,OUTLET PREMIUM CL 514,Consumidor Livre,NORDESTE,43.2,20.103204
,2022-03-15,88035.0,OUTLET PREMIUM CL 514,Consumidor Livre,NORDESTE,43.2,18.367091
,2022-03-16,88035.0,OUTLET PREMIUM CL 514,Consumidor Livre,NORDESTE,43.2,20.478811
,2022-03-17,88035.0,OUTLET PREMIUM CL 514,Consumidor Livre,NORDESTE,43.2,20.596174
,2022-03-18,88035.0,OUTLET PREMIUM CL 514,Consumidor Livre,NORDESTE,43.2,21.113199
,2022-03-19,88035.0,OUTLET PREMIUM CL 514,Consumidor Livre,NORDESTE,43.2,21.54029
,2022-03-20,88035.0,OUTLET PREMIUM CL 514,Consumidor Livre,NORDESTE,43.2,20.748873
,2022-03-21,88035.0,OUTLET PREMIUM CL 514,Consumidor Livre,NORDESTE,43.2,20.503985
,2022-03-22,88035.0,OUTLET PREMIUM CL 514,Consumidor Livre,NORDESTE,43.2,20.806132
,2022-03-23,88035.0,OUTLET PREMIUM CL 514,Consumidor Livre,NORDESTE,43.2,19.054466
,2022-03-24,88035.0,OUTLET PREMIUM CL 514,Consumidor Livre,NORDESTE,43.2,19.818019
,2022-03-25,88035.0,OUTLET PREMIUM CL 514,Consumidor Livre,NORDESTE,43.2,20.697317
,2022-03-26,88035.0,OUTLET PREMIUM CL 514,Consumidor Livre,NORDESTE,43.2,20.922377
,2022-03-27,88035.0,OUTLET PREMIUM CL 514,Consumidor Livre,NORDESTE,43.2,19.933351
,2022-03-28,88035.0,OUTLET PREMIUM CL 514,Consumidor Livre,NORDESTE,43.2,19.887081
,2022-03-29,88035.0,OUTLET PREMIUM CL 514,Consumidor Livre,NORDESTE,43.2,19.753655
,2022-03-30,88035.0,OUTLET PREMIUM CL 514,Consumidor Livre,NORDESTE,43.2,20.199954
,2022-03-31,88035.0,OUTLET PREMIUM CL 514,Consumidor Livre,NORDESTE,43.2,20.086613
,2022-04-01,88035.0,OUTLET PREMIUM CL 514,Consumidor Livre,NORDESTE,43.2,19.532548
,2022-04-02,88035.0,OUTLET PREMIUM CL 514,Consumidor Livre,NORDESTE,43.2,19.767385
,2022-04-03,88035.0,OUTLET PREMIUM CL 514,Consumidor Livre,NORDESTE,43.2,19.799695
,2022-04-04,88035.0,OUTLET PREMIUM CL 514,Consumidor Livre,NORDESTE,43.2,17.577141
,2022-04-05,88035.0,OUTLET PREMIUM CL 514,Consumidor Livre,NORDESTE,43.2,18.423427
,2022-04-06,88035.0,OUTLET PREMIUM CL 514,Consumidor Livre,NORDESTE,43.2,19.310873
,2022-04-07,88035.0,OUTLET PREMIUM CL 514,Consumidor Livre,NORDESTE,43.2,19.1191
,2022-04-08,88035.0,OUTLET PREMIUM CL 514,Consumidor Livre,NORDESTE,43.2,19.456526
,2022-04-09,88035.0,OUTLET PREMIUM CL 514,Consumidor Livre,NORDESTE,43.2,19.903577
,2022-04-10,88035.0,OUTLET PREMIUM CL 514,Consumidor Livre,NORDESTE,43.2,19.599718
,2022-04-11,88035.0,OUTLET PREMIUM CL 514,Consumidor Livre,NORDESTE,43.2,19.802965
,2022-04-12,88035.0,OUTLET PREMIUM CL 514,Consumidor Livre,NORDESTE,43.2,19.792153
,2022-04-13,88035.0,OUTLET PREMIUM CL 514,Consumidor Livre,NORDESTE,43.2,19.303916
,2022-04-14,88035.0,OUTLET PREMIUM CL 514,Consumidor Livre,NORDESTE,43.2,20.309478
,2022-04-15,88035.0,OUTLET PREMIUM CL 514,Consumidor Livre,NORDESTE,43.2,20.547127
,2022-04-16,88035.0,OUTLET PREMIUM CL 514,Consumidor Livre,NORDESTE,43.2,18.366399
,2022-04-17,88035.0,OUTLET PREMIUM CL 514,Consumidor Livre,NORDESTE,43.2,17.05351
,2022-04-18,88035.0,OUTLET PREMIUM CL 514,Consumidor Livre,NORDESTE,43.2,15.630532
,2022-04-19,88035.0,OUTLET PREMIUM CL 514,Consumidor Livre,NORDESTE,43.2,16.808339
,2022-04-20,88035.0,OUTLET PREMIUM CL 514,Consumidor Livre,NORDESTE,43.2,15.67348
,2022-04-21,88035.0,OUTLET PREMIUM CL 514,Consumidor Livre,NORDESTE,43.2,17.770462000000002
,2022-04-22,88035.0,OUTLET PREMIUM CL 514,Consumidor Livre,NORDESTE,43.2,18.640769
,2022-04-23,88035.0,OUTLET PREMIUM CL 514,Consumidor Livre,NORDESTE,43.2,18.174821
,2022-04-24,88035.0,OUTLET PREMIUM CL 514,Consumidor Livre,NORDESTE,43.2,18.746126
,2022-04-25,88035.0,OUTLET PREMIUM CL 514,Consumidor Livre,NORDESTE,43.2,18.843516
,2022-04-26,88035.0,OUTLET PREMIUM CL 514,Consumidor Livre,NORDESTE,43.2,18.337409
,2022-04-27,88035.0,OUTLET PREMIUM CL 514,Consumidor Livre,NORDESTE,43.2,17.784119
,2022-04-28,88035.0,OUTLET PREMIUM CL 514,Consumidor Livre,NORDESTE,43.2,18.890776
,2022-04-29,88035.0,OUTLET PREMIUM CL 514,Consumidor Livre,NORDESTE,43.2,19.323957
,2022-04-30,88035.0,OUTLET PREMIUM CL 514,Consumidor Livre,NORDESTE,43.2,19.142619
,2022-05-01,88035.0,OUTLET PREMIUM CL 514,Consumidor Livre,NORDESTE,43.2,5.96871
,2022-05-02,88035.0,OUTLET PREMIUM CL 514,Consumidor Livre,NORDESTE,43.2,18.662719
,2022-05-03,88035.0,OUTLET PREMIUM CL 514,Consumidor Livre,NORDESTE,43.2,17.796065
,2022-05-04,88035.0,OUTLET PREMIUM CL 514,Consumidor Livre,NORDESTE,43.2,19.33031
,2022-05-05,88035.0,OUTLET PREMIUM CL 514,Consumidor Livre,NORDESTE,43.2,19.649462
,2022-05-06,88035.0,OUTLET PREMIUM CL 514,Consumidor Livre,NORDESTE,43.2,19.178955
,2022-05-07,88035.0,OUTLET PREMIUM CL 514,Consumidor Livre,NORDESTE,43.2,19.699095
,2022-05-08,88035.0,OUTLET PREMIUM CL 514,Consumidor Livre,NORDESTE,43.2,18.883643
,2022-05-09,88035.0,OUTLET PREMIUM CL 514,Consumidor Livre,NORDESTE,43.2,16.589381
,2022-05-10,88035.0,OUTLET PREMIUM CL 514,Consumidor Livre,NORDESTE,43.2,16.596117
,2022-05-11,88035.0,OUTLET PREMIUM CL 514,Consumidor Livre,NORDESTE,43.2,15.947009
,2022-05-12,88035.0,OUTLET PREMIUM CL 514,Consumidor Livre,NORDESTE,43.2,17.774509
,2022-05-13,88035.0,OUTLET PREMIUM CL 514,Consumidor Livre,NORDESTE,43.2,18.630699
,2022-05-14,88035.0,OUTLET PREMIUM CL 514,Consumidor Livre,NORDESTE,43.2,18.969292
,2022-05-15,88035.0,OUTLET PREMIUM CL 514,Consumidor Livre,NORDESTE,43.2,18.140722
,2022-05-16,88035.0,OUTLET PREMIUM CL 514,Consumidor Livre,NORDESTE,43.2,17.701517
,2022-05-17,88035.0,OUTLET PREMIUM CL 514,Consumidor Livre,NORDESTE,43.2,18.847163
,2022-05-18,88035.0,OUTLET PREMIUM CL 514,Consumidor Livre,NORDESTE,43.2,19.397925
,2022-05-19,88035.0,OUTLET PREMIUM CL 514,Consumidor Livre,NORDESTE,43.2,18.108691
,2022-05-20,88035.0,OUTLET PREMIUM CL 514,Consumidor Livre,NORDESTE,43.2,17.009649
,2022-05-21,88035.0,OUTLET PREMIUM CL 514,Consumidor Livre,NORDESTE,43.2,16.917805
,2022-05-22,88035.0,OUTLET PREMIUM CL 514,Consumidor Livre,NORDESTE,43.2,17.588851000000002
,2022-05-23,88035.0,OUTLET PREMIUM CL 514,Consumidor Livre,NORDESTE,43.2,15.611568
,2022-05-24,88035.0,OUTLET PREMIUM CL 514,Consumidor Livre,NORDESTE,43.2,18.362912
,2022-05-25,88035.0,OUTLET PREMIUM CL 514,Consumidor Livre,NORDESTE,43.2,16.732533
,2022-05-26,88035.0,OUTLET PREMIUM CL 514,Consumidor Livre,NORDESTE,43.2,17.937459999999998
,2022-05-27,88035.0,OUTLET PREMIUM CL 514,Consumidor Livre,NORDESTE,43.2,17.771553
,2022-05-28,88035.0,OUTLET PREMIUM CL 514,Consumidor Livre,NORDESTE,43.2,17.611773
,2022-05-29,88035.0,OUTLET PREMIUM CL 514,Consumidor Livre,NORDESTE,43.2,18.056594
,2022-05-30,88035.0,OUTLET PREMIUM CL 514,Consumidor Livre,NORDESTE,43.2,15.278985
,2022-05-31,88035.0,OUTLET PREMIUM CL 514,Consumidor Livre,NORDESTE,43.2,17.672417
,2022-06-01,88035.0,OUTLET PREMIUM CL 514,Consumidor Livre,NORDESTE,43.2,18.60466
,2022-06-02,88035.0,OUTLET PREMIUM CL 514,Consumidor Livre,NORDESTE,43.2,16.705668
,2022-06-03,88035.0,OUTLET PREMIUM CL 514,Consumidor Livre,NORDESTE,43.2,17.696358
,2022-06-04,88035.0,OUTLET PREMIUM CL 514,Consumidor Livre,NORDESTE,43.2,19.2919
,2022-06-05,88035.0,OUTLET PREMIUM CL 514,Consumidor Livre,NORDESTE,43.2,13.837569
,2022-06-06,88035.0,OUTLET PREMIUM CL 514,Consumidor Livre,NORDESTE,43.2,15.205559
,2022-06-07,88035.0,OUTLET PREMIUM CL 514,Consumidor Livre,NORDESTE,43.2,14.928547
,2022-06-08,88035.0,OUTLET PREMIUM CL 514,Consumidor Livre,NORDESTE,43.2,15.563998
,2022-06-09,88035.0,OUTLET PREMIUM CL 514,Consumidor Livre,NORDESTE,43.2,16.666368
,2022-06-10,88035.0,OUTLET PREMIUM CL 514,Consumidor Livre,NORDESTE,43.2,17.359544
,2022-06-11,88035.0,OUTLET PREMIUM CL 514,Consumidor Livre,NORDESTE,43.2,18.417349
,2022-06-12,88035.0,OUTLET PREMIUM CL 514,Consumidor Livre,NORDESTE,43.2,18.299949
,2022-06-13,88035.0,OUTLET PREMIUM CL 514,Consumidor Livre,NORDESTE,43.2,18.825365
,2022-06-14,88035.0,OUTLET PREMIUM CL 514,Consumidor Livre,NORDESTE,43.2,18.454498
,2022-06-15,88035.0,OUTLET PREMIUM CL 514,Consumidor Livre,NORDESTE,43.2,16.334789
,2022-06-16,88035.0,OUTLET PREMIUM CL 514,Consumidor Livre,NORDESTE,43.2,16.545265999999998
,2022-06-17,88035.0,OUTLET PREMIUM CL 514,Consumidor Livre,NORDESTE,43.2,17.161962
,2022-06-18,88035.0,OUTLET PREMIUM CL 514,Consumidor Livre,NORDESTE,43.2,17.315035
,2022-06-19,88035.0,OUTLET PREMIUM CL 514,Consumidor Livre,NORDESTE,43.2,17.161353000000002
,2022-06-20,88035.0,OUTLET PREMIUM CL 514,Consumidor Livre,NORDESTE,43.2,15.664635
,2022-06-21,88035.0,OUTLET PREMIUM CL 514,Consumidor Livre,NORDESTE,43.2,16.379466999999998
,2022-06-22,88035.0,OUTLET PREMIUM CL 514,Consumidor Livre,NORDESTE,43.2,17.015085
,2022-06-23,88035.0,OUTLET PREMIUM CL 514,Consumidor Livre,NORDESTE,43.2,14.155621
,2022-06-24,88035.0,OUTLET PREMIUM CL 514,Consumidor Livre,NORDESTE,43.2,13.306081
,2022-06-25,88035.0,OUTLET PREMIUM CL 514,Consumidor Livre,NORDESTE,43.2,16.512706
,2022-06-26,88035.0,OUTLET PREMIUM CL 514,Consumidor Livre,NORDESTE,43.2,16.129432
,2022-06-27,88035.0,OUTLET PREMIUM CL 514,Consumidor Livre,NORDESTE,43.2,15.386398
,2022-06-28,88035.0,OUTLET PREMIUM CL 514,Consumidor Livre,NORDESTE,43.2,14.83608
,2022-06-29,88035.0,OUTLET PREMIUM CL 514,Consumidor Livre,NORDESTE,43.2,14.874171
,2022-06-30,88035.0,OUTLET PREMIUM CL 514,Consumidor Livre,NORDESTE,43.2,14.660527
,2022-07-01,88035.0,OUTLET PREMIUM CL 514,Consumidor Livre,NORDESTE,43.2,16.111473
,2022-07-02,88035.0,OUTLET PREMIUM CL 514,Consumidor Livre,NORDESTE,43.2,16.346366
,2022-07-03,88035.0,OUTLET PREMIUM CL 514,Consumidor Livre,NORDESTE,43.2,15.753094
,2022-07-04,88035.0,OUTLET PREMIUM CL 514,Consumidor Livre,NORDESTE,43.2,16.617957
,2022-07-05,88035.0,OUTLET PREMIUM CL 514,Consumidor Livre,NORDESTE,43.2,15.341493
,2022-07-06,88035.0,OUTLET PREMIUM CL 514,Consumidor Livre,NORDESTE,43.2,16.063834
,2022-07-07,88035.0,OUTLET PREMIUM CL 514,Consumidor Livre,NORDESTE,43.2,15.891916
,2022-07-08,88035.0,OUTLET PREMIUM CL 514,Consumidor Livre,NORDESTE,43.2,16.283316
,2022-07-09,88035.0,OUTLET PREMIUM CL 514,Consumidor Livre,NORDESTE,43.2,16.399526
,2022-07-10,88035.0,OUTLET PREMIUM CL 514,Consumidor Livre,NORDESTE,43.2,16.576098
,2022-07-11,88035.0,OUTLET PREMIUM CL 514,Consumidor Livre,NORDESTE,43.2,16.074263
,2022-07-12,88035.0,OUTLET PREMIUM CL 514,Consumidor Livre,NORDESTE,43.2,15.312727
,2022-07-13,88035.0,OUTLET PREMIUM CL 514,Consumidor Livre,NORDESTE,43.2,16.578356
,2022-07-14,88035.0,OUTLET PREMIUM CL 514,Consumidor Livre,NORDESTE,43.2,16.389315
,2022-07-15,88035.0,OUTLET PREMIUM CL 514,Consumidor Livre,NORDESTE,43.2,16.164957
,2022-07-16,88035.0,OUTLET PREMIUM CL 514,Consumidor Livre,NORDESTE,43.2,16.284817
,2022-07-17,88035.0,OUTLET PREMIUM CL 514,Consumidor Livre,NORDESTE,43.2,16.656954
,2022-07-18,88035.0,OUTLET PREMIUM CL 514,Consumidor Livre,NORDESTE,43.2,14.539884
,2022-07-19,88035.0,OUTLET PREMIUM CL 514,Consumidor Livre,NORDESTE,43.2,16.026218
,2022-07-20,88035.0,OUTLET PREMIUM CL 514,Consumidor Livre,NORDESTE,43.2,16.142253
,2022-07-21,88035.0,OUTLET PREMIUM CL 514,Consumidor Livre,NORDESTE,43.2,14.981321
,2022-07-22,88035.0,OUTLET PREMIUM CL 514,Consumidor Livre,NORDESTE,43.2,15.618586
,2022-07-23,88035.0,OUTLET PREMIUM CL 514,Consumidor Livre,NORDESTE,43.2,16.083412
,2022-07-24,88035.0,OUTLET PREMIUM CL 514,Consumidor Livre,NORDESTE,43.2,15.293498
,2022-07-25,88035.0,OUTLET PREMIUM CL 514,Consumidor Livre,NORDESTE,43.2,14.007813
,2022-07-26,88035.0,OUTLET PREMIUM CL 514,Consumidor Livre,NORDESTE,43.2,13.953174
,2022-07-27,88035.0,OUTLET PREMIUM CL 514,Consumidor Livre,NORDESTE,43.2,12.912875
,2022-07-28,88035.0,OUTLET PREMIUM CL 514,Consumidor Livre,NORDESTE,43.2,15.483106
,2022-07-29,88035.0,OUTLET PREMIUM CL 514,Consumidor Livre,NORDESTE,43.2,16.434207
,2022-07-30,88035.0,OUTLET PREMIUM CL 514,Consumidor Livre,NORDESTE,43.2,17.968139
,2022-07-31,88035.0,OUTLET PREMIUM CL 514,Consumidor Livre,NORDESTE,43.2,17.199546
,2022-08-01,88035.0,OUTLET PREMIUM CL 514,Consumidor Livre,NORDESTE,43.2,16.831577
,2022-08-02,88035.0,OUTLET PREMIUM CL 514,Consumidor Livre,NORDESTE,43.2,16.810151
,2022-08-03,88035.0,OUTLET PREMIUM CL 514,Consumidor Livre,NORDESTE,43.2,15.843881
,2022-08-04,88035.0,OUTLET PREMIUM CL 514,Consumidor Livre,NORDESTE,43.2,16.305542
,2022-08-05,88035.0,OUTLET PREMIUM CL 514,Consumidor Livre,NORDESTE,43.2,16.492413
,2022-08-06,88035.0,OUTLET PREMIUM CL 514,Consumidor Livre,NORDESTE,43.2,15.638315
,2022-08-07,88035.0,OUTLET PREMIUM CL 514,Consumidor Livre,NORDESTE,43.2,15.664811
,2022-08-08,88035.0,OUTLET PREMIUM CL 514,Consumidor Livre,NORDESTE,43.2,15.65072
,2022-08-09,88035.0,OUTLET PREMIUM CL 514,Consumidor Livre,NORDESTE,43.2,14.856204
,2022-08-10,88035.0,OUTLET PREMIUM CL 514,Consumidor Livre,NORDESTE,43.2,15.381483
,2022-08-11,88035.0,OUTLET PREMIUM CL 514,Consumidor Livre,NORDESTE,43.2,16.937539
,2022-08-12,88035.0,OUTLET PREMIUM CL 514,Consumidor Livre,NORDESTE,43.2,17.061135
,2022-08-13,88035.0,OUTLET PREMIUM CL 514,Consumidor Livre,NORDESTE,43.2,17.566779
,2022-08-14,88035.0,OUTLET PREMIUM CL 514,Consumidor Livre,NORDESTE,43.2,13.509897
,2022-08-15,88035.0,OUTLET PREMIUM CL 514,Consumidor Livre,NORDESTE,43.2,14.675027
,2022-08-16,88035.0,OUTLET PREMIUM CL 514,Consumidor Livre,NORDESTE,43.2,15.324064
,2022-08-17,88035.0,OUTLET PREMIUM CL 514,Consumidor Livre,NORDESTE,43.2,16.437812
,2022-08-18,88035.0,OUTLET PREMIUM CL 514,Consumidor Livre,NORDESTE,43.2,15.270843
,2022-08-19,88035.0,OUTLET PREMIUM CL 514,Consumidor Livre,NORDESTE,43.2,16.166328
,2022-08-20,88035.0,OUTLET PREMIUM CL 514,Consumidor Livre,NORDESTE,43.2,13.601352
,2022-08-21,88035.0,OUTLET PREMIUM CL 514,Consumidor Livre,NORDESTE,43.2,13.919463
,2022-08-22,88035.0,OUTLET PREMIUM CL 514,Consumidor Livre,NORDESTE,43.2,14.144732
,2022-08-23,88035.0,OUTLET PREMIUM CL 514,Consumidor Livre,NORDESTE,43.2,15.272567
,2022-08-24,88035.0,OUTLET PREMIUM CL 514,Consumidor Livre,NORDESTE,43.2,15.535805
,2022-08-25,88035.0,OUTLET PREMIUM CL 514,Consumidor Livre,NORDESTE,43.2,15.928702
,2022-08-26,88035.0,OUTLET PREMIUM CL 514,Consumidor Livre,NORDESTE,43.2,16.28302
,2022-08-27,88035.0,OUTLET PREMIUM CL 514,Consumidor Livre,NORDESTE,43.2,16.95515
,2022-08-28,88035.0,OUTLET PREMIUM CL 514,Consumidor Livre,NORDESTE,43.2,15.480422
,2022-08-29,88035.0,OUTLET PREMIUM CL 514,Consumidor Livre,NORDESTE,43.2,16.32144
,2022-08-30,88035.0,OUTLET PREMIUM CL 514,Consumidor Livre,NORDESTE,43.2,13.479222
,2022-08-31,88035.0,OUTLET PREMIUM CL 514,Consumidor Livre,NORDESTE,43.2,13.338628
,2022-09-01,88035.0,OUTLET PREMIUM CL 514,Consumidor Livre,NORDESTE,43.2,11.693639
,2022-09-02,88035.0,OUTLET PREMIUM CL 514,Consumidor Livre,NORDESTE,43.2,14.323453
,2022-09-03,88035.0,OUTLET PREMIUM CL 514,Consumidor Livre,NORDESTE,43.2,16.618724
,2022-09-04,88035.0,OUTLET PREMIUM CL 514,Consumidor Livre,NORDESTE,43.2,16.210098
,2022-09-05,88035.0,OUTLET PREMIUM CL 514,Consumidor Livre,NORDESTE,43.2,15.892302
,2022-09-06,88035.0,OUTLET PREMIUM CL 514,Consumidor Livre,NORDESTE,43.2,15.644518
,2022-09-07,88035.0,OUTLET PREMIUM CL 514,Consumidor Livre,NORDESTE,43.2,15.483832
,2022-09-08,88035.0,OUTLET PREMIUM CL 514,Consumidor Livre,NORDESTE,43.2,14.450289
,2022-09-09,88035.0,OUTLET PREMIUM CL 514,Consumidor Livre,NORDESTE,43.2,15.638496
,2022-09-10,88035.0,OUTLET PREMIUM CL 514,Consumidor Livre,NORDESTE,43.2,15.859404
,2022-09-11,88035.0,OUTLET PREMIUM CL 514,Consumidor Livre,NORDESTE,43.2,15.997174
,2022-09-12,88035.0,OUTLET PREMIUM CL 514,Consumidor Livre,NORDESTE,43.2,14.062594
,2022-09-13,88035.0,OUTLET PREMIUM CL 514,Consumidor Livre,NORDESTE,43.2,14.765512
,2022-09-14,88035.0,OUTLET PREMIUM CL 514,Consumidor Livre,NORDESTE,43.2,15.611621
,2022-09-15,88035.0,OUTLET PREMIUM CL 514,Consumidor Livre,NORDESTE,43.2,16.841576
,2022-09-16,88035.0,OUTLET PREMIUM CL 514,Consumidor Livre,NORDESTE,43.2,17.677534
,2022-09-17,88035.0,OUTLET PREMIUM CL 514,Consumidor Livre,NORDESTE,43.2,18.022833
,2022-09-18,88035.0,OUTLET PREMIUM CL 514,Consumidor Livre,NORDESTE,43.2,15.616453
,2022-09-19,88035.0,OUTLET PREMIUM CL 514,Consumidor Livre,NORDESTE,43.2,13.271927
,2022-09-20,88035.0,OUTLET PREMIUM CL 514,Consumidor Livre,NORDESTE,43.2,15.493259
,2022-09-21,88035.0,OUTLET PREMIUM CL 514,Consumidor Livre,NORDESTE,43.2,14.927962
,2022-09-22,88035.0,OUTLET PREMIUM CL 514,Consumidor Livre,NORDESTE,43.2,17.191691
,2022-09-23,88035.0,OUTLET PREMIUM CL 514,Consumidor Livre,NORDESTE,43.2,17.365462
,2022-09-24,88035.0,OUTLET PREMIUM CL 514,Consumidor Livre,NORDESTE,43.2,17.527656
,2022-09-25,88035.0,OUTLET PREMIUM CL 514,Consumidor Livre,NORDESTE,43.2,16.535789
,2022-09-26,88035.0,OUTLET PREMIUM CL 514,Consumidor Livre,NORDESTE,43.2,16.460504
,2022-09-27,88035.0,OUTLET PREMIUM CL 514,Consumidor Livre,NORDESTE,43.2,16.162058
,2022-09-28,88035.0,OUTLET PREMIUM CL 514,Consumidor Livre,NORDESTE,43.2,16.708892
,2022-09-29,88035.0,OUTLET PREMIUM CL 514,Consumidor Livre,NORDESTE,43.2,17.378375000000002
,2022-09-30,88035.0,OUTLET PREMIUM CL 514,Consumidor Livre,NORDESTE,43.2,17.243535
,2022-10-01,88035.0,OUTLET PREMIUM CL 514,Consumidor Livre,NORDESTE,43.2,17.968258
,2022-10-02,88035.0,OUTLET PREMIUM CL 514,Consumidor Livre,NORDESTE,43.2,16.882964
,2022-10-03,88035.0,OUTLET PREMIUM CL 514,Consumidor Livre,NORDESTE,43.2,18.194252
,2022-10-04,88035.0,OUTLET PREMIUM CL 514,Consumidor Livre,NORDESTE,43.2,17.280752
,2022-10-05,88035.0,OUTLET PREMIUM CL 514,Consumidor Livre,NORDESTE,43.2,17.28053
,2022-10-06,88035.0,OUTLET PREMIUM CL 514,Consumidor Livre,NORDESTE,43.2,17.887522
,2022-10-07,88035.0,OUTLET PREMIUM CL 514,Consumidor Livre,NORDESTE,43.2,17.674541
,2022-10-08,88035.0,OUTLET PREMIUM CL 514,Consumidor Livre,NORDESTE,43.2,17.580553
,2022-10-09,88035.0,OUTLET PREMIUM CL 514,Consumidor Livre,NORDESTE,43.2,17.657673
,2022-10-10,88035.0,OUTLET PREMIUM CL 514,Consumidor Livre,NORDESTE,43.2,17.943177
,2022-10-11,88035.0,OUTLET PREMIUM CL 514,Consumidor Livre,NORDESTE,43.2,17.677141
,2022-10-12,88035.0,OUTLET PREMIUM CL 514,Consumidor Livre,NORDESTE,43.2,17.329034
,2022-10-13,88035.0,OUTLET PREMIUM CL 514,Consumidor Livre,NORDESTE,43.2,17.304006
,2022-10-14,88035.0,OUTLET PREMIUM CL 514,Consumidor Livre,NORDESTE,43.2,17.574002
,2022-10-15,88035.0,OUTLET PREMIUM CL 514,Consumidor Livre,NORDESTE,43.2,17.820131
,2022-10-16,88035.0,OUTLET PREMIUM CL 514,Consumidor Livre,NORDESTE,43.2,16.889908000000002
,2022-10-17,88035.0,OUTLET PREMIUM CL 514,Consumidor Livre,NORDESTE,43.2,5.607113
,2022-10-18,88035.0,OUTLET PREMIUM CL 514,Consumidor Livre,NORDESTE,43.2,17.266002
,2022-10-19,88035.0,OUTLET PREMIUM CL 514,Consumidor Livre,NORDESTE,43.2,17.55954
,2022-10-20,88035.0,OUTLET PREMIUM CL 514,Consumidor Livre,NORDESTE,43.2,17.888043
,2022-10-21,88035.0,OUTLET PREMIUM CL 514,Consumidor Livre,NORDESTE,43.2,18.035174
,2022-10-22,88035.0,OUTLET PREMIUM CL 514,Consumidor Livre,NORDESTE,43.2,19.1908
,2022-10-23,88035.0,OUTLET PREMIUM CL 514,Consumidor Livre,NORDESTE,43.2,18.565779
,2022-10-24,88035.0,OUTLET PREMIUM CL 514,Consumidor Livre,NORDESTE,43.2,18.57851
,2022-10-25,88035.0,OUTLET PREMIUM CL 514,Consumidor Livre,NORDESTE,43.2,14.310608
,2022-10-26,88035.0,OUTLET PREMIUM CL 514,Consumidor Livre,NORDESTE,43.2,14.583127
,2022-10-27,88035.0,OUTLET PREMIUM CL 514,Consumidor Livre,NORDESTE,43.2,17.074244
,2022-10-28,88035.0,OUTLET PREMIUM CL 514,Consumidor Livre,NORDESTE,43.2,17.40098
,2022-10-29,88035.0,OUTLET PREMIUM CL 514,Consumidor Livre,NORDESTE,43.2,19.111542
,2022-10-30,88035.0,OUTLET PREMIUM CL 514,Consumidor Livre,NORDESTE,43.2,18.082902
,2022-10-31,88035.0,OUTLET PREMIUM CL 514,Consumidor Livre,NORDESTE,43.2,18.985602
,2022-11-01,88035.0,OUTLET PREMIUM CL 514,Consumidor Livre,NORDESTE,43.2,19.668777
,2022-11-02,88035.0,OUTLET PREMIUM CL 514,Consumidor Livre,NORDESTE,43.2,20.240934
,2022-11-03,88035.0,OUTLET PREMIUM CL 514,Consumidor Livre,NORDESTE,43.2,18.41749
,2022-11-04,88035.0,OUTLET PREMIUM CL 514,Consumidor Livre,NORDESTE,43.2,14.599219
,2022-11-05,88035.0,OUTLET PREMIUM CL 514,Consumidor Livre,NORDESTE,43.2,15.082037
,2022-11-06,88035.0,OUTLET PREMIUM CL 514,Consumidor Livre,NORDESTE,43.2,17.446039
,2022-11-07,88035.0,OUTLET PREMIUM CL 514,Consumidor Livre,NORDESTE,43.2,17.566137
,2022-11-08,88035.0,OUTLET PREMIUM CL 514,Consumidor Livre,NORDESTE,43.2,16.782715
,2022-11-09,88035.0,OUTLET PREMIUM CL 514,Consumidor Livre,NORDESTE,43.2,19.202599
,2022-11-10,88035.0,OUTLET PREMIUM CL 514,Consumidor Livre,NORDESTE,43.2,19.562133
,2022-11-11,88035.0,OUTLET PREMIUM CL 514,Consumidor Livre,NORDESTE,43.2,20.130186
,2022-11-12,88035.0,OUTLET PREMIUM CL 514,Consumidor Livre,NORDESTE,43.2,19.837135
,2022-11-13,88035.0,OUTLET PREMIUM CL 514,Consumidor Livre,NORDESTE,43.2,19.459413
,2022-11-14,88035.0,OUTLET PREMIUM CL 514,Consumidor Livre,NORDESTE,43.2,21.46793
,2022-11-15,88035.0,OUTLET PREMIUM CL 514,Consumidor Livre,NORDESTE,43.2,20.023227
,2022-11-16,88035.0,OUTLET PREMIUM CL 514,Consumidor Livre,NORDESTE,43.2,20.240471
,2022-11-17,88035.0,OUTLET PREMIUM CL 514,Consumidor Livre,NORDESTE,43.2,20.5178
,2022-11-18,88035.0,OUTLET PREMIUM CL 514,Consumidor Livre,NORDESTE,43.2,20.24659
,2022-11-19,88035.0,OUTLET PREMIUM CL 514,Consumidor Livre,NORDESTE,43.2,19.58563
,2022-11-20,88035.0,OUTLET PREMIUM CL 514,Consumidor Livre,NORDESTE,43.2,19.849145
,2022-11-21,88035.0,OUTLET PREMIUM CL 514,Consumidor Livre,NORDESTE,43.2,19.34938
,2022-11-22,88035.0,OUTLET PREMIUM CL 514,Consumidor Livre,NORDESTE,43.2,19.337725
,2022-11-23,88035.0,OUTLET PREMIUM CL 514,Consumidor Livre,NORDESTE,43.2,19.642509
,2022-11-24,88035.0,OUTLET PREMIUM CL 514,Consumidor Livre,NORDESTE,43.2,18.366863
,2022-11-25,88035.0,OUTLET PREMIUM CL 514,Consumidor Livre,NORDESTE,43.2,22.269131
,2022-11-26,88035.0,OUTLET PREMIUM CL 514,Consumidor Livre,NORDESTE,43.2,22.627493
,2022-11-27,88035.0,OUTLET PREMIUM CL 514,Consumidor Livre,NORDESTE,43.2,19.300326
,2022-11-28,88035.0,OUTLET PREMIUM CL 514,Consumidor Livre,NORDESTE,43.2,16.120683
,2022-11-29,88035.0,OUTLET PREMIUM CL 514,Consumidor Livre,NORDESTE,43.2,19.301472
,2022-11-30,88035.0,OUTLET PREMIUM CL 514,Consumidor Livre,NORDESTE,43.2,19.380055
,2022-12-01,88035.0,OUTLET PREMIUM CL 514,Consumidor Livre,NORDESTE,43.2,19.780016
,2022-12-02,88035.0,OUTLET PREMIUM CL 514,Consumidor Livre,NORDESTE,43.2,18.516914
,2022-12-03,88035.0,OUTLET PREMIUM CL 514,Consumidor Livre,NORDESTE,43.2,19.510843
,2022-12-04,88035.0,OUTLET PREMIUM CL 514,Consumidor Livre,NORDESTE,43.2,19.417105
,2022-12-05,88035.0,OUTLET PREMIUM CL 514,Consumidor Livre,NORDESTE,43.2,18.534619
,2022-12-06,88035.0,OUTLET PREMIUM CL 514,Consumidor Livre,NORDESTE,43.2,21.518568
,2022-12-07,88035.0,OUTLET PREMIUM CL 514,Consumidor Livre,NORDESTE,43.2,21.979039
,2022-12-08,88035.0,OUTLET PREMIUM CL 514,Consumidor Livre,NORDESTE,43.2,20.925489
,2022-12-09,88035.0,OUTLET PREMIUM CL 514,Consumidor Livre,NORDESTE,43.2,20.593157
,2022-12-10,88035.0,OUTLET PREMIUM CL 514,Consumidor Livre,NORDESTE,43.2,23.070981
,2022-12-11,88035.0,OUTLET PREMIUM CL 514,Consumidor Livre,NORDESTE,43.2,22.164617
,2022-12-12,88035.0,OUTLET PREMIUM CL 514,Consumidor Livre,NORDESTE,43.2,22.014917
,2022-12-13,88035.0,OUTLET PREMIUM CL 514,Consumidor Livre,NORDESTE,43.2,22.061608
,2022-12-14,88035.0,OUTLET PREMIUM CL 514,Consumidor Livre,NORDESTE,43.2,22.469173
,2022-12-15,88035.0,OUTLET PREMIUM CL 514,Consumidor Livre,NORDESTE,43.2,22.288803
,2022-12-16,88035.0,OUTLET PREMIUM CL 514,Consumidor Livre,NORDESTE,43.2,22.992897
,2022-12-17,88035.0,OUTLET PREMIUM CL 514,Consumidor Livre,NORDESTE,43.2,23.275587
,2022-12-18,88035.0,OUTLET PREMIUM CL 514,Consumidor Livre,NORDESTE,43.2,22.794049
,2022-12-19,88035.0,OUTLET PREMIUM CL 514,Consumidor Livre,NORDESTE,43.2,23.487184
,2022-12-20,88035.0,OUTLET PREMIUM CL 514,Consumidor Livre,NORDESTE,43.2,23.892126
,2022-12-21,88035.0,OUTLET PREMIUM CL 514,Consumidor Livre,NORDESTE,43.2,24.221458
,2022-12-22,88035.0,OUTLET PREMIUM CL 514,Consumidor Livre,NORDESTE,43.2,24.877512
,2022-12-23,88035.0,OUTLET PREMIUM CL 514,Consumidor Livre,NORDESTE,43.2,25.004304
,2022-12-24,88035.0,OUTLET PREMIUM CL 514,Consumidor Livre,NORDESTE,43.2,15.933838
,2022-12-25,88035.0,OUTLET PREMIUM CL 514,Consumidor Livre,NORDESTE,43.2,3.365899
,2022-12-26,88035.0,OUTLET PREMIUM CL 514,Consumidor Livre,NORDESTE,43.2,21.876085
,2022-12-27,88035.0,OUTLET PREMIUM CL 514,Consumidor Livre,NORDESTE,43.2,22.405723
,2022-12-28,88035.0,OUTLET PREMIUM CL 514,Consumidor Livre,NORDESTE,43.2,21.767476
,2022-12-29,88035.0,OUTLET PREMIUM CL 514,Consumidor Livre,NORDESTE,43.2,22.810399
,2022-12-30,88035.0,OUTLET PREMIUM CL 514,Consumidor Livre,NORDESTE,43.2,22.633288
,2022-12-31,88035.0,OUTLET PREMIUM CL 514,Consumidor Livre,NORDESTE,43.2,14.473403
,2023-01-01,88035.0,OUTLET PREMIUM CL 514,Consumidor Livre,NORDESTE,43.2,2.933572
,2023-01-02,88035.0,OUTLET PREMIUM CL 514,Consumidor Livre,NORDESTE,43.2,20.823922
,2023-01-03,88035.0,OUTLET PREMIUM CL 514,Consumidor Livre,NORDESTE,43.2,20.009552
,2023-01-04,88035.0,OUTLET PREMIUM CL 514,Consumidor Livre,NORDESTE,43.2,21.343854
,2023-01-05,88035.0,OUTLET PREMIUM CL 514,Consumidor Livre,NORDESTE,43.2,22.236908
,2023-01-06,88035.0,OUTLET PREMIUM CL 514,Consumidor Livre,NORDESTE,43.2,22.27663
,2023-01-07,88035.0,OUTLET PREMIUM CL 514,Consumidor Livre,NORDESTE,43.2,22.119611
,2023-01-08,88035.0,OUTLET PREMIUM CL 514,Consumidor Livre,NORDESTE,43.2,21.542939
,2023-01-09,88035.0,OUTLET PREMIUM CL 514,Consumidor Livre,NORDESTE,43.2,21.494141
,2023-01-10,88035.0,OUTLET PREMIUM CL 514,Consumidor Livre,NORDESTE,43.2,22.146346
,2023-01-11,88035.0,OUTLET PREMIUM CL 514,Consumidor Livre,NORDESTE,43.2,21.91987
,2023-01-12,88035.0,OUTLET PREMIUM CL 514,Consumidor Livre,NORDESTE,43.2,21.337415
,2023-01-13,88035.0,OUTLET PREMIUM CL 514,Consumidor Livre,NORDESTE,43.2,22.513305
,2023-01-14,88035.0,OUTLET PREMIUM CL 514,Consumidor Livre,NORDESTE,43.2,21.522096
,2023-01-15,88035.0,OUTLET PREMIUM CL 514,Consumidor Livre,NORDESTE,43.2,20.962659
,2023-01-16,88035.0,OUTLET PREMIUM CL 514,Consumidor Livre,NORDESTE,43.2,20.111635
,2023-01-17,88035.0,OUTLET PREMIUM CL 514,Consumidor Livre,NORDESTE,43.2,21.376556
,2023-01-18,88035.0,OUTLET PREMIUM CL 514,Consumidor Livre,NORDESTE,43.2,21.704394
,2023-01-19,88035.0,OUTLET PREMIUM CL 514,Consumidor Livre,NORDESTE,43.2,21.833501
,2023-01-20,88035.0,OUTLET PREMIUM CL 514,Consumidor Livre,NORDESTE,43.2,22.051732
,2023-01-21,88035.0,OUTLET PREMIUM CL 514,Consumidor Livre,NORDESTE,43.2,21.779503
,2023-01-22,88035.0,OUTLET PREMIUM CL 514,Consumidor Livre,NORDESTE,43.2,21.284129
,2023-01-23,88035.0,OUTLET PREMIUM CL 514,Consumidor Livre,NORDESTE,43.2,21.545609
,2023-01-24,88035.0,OUTLET PREMIUM CL 514,Consumidor Livre,NORDESTE,43.2,22.000863
,2023-01-25,88035.0,OUTLET PREMIUM CL 514,Consumidor Livre,NORDESTE,43.2,22.057252
,2023-01-26,88035.0,OUTLET PREMIUM CL 514,Consumidor Livre,NORDESTE,43.2,22.232052
,2023-01-27,88035.0,OUTLET PREMIUM CL 514,Consumidor Livre,NORDESTE,43.2,22.637138
,2023-01-28,88035.0,OUTLET PREMIUM CL 514,Consumidor Livre,NORDESTE,43.2,21.924381
,2023-01-29,88035.0,OUTLET PREMIUM CL 514,Consumidor Livre,NORDESTE,43.2,20.464889
,2023-01-30,88035.0,OUTLET PREMIUM CL 514,Consumidor Livre,NORDESTE,43.2,21.529446
,2023-01-31,88035.0,OUTLET PREMIUM CL 514,Consumidor Livre,NORDESTE,43.2,21.916739
,2023-02-01,88035.0,OUTLET PREMIUM CL 514,Consumidor Livre,NORDESTE,43.2,20.884313
,2023-02-02,88035.0,OUTLET PREMIUM CL 514,Consumidor Livre,NORDESTE,43.2,20.918437
,2023-02-03,88035.0,OUTLET PREMIUM CL 514,Consumidor Livre,NORDESTE,43.2,22.134803
,2023-02-04,88035.0,OUTLET PREMIUM CL 514,Consumidor Livre,NORDESTE,43.2,21.798359
,2023-02-05,88035.0,OUTLET PREMIUM CL 514,Consumidor Livre,NORDESTE,43.2,21.323667
,2023-02-06,88035.0,OUTLET PREMIUM CL 514,Consumidor Livre,NORDESTE,43.2,22.139186
,2023-02-07,88035.0,OUTLET PREMIUM CL 514,Consumidor Livre,NORDESTE,43.2,22.018197
,2023-02-08,88035.0,OUTLET PREMIUM CL 514,Consumidor Livre,NORDESTE,43.2,21.366817
,2023-02-09,88035.0,OUTLET PREMIUM CL 514,Consumidor Livre,NORDESTE,43.2,21.211359
,2023-02-10,88035.0,OUTLET PREMIUM CL 514,Consumidor Livre,NORDESTE,43.2,21.987538
,2023-02-11,88035.0,OUTLET PREMIUM CL 514,Consumidor Livre,NORDESTE,43.2,22.122121
,2023-02-12,88035.0,OUTLET PREMIUM CL 514,Consumidor Livre,NORDESTE,43.2,16.664896
,2023-02-13,88035.0,OUTLET PREMIUM CL 514,Consumidor Livre,NORDESTE,43.2,22.031846
,2023-02-14,88035.0,OUTLET PREMIUM CL 514,Consumidor Livre,NORDESTE,43.2,22.719974
,2023-02-15,88035.0,OUTLET PREMIUM CL 514,Consumidor Livre,NORDESTE,43.2,22.155633
,2023-02-16,88035.0,OUTLET PREMIUM CL 514,Consumidor Livre,NORDESTE,43.2,23.445175
,2023-02-17,88035.0,OUTLET PREMIUM CL 514,Consumidor Livre,NORDESTE,43.2,22.880353
,2023-02-18,88035.0,OUTLET PREMIUM CL 514,Consumidor Livre,NORDESTE,43.2,19.720699
,2023-02-19,88035.0,OUTLET PREMIUM CL 514,Consumidor Livre,NORDESTE,43.2,19.668289
,2023-02-20,88035.0,OUTLET PREMIUM CL 514,Consumidor Livre,NORDESTE,43.2,18.498777
,2023-02-21,88035.0,OUTLET PREMIUM CL 514,Consumidor Livre,NORDESTE,43.2,18.791135
,2023-02-22,88035.0,OUTLET PREMIUM CL 514,Consumidor Livre,NORDESTE,43.2,18.33033
,2023-02-23,88035.0,OUTLET PREMIUM CL 514,Consumidor Livre,NORDESTE,43.2,21.010813
,2023-02-24,88035.0,OUTLET PREMIUM CL 514,Consumidor Livre,NORDESTE,43.2,21.017218
,2023-02-25,88035.0,OUTLET PREMIUM CL 514,Consumidor Livre,NORDESTE,43.2,21.515614
,2023-02-26,88035.0,OUTLET PREMIUM CL 514,Consumidor Livre,NORDESTE,43.2,20.157438
,2023-02-27,88035.0,OUTLET PREMIUM CL 514,Consumidor Livre,NORDESTE,43.2,21.311972
,2023-02-28,88035.0,OUTLET PREMIUM CL 514,Consumidor Livre,NORDESTE,43.2,21.364846
,2023-03-01,88035.0,OUTLET PREMIUM CL 514,Consumidor Livre,NORDESTE,43.2,21.688973
,2023-03-02,88035.0,OUTLET PREMIUM CL 514,Consumidor Livre,NORDESTE,43.2,21.358408
,2023-03-03,88035.0,OUTLET PREMIUM CL 514,Consumidor Livre,NORDESTE,43.2,21.717242
,2023-03-04,88035.0,OUTLET PREMIUM CL 514,Consumidor Livre,NORDESTE,43.2,21.912204
,2023-03-05,88035.0,OUTLET PREMIUM CL 514,Consumidor Livre,NORDESTE,43.2,20.919584
,2023-03-06,88035.0,OUTLET PREMIUM CL 514,Consumidor Livre,NORDESTE,43.2,22.505498
,2023-03-07,88035.0,OUTLET PREMIUM CL 514,Consumidor Livre,NORDESTE,43.2,21.788099
,2023-03-08,88035.0,OUTLET PREMIUM CL 514,Consumidor Livre,NORDESTE,43.2,21.063612
,2023-03-09,88035.0,OUTLET PREMIUM CL 514,Consumidor Livre,NORDESTE,43.2,21.50331
,2023-03-10,88035.0,OUTLET PREMIUM CL 514,Consumidor Livre,NORDESTE,43.2,21.395128
,2023-03-11,88035.0,OUTLET PREMIUM CL 514,Consumidor Livre,NORDESTE,43.2,20.95343
,2023-03-12,88035.0,OUTLET PREMIUM CL 514,Consumidor Livre,NORDESTE,43.2,20.093085
,2023-03-13,88035.0,OUTLET PREMIUM CL 514,Consumidor Livre,NORDESTE,43.2,19.697663
,2023-03-14,88035.0,OUTLET PREMIUM CL 514,Consumidor Livre,NORDESTE,43.2,19.942772
,2023-03-15,88035.0,OUTLET PREMIUM CL 514,Consumidor Livre,NORDESTE,43.2,20.438276
,2023-03-16,88035.0,OUTLET PREMIUM CL 514,Consumidor Livre,NORDESTE,43.2,20.882403
,2023-03-17,88035.0,OUTLET PREMIUM CL 514,Consumidor Livre,NORDESTE,43.2,21.773344
,2023-03-18,88035.0,OUTLET PREMIUM CL 514,Consumidor Livre,NORDESTE,43.2,20.391996
,2023-03-19,88035.0,OUTLET PREMIUM CL 514,Consumidor Livre,NORDESTE,43.2,19.551337
,2023-03-20,88035.0,OUTLET PREMIUM CL 514,Consumidor Livre,NORDESTE,43.2,19.387316
,2023-03-21,88035.0,OUTLET PREMIUM CL 514,Consumidor Livre,NORDESTE,43.2,17.978303
,2023-03-22,88035.0,OUTLET PREMIUM CL 514,Consumidor Livre,NORDESTE,43.2,18.753909
,2023-03-23,88035.0,OUTLET PREMIUM CL 514,Consumidor Livre,NORDESTE,43.2,20.992463
,2023-03-24,88035.0,OUTLET PREMIUM CL 514,Consumidor Livre,NORDESTE,43.2,19.611672
,2023-03-25,88035.0,OUTLET PREMIUM CL 514,Consumidor Livre,NORDESTE,43.2,17.872788
,2023-03-26,88035.0,OUTLET PREMIUM CL 514,Consumidor Livre,NORDESTE,43.2,18.702605
,2023-03-27,88035.0,OUTLET PREMIUM CL 514,Consumidor Livre,NORDESTE,43.2,18.253538
,2023-03-28,88035.0,OUTLET PREMIUM CL 514,Consumidor Livre,NORDESTE,43.2,20.43988
,2023-03-29,88035.0,OUTLET PREMIUM CL 514,Consumidor Livre,NORDESTE,43.2,19.807203
,2023-03-30,88035.0,OUTLET PREMIUM CL 514,Consumidor Livre,NORDESTE,43.2,20.281285
,2023-03-31,88035.0,OUTLET PREMIUM CL 514,Consumidor Livre,NORDESTE,43.2,18.850515
,2023-04-01,88035.0,OUTLET PREMIUM CL 514,Consumidor Livre,NORDESTE,43.2,20.3651
,2023-04-02,88035.0,OUTLET PREMIUM CL 514,Consumidor Livre,NORDESTE,43.2,20.120672
,2023-04-03,88035.0,OUTLET PREMIUM CL 514,Consumidor Livre,NORDESTE,43.2,20.664464
,2023-04-04,88035.0,OUTLET PREMIUM CL 514,Consumidor Livre,NORDESTE,43.2,19.672647
,2023-04-05,88035.0,OUTLET PREMIUM CL 514,Consumidor Livre,NORDESTE,43.2,18.853939
,2023-04-06,88035.0,OUTLET PREMIUM CL 514,Consumidor Livre,NORDESTE,43.2,19.398725
,2023-04-07,88035.0,OUTLET PREMIUM CL 514,Consumidor Livre,NORDESTE,43.2,18.917864
,2023-04-08,88035.0,OUTLET PREMIUM CL 514,Consumidor Livre,NORDESTE,43.2,18.57696
,2023-04-09,88035.0,OUTLET PREMIUM CL 514,Consumidor Livre,NORDESTE,43.2,19.485669
,2023-04-10,88035.0,OUTLET PREMIUM CL 514,Consumidor Livre,NORDESTE,43.2,19.604428
,2023-04-11,88035.0,OUTLET PREMIUM CL 514,Consumidor Livre,NORDESTE,43.2,20.414764
,2023-04-12,88035.0,OUTLET PREMIUM CL 514,Consumidor Livre,NORDESTE,43.2,20.913409
,2023-04-13,88035.0,OUTLET PREMIUM CL 514,Consumidor Livre,NORDESTE,43.2,18.948334
,2023-04-14,88035.0,OUTLET PREMIUM CL 514,Consumidor Livre,NORDESTE,43.2,19.681835
,2023-04-15,88035.0,OUTLET PREMIUM CL 514,Consumidor Livre,NORDESTE,43.2,20.042119
,2023-04-16,88035.0,OUTLET PREMIUM CL 514,Consumidor Livre,NORDESTE,43.2,19.715515
,2023-04-17,88035.0,OUTLET PREMIUM CL 514,Consumidor Livre,NORDESTE,43.2,19.956436
,2023-04-18,88035.0,OUTLET PREMIUM CL 514,Consumidor Livre,NORDESTE,43.2,20.190236
,2023-04-19,88035.0,OUTLET PREMIUM CL 514,Consumidor Livre,NORDESTE,43.2,21.372046
,2023-04-20,88035.0,OUTLET PREMIUM CL 514,Consumidor Livre,NORDESTE,43.2,21.632382
,2023-04-21,88035.0,OUTLET PREMIUM CL 514,Consumidor Livre,NORDESTE,43.2,21.17671
,2023-04-22,88035.0,OUTLET PREMIUM CL 514,Consumidor Livre,NORDESTE,43.2,21.381885
,2023-04-23,88035.0,OUTLET PREMIUM CL 514,Consumidor Livre,NORDESTE,43.2,19.621884
,2023-04-24,88035.0,OUTLET PREMIUM CL 514,Consumidor Livre,NORDESTE,43.2,18.997972
,2023-04-25,88035.0,OUTLET PREMIUM CL 514,Consumidor Livre,NORDESTE,43.2,20.374261
,2023-04-26,88035.0,OUTLET PREMIUM CL 514,Consumidor Livre,NORDESTE,43.2,20.257921
,2023-04-27,88035.0,OUTLET PREMIUM CL 514,Consumidor Livre,NORDESTE,43.2,19.63289
,2023-04-28,88035.0,OUTLET PREMIUM CL 514,Consumidor Livre,NORDESTE,43.2,21.211437
,2023-04-29,88035.0,OUTLET PREMIUM CL 514,Consumidor Livre,NORDESTE,43.2,21.291419
,2023-04-30,88035.0,OUTLET PREMIUM CL 514,Consumidor Livre,NORDESTE,43.2,19.500202
,2023-05-01,88035.0,OUTLET PREMIUM CL 514,Consumidor Livre,NORDESTE,43.2,5.752689
,2023-05-02,88035.0,OUTLET PREMIUM CL 514,Consumidor Livre,NORDESTE,43.2,17.751745
,2023-05-03,88035.0,OUTLET PREMIUM CL 514,Consumidor Livre,NORDESTE,43.2,17.766529
,2023-05-04,88035.0,OUTLET PREMIUM CL 514,Consumidor Livre,NORDESTE,43.2,17.798941
,2023-05-05,88035.0,OUTLET PREMIUM CL 514,Consumidor Livre,NORDESTE,43.2,19.305151
,2023-05-06,88035.0,OUTLET PREMIUM CL 514,Consumidor Livre,NORDESTE,43.2,18.900443
,2023-05-07,88035.0,OUTLET PREMIUM CL 514,Consumidor Livre,NORDESTE,43.2,18.2725
,2023-05-08,88035.0,OUTLET PREMIUM CL 514,Consumidor Livre,NORDESTE,43.2,17.673372
,2023-05-09,88035.0,OUTLET PREMIUM CL 514,Consumidor Livre,NORDESTE,43.2,18.641673
,2023-05-10,88035.0,OUTLET PREMIUM CL 514,Consumidor Livre,NORDESTE,43.2,16.720559
,2023-05-11,88035.0,OUTLET PREMIUM CL 514,Consumidor Livre,NORDESTE,43.2,17.086884
,2023-05-12,88035.0,OUTLET PREMIUM CL 514,Consumidor Livre,NORDESTE,43.2,19.439099
,2023-05-13,88035.0,OUTLET PREMIUM CL 514,Consumidor Livre,NORDESTE,43.2,20.106617
,2023-05-14,88035.0,OUTLET PREMIUM CL 514,Consumidor Livre,NORDESTE,43.2,16.510588
,2023-05-15,88035.0,OUTLET PREMIUM CL 514,Consumidor Livre,NORDESTE,43.2,19.274956
,2023-05-16,88035.0,OUTLET PREMIUM CL 514,Consumidor Livre,NORDESTE,43.2,18.940898
,2023-05-17,88035.0,OUTLET PREMIUM CL 514,Consumidor Livre,NORDESTE,43.2,19.084971
,2023-05-18,88035.0,OUTLET PREMIUM CL 514,Consumidor Livre,NORDESTE,43.2,16.296163
,2023-05-19,88035.0,OUTLET PREMIUM CL 514,Consumidor Livre,NORDESTE,43.2,16.953683
,2023-05-20,88035.0,OUTLET PREMIUM CL 514,Consumidor Livre,NORDESTE,43.2,18.035706
,2023-05-21,88035.0,OUTLET PREMIUM CL 514,Consumidor Livre,NORDESTE,43.2,18.010158
,2023-05-22,88035.0,OUTLET PREMIUM CL 514,Consumidor Livre,NORDESTE,43.2,18.627468
,2023-05-23,88035.0,OUTLET PREMIUM CL 514,Consumidor Livre,NORDESTE,43.2,15.537241
,2023-05-24,88035.0,OUTLET PREMIUM CL 514,Consumidor Livre,NORDESTE,43.2,17.361478
,2023-05-25,88035.0,OUTLET PREMIUM CL 514,Consumidor Livre,NORDESTE,43.2,17.786355999999998
,2023-05-26,88035.0,OUTLET PREMIUM CL 514,Consumidor Livre,NORDESTE,43.2,19.501079
,2023-05-27,88035.0,OUTLET PREMIUM CL 514,Consumidor Livre,NORDESTE,43.2,16.956461
,2023-05-28,88035.0,OUTLET PREMIUM CL 514,Consumidor Livre,NORDESTE,43.2,17.898644
,2023-05-29,88035.0,OUTLET PREMIUM CL 514,Consumidor Livre,NORDESTE,43.2,18.616459
,2023-05-30,88035.0,OUTLET PREMIUM CL 514,Consumidor Livre,NORDESTE,43.2,18.712837
,2023-05-31,88035.0,OUTLET PREMIUM CL 514,Consumidor Livre,NORDESTE,43.2,18.945545
,2023-06-01,88035.0,OUTLET PREMIUM CL 514,Consumidor Livre,NORDESTE,43.2,20.713067
,2023-06-02,88035.0,OUTLET PREMIUM CL 514,Consumidor Livre,NORDESTE,43.2,19.290405
,2023-06-03,88035.0,OUTLET PREMIUM CL 514,Consumidor Livre,NORDESTE,43.2,19.713016
,2023-06-04,88035.0,OUTLET PREMIUM CL 514,Consumidor Livre,NORDESTE,43.2,18.046097
,2023-06-05,88035.0,OUTLET PREMIUM CL 514,Consumidor Livre,NORDESTE,43.2,15.732942
,2023-06-06,88035.0,OUTLET PREMIUM CL 514,Consumidor Livre,NORDESTE,43.2,16.166151
,2023-06-07,88035.0,OUTLET PREMIUM CL 514,Consumidor Livre,NORDESTE,43.2,17.17166
,2023-06-08,88035.0,OUTLET PREMIUM CL 514,Consumidor Livre,NORDESTE,43.2,17.592509
,2023-06-09,88035.0,OUTLET PREMIUM CL 514,Consumidor Livre,NORDESTE,43.2,16.657088
,2023-06-10,88035.0,OUTLET PREMIUM CL 514,Consumidor Livre,NORDESTE,43.2,18.294199
,2023-06-11,88035.0,OUTLET PREMIUM CL 514,Consumidor Livre,NORDESTE,43.2,18.585866
,2023-06-12,88035.0,OUTLET PREMIUM CL 514,Consumidor Livre,NORDESTE,43.2,18.376696
,2023-06-13,88035.0,OUTLET PREMIUM CL 514,Consumidor Livre,NORDESTE,43.2,18.371018
,2023-06-14,88035.0,OUTLET PREMIUM CL 514,Consumidor Livre,NORDESTE,43.2,16.565649999999998
,2023-06-15,88035.0,OUTLET PREMIUM CL 514,Consumidor Livre,NORDESTE,43.2,18.327936
,2023-06-16,88035.0,OUTLET PREMIUM CL 514,Consumidor Livre,NORDESTE,43.2,18.299597
,2023-06-17,88035.0,OUTLET PREMIUM CL 514,Consumidor Livre,NORDESTE,43.2,18.865583
,2023-06-18,88035.0,OUTLET PREMIUM CL 514,Consumidor Livre,NORDESTE,43.2,17.128039
,2023-06-19,88035.0,OUTLET PREMIUM CL 514,Consumidor Livre,NORDESTE,43.2,14.934508999999998
,2023-06-20,88035.0,OUTLET PREMIUM CL 514,Consumidor Livre,NORDESTE,43.2,15.425614
,2023-06-21,88035.0,OUTLET PREMIUM CL 514,Consumidor Livre,NORDESTE,43.2,14.47946
,2023-06-22,88035.0,OUTLET PREMIUM CL 514,Consumidor Livre,NORDESTE,43.2,15.709283
,2023-06-23,88035.0,OUTLET PREMIUM CL 514,Consumidor Livre,NORDESTE,43.2,15.066327
,2023-06-24,88035.0,OUTLET PREMIUM CL 514,Consumidor Livre,NORDESTE,43.2,14.0753
,2023-06-25,88035.0,OUTLET PREMIUM CL 514,Consumidor Livre,NORDESTE,43.2,16.390123
,2023-06-26,88035.0,OUTLET PREMIUM CL 514,Consumidor Livre,NORDESTE,43.2,17.018477
,2023-06-27,88035.0,OUTLET PREMIUM CL 514,Consumidor Livre,NORDESTE,43.2,16.849612999999998
,2023-06-28,88035.0,OUTLET PREMIUM CL 514,Consumidor Livre,NORDESTE,43.2,16.622007
,2023-06-29,88035.0,OUTLET PREMIUM CL 514,Consumidor Livre,NORDESTE,43.2,15.376817
,2023-06-30,88035.0,OUTLET PREMIUM CL 514,Consumidor Livre,NORDESTE,43.2,17.448933
,2023-07-01,88035.0,OUTLET PREMIUM CL 514,Consumidor Livre,NORDESTE,43.2,16.604779
,2023-07-02,88035.0,OUTLET PREMIUM CL 514,Consumidor Livre,NORDESTE,43.2,15.479222
,2023-07-03,88035.0,OUTLET PREMIUM CL 514,Consumidor Livre,NORDESTE,43.2,16.048073
,2023-07-04,88035.0,OUTLET PREMIUM CL 514,Consumidor Livre,NORDESTE,43.2,14.703183
,2023-07-05,88035.0,OUTLET PREMIUM CL 514,Consumidor Livre,NORDESTE,43.2,12.930172
,2023-07-06,88035.0,OUTLET PREMIUM CL 514,Consumidor Livre,NORDESTE,43.2,15.031036
,2023-07-07,88035.0,OUTLET PREMIUM CL 514,Consumidor Livre,NORDESTE,43.2,13.607822
,2023-07-08,88035.0,OUTLET PREMIUM CL 514,Consumidor Livre,NORDESTE,43.2,17.144092
,2023-07-09,88035.0,OUTLET PREMIUM CL 514,Consumidor Livre,NORDESTE,43.2,16.733313
,2023-07-10,88035.0,OUTLET PREMIUM CL 514,Consumidor Livre,NORDESTE,43.2,16.437374
,2023-07-11,88035.0,OUTLET PREMIUM CL 514,Consumidor Livre,NORDESTE,43.2,16.451061
,2023-07-12,88035.0,OUTLET PREMIUM CL 514,Consumidor Livre,NORDESTE,43.2,15.236908
,2023-07-13,88035.0,OUTLET PREMIUM CL 514,Consumidor Livre,NORDESTE,43.2,16.06845
,2023-07-14,88035.0,OUTLET PREMIUM CL 514,Consumidor Livre,NORDESTE,43.2,16.284
,2023-07-15,88035.0,OUTLET PREMIUM CL 514,Consumidor Livre,NORDESTE,43.2,17.57623
,2023-07-16,88035.0,OUTLET PREMIUM CL 514,Consumidor Livre,NORDESTE,43.2,16.259598
,2023-07-17,88035.0,OUTLET PREMIUM CL 514,Consumidor Livre,NORDESTE,43.2,16.395317
,2023-07-18,88035.0,OUTLET PREMIUM CL 514,Consumidor Livre,NORDESTE,43.2,17.193117
,2023-07-19,88035.0,OUTLET PREMIUM CL 514,Consumidor Livre,NORDESTE,43.2,16.139720999999998
,2023-07-20,88035.0,OUTLET PREMIUM CL 514,Consumidor Livre,NORDESTE,43.2,16.931678
,2023-07-21,88035.0,OUTLET PREMIUM CL 514,Consumidor Livre,NORDESTE,43.2,16.952328
,2023-07-22,88035.0,OUTLET PREMIUM CL 514,Consumidor Livre,NORDESTE,43.2,16.653327
,2023-07-23,88035.0,OUTLET PREMIUM CL 514,Consumidor Livre,NORDESTE,43.2,16.29834
,2023-07-24,88035.0,OUTLET PREMIUM CL 514,Consumidor Livre,NORDESTE,43.2,16.094155
,2023-07-25,88035.0,OUTLET PREMIUM CL 514,Consumidor Livre,NORDESTE,43.2,16.177725
,2023-07-26,88035.0,OUTLET PREMIUM CL 514,Consumidor Livre,NORDESTE,43.2,16.306045
,2023-07-27,88035.0,OUTLET PREMIUM CL 514,Consumidor Livre,NORDESTE,43.2,15.412029
,2023-07-28,88035.0,OUTLET PREMIUM CL 514,Consumidor Livre,NORDESTE,43.2,15.434884
,2023-07-29,88035.0,OUTLET PREMIUM CL 514,Consumidor Livre,NORDESTE,43.2,16.479712
,2023-07-30,88035.0,OUTLET PREMIUM CL 514,Consumidor Livre,NORDESTE,43.2,16.356809000000002
,2023-07-31,88035.0,OUTLET PREMIUM CL 514,Consumidor Livre,NORDESTE,43.2,15.735859
,2023-08-01,88035.0,OUTLET PREMIUM CL 514,Consumidor Livre,NORDESTE,43.2,15.729647
,2023-08-02,88035.0,OUTLET PREMIUM CL 514,Consumidor Livre,NORDESTE,43.2,15.870059
,2023-08-03,88035.0,OUTLET PREMIUM CL 514,Consumidor Livre,NORDESTE,43.2,15.683584
,2023-08-04,88035.0,OUTLET PREMIUM CL 514,Consumidor Livre,NORDESTE,43.2,15.465136
,2023-08-05,88035.0,OUTLET PREMIUM CL 514,Consumidor Livre,NORDESTE,43.2,16.915626
,2023-08-06,88035.0,OUTLET PREMIUM CL 514,Consumidor Livre,NORDESTE,43.2,16.341586
,2023-08-07,88035.0,OUTLET PREMIUM CL 514,Consumidor Livre,NORDESTE,43.2,16.386153
,2023-08-08,88035.0,OUTLET PREMIUM CL 514,Consumidor Livre,NORDESTE,43.2,16.849683000000002
,2023-08-09,88035.0,OUTLET PREMIUM CL 514,Consumidor Livre,NORDESTE,43.2,16.063563000000002
,2023-08-10,88035.0,OUTLET PREMIUM CL 514,Consumidor Livre,NORDESTE,43.2,15.967345
,2023-08-11,88035.0,OUTLET PREMIUM CL 514,Consumidor Livre,NORDESTE,43.2,16.340489
,2023-08-12,88035.0,OUTLET PREMIUM CL 514,Consumidor Livre,NORDESTE,43.2,17.185046
,2023-08-13,88035.0,OUTLET PREMIUM CL 514,Consumidor Livre,NORDESTE,43.2,15.912358
,2023-08-14,88035.0,OUTLET PREMIUM CL 514,Consumidor Livre,NORDESTE,43.2,16.792886
,2023-08-15,88035.0,OUTLET PREMIUM CL 514,Consumidor Livre,NORDESTE,43.2,10.619968
,2023-08-16,88035.0,OUTLET PREMIUM CL 514,Consumidor Livre,NORDESTE,43.2,15.447941
,2023-08-17,88035.0,OUTLET PREMIUM CL 514,Consumidor Livre,NORDESTE,43.2,15.103741
,2023-08-18,88035.0,OUTLET PREMIUM CL 514,Consumidor Livre,NORDESTE,43.2,16.336289999999998
,2023-08-19,88035.0,OUTLET PREMIUM CL 514,Consumidor Livre,NORDESTE,43.2,16.449543
,2023-08-20,88035.0,OUTLET PREMIUM CL 514,Consumidor Livre,NORDESTE,43.2,17.161801
,2023-08-21,88035.0,OUTLET PREMIUM CL 514,Consumidor Livre,NORDESTE,43.2,17.579864999999998
,2023-08-22,88035.0,OUTLET PREMIUM CL 514,Consumidor Livre,NORDESTE,43.2,17.71591
,2023-08-23,88035.0,OUTLET PREMIUM CL 514,Consumidor Livre,NORDESTE,43.2,17.115562
,2023-08-24,88035.0,OUTLET PREMIUM CL 514,Consumidor Livre,NORDESTE,43.2,17.942504
,2023-08-25,88035.0,OUTLET PREMIUM CL 514,Consumidor Livre,NORDESTE,43.2,17.999049
,2023-08-26,88035.0,OUTLET PREMIUM CL 514,Consumidor Livre,NORDESTE,43.2,18.096789
,2023-08-27,88035.0,OUTLET PREMIUM CL 514,Consumidor Livre,NORDESTE,43.2,17.872679
,2023-08-28,88035.0,OUTLET PREMIUM CL 514,Consumidor Livre,NORDESTE,43.2,17.652767
,2023-08-29,88035.0,OUTLET PREMIUM CL 514,Consumidor Livre,NORDESTE,43.2,17.481191
,2023-08-30,88035.0,OUTLET PREMIUM CL 514,Consumidor Livre,NORDESTE,43.2,17.472048
,2023-08-31,88035.0,OUTLET PREMIUM CL 514,Consumidor Livre,NORDESTE,43.2,17.41083
,2023-09-01,88035.0,OUTLET PREMIUM CL 514,Consumidor Livre,NORDESTE,43.2,17.288414
,2023-09-02,88035.0,OUTLET PREMIUM CL 514,Consumidor Livre,NORDESTE,43.2,17.926926
,2023-09-03,88035.0,OUTLET PREMIUM CL 514,Consumidor Livre,NORDESTE,43.2,15.899894
,2023-09-04,88035.0,OUTLET PREMIUM CL 514,Consumidor Livre,NORDESTE,43.2,15.946398
,2023-09-05,88035.0,OUTLET PREMIUM CL 514,Consumidor Livre,NORDESTE,43.2,16.445826
,2023-09-06,88035.0,OUTLET PREMIUM CL 514,Consumidor Livre,NORDESTE,43.2,15.337005
,2023-09-07,88035.0,OUTLET PREMIUM CL 514,Consumidor Livre,NORDESTE,43.2,16.641821
,2023-09-08,88035.0,OUTLET PREMIUM CL 514,Consumidor Livre,NORDESTE,43.2,16.364902999999998
,2023-09-09,88035.0,OUTLET PREMIUM CL 514,Consumidor Livre,NORDESTE,43.2,17.385438999999998
,2023-09-10,88035.0,OUTLET PREMIUM CL 514,Consumidor Livre,NORDESTE,43.2,8.1714
,2023-09-11,88035.0,OUTLET PREMIUM CL 514,Consumidor Livre,NORDESTE,43.2,16.329976
,2023-09-12,88035.0,OUTLET PREMIUM CL 514,Consumidor Livre,NORDESTE,43.2,16.640548
,2023-09-13,88035.0,OUTLET PREMIUM CL 514,Consumidor Livre,NORDESTE,43.2,16.753209000000002
,2023-09-14,88035.0,OUTLET PREMIUM CL 514,Consumidor Livre,NORDESTE,43.2,17.493139
,2023-09-15,88035.0,OUTLET PREMIUM CL 514,Consumidor Livre,NORDESTE,43.2,18.109275
,2023-09-16,88035.0,OUTLET PREMIUM CL 514,Consumidor Livre,NORDESTE,43.2,18.922148
,2023-09-17,88035.0,OUTLET PREMIUM CL 514,Consumidor Livre,NORDESTE,43.2,17.920837
,2023-09-18,88035.0,OUTLET PREMIUM CL 514,Consumidor Livre,NORDESTE,43.2,17.532013
,2023-09-19,88035.0,OUTLET PREMIUM CL 514,Consumidor Livre,NORDESTE,43.2,17.670846
,2023-09-20,88035.0,OUTLET PREMIUM CL 514,Consumidor Livre,NORDESTE,43.2,17.204034
,2023-09-21,88035.0,OUTLET PREMIUM CL 514,Consumidor Livre,NORDESTE,43.2,16.857995
,2023-09-22,88035.0,OUTLET PREMIUM CL 514,Consumidor Livre,NORDESTE,43.2,18.135301
,2023-09-23,88035.0,OUTLET PREMIUM CL 514,Consumidor Livre,NORDESTE,43.2,18.872696
,2023-09-24,88035.0,OUTLET PREMIUM CL 514,Consumidor Livre,NORDESTE,43.2,18.527824
,2023-09-25,88035.0,OUTLET PREMIUM CL 514,Consumidor Livre,NORDESTE,43.2,19.310116
,2023-09-26,88035.0,OUTLET PREMIUM CL 514,Consumidor Livre,NORDESTE,43.2,19.368618
,2023-09-27,88035.0,OUTLET PREMIUM CL 514,Consumidor Livre,NORDESTE,43.2,19.017969
,2023-09-28,88035.0,OUTLET PREMIUM CL 514,Consumidor Livre,NORDESTE,43.2,19.184963
,2023-09-29,88035.0,OUTLET PREMIUM CL 514,Consumidor Livre,NORDESTE,43.2,19.236876
,2023-09-30,88035.0,OUTLET PREMIUM CL 514,Consumidor Livre,NORDESTE,43.2,18.469267
,2023-10-01,88035.0,OUTLET PREMIUM CL 514,Consumidor Livre,NORDESTE,43.2,16.760828
,2023-10-02,88035.0,OUTLET PREMIUM CL 514,Consumidor Livre,NORDESTE,43.2,18.263841
,2023-10-03,88035.0,OUTLET PREMIUM CL 514,Consumidor Livre,NORDESTE,43.2,19.177173
,2023-10-04,88035.0,OUTLET PREMIUM CL 514,Consumidor Livre,NORDESTE,43.2,19.214181
,2023-10-05,88035.0,OUTLET PREMIUM CL 514,Consumidor Livre,NORDESTE,43.2,19.449736
,2023-10-06,88035.0,OUTLET PREMIUM CL 514,Consumidor Livre,NORDESTE,43.2,19.760331
,2023-10-07,88035.0,OUTLET PREMIUM CL 514,Consumidor Livre,NORDESTE,43.2,19.79751
,2023-10-08,88035.0,OUTLET PREMIUM CL 514,Consumidor Livre,NORDESTE,43.2,18.783378
,2023-10-09,88035.0,OUTLET PREMIUM CL 514,Consumidor Livre,NORDESTE,43.2,19.571781
,2023-10-10,88035.0,OUTLET PREMIUM CL 514,Consumidor Livre,NORDESTE,43.2,19.537191
,2023-10-11,88035.0,OUTLET PREMIUM CL 514,Consumidor Livre,NORDESTE,43.2,18.189841
,2023-10-12,88035.0,OUTLET PREMIUM CL 514,Consumidor Livre,NORDESTE,43.2,18.495378
,2023-10-13,88035.0,OUTLET PREMIUM CL 514,Consumidor Livre,NORDESTE,43.2,19.72149
,2023-10-14,88035.0,OUTLET PREMIUM CL 514,Consumidor Livre,NORDESTE,43.2,19.785507
,2023-10-15,88035.0,OUTLET PREMIUM CL 514,Consumidor Livre,NORDESTE,43.2,18.673331
,2023-10-16,88035.0,OUTLET PREMIUM CL 514,Consumidor Livre,NORDESTE,43.2,5.037963
,2023-10-17,88035.0,OUTLET PREMIUM CL 514,Consumidor Livre,NORDESTE,43.2,18.671517
,2023-10-18,88035.0,OUTLET PREMIUM CL 514,Consumidor Livre,NORDESTE,43.2,18.082399
,2023-10-19,88035.0,OUTLET PREMIUM CL 514,Consumidor Livre,NORDESTE,43.2,18.59145
,2023-10-20,88035.0,OUTLET PREMIUM CL 514,Consumidor Livre,NORDESTE,43.2,18.89255
,2023-10-21,88035.0,OUTLET PREMIUM CL 514,Consumidor Livre,NORDESTE,43.2,18.730284
,2023-10-22,88035.0,OUTLET PREMIUM CL 514,Consumidor Livre,NORDESTE,43.2,18.604211
,2023-10-23,88035.0,OUTLET PREMIUM CL 514,Consumidor Livre,NORDESTE,43.2,18.452105
,2023-10-24,88035.0,OUTLET PREMIUM CL 514,Consumidor Livre,NORDESTE,43.2,19.92966
,2023-10-25,88035.0,OUTLET PREMIUM CL 514,Consumidor Livre,NORDESTE,43.2,20.352703
,2023-10-26,88035.0,OUTLET PREMIUM CL 514,Consumidor Livre,NORDESTE,43.2,20.641754
,2023-10-27,88035.0,OUTLET PREMIUM CL 514,Consumidor Livre,NORDESTE,43.2,21.230932
,2023-10-28,88035.0,OUTLET PREMIUM CL 514,Consumidor Livre,NORDESTE,43.2,20.659492
,2023-10-29,88035.0,OUTLET PREMIUM CL 514,Consumidor Livre,NORDESTE,43.2,19.473322
,2023-10-30,88035.0,OUTLET PREMIUM CL 514,Consumidor Livre,NORDESTE,43.2,19.478942
,2023-10-31,88035.0,OUTLET PREMIUM CL 514,Consumidor Livre,NORDESTE,43.2,15.555479
,2023-11-01,88035.0,OUTLET PREMIUM CL 514,Consumidor Livre,NORDESTE,43.2,19.925376
,2023-11-02,88035.0,OUTLET PREMIUM CL 514,Consumidor Livre,NORDESTE,43.2,20.549185
,2023-11-03,88035.0,OUTLET PREMIUM CL 514,Consumidor Livre,NORDESTE,43.2,20.950751
,2023-11-04,88035.0,OUTLET PREMIUM CL 514,Consumidor Livre,NORDESTE,43.2,21.247134
,2023-11-05,88035.0,OUTLET PREMIUM CL 514,Consumidor Livre,NORDESTE,43.2,20.79565
,2023-11-06,88035.0,OUTLET PREMIUM CL 514,Consumidor Livre,NORDESTE,43.2,20.176026
,2023-11-07,88035.0,OUTLET PREMIUM CL 514,Consumidor Livre,NORDESTE,43.2,18.041866
,2023-11-08,88035.0,OUTLET PREMIUM CL 514,Consumidor Livre,NORDESTE,43.2,17.743897
,2023-11-09,88035.0,OUTLET PREMIUM CL 514,Consumidor Livre,NORDESTE,43.2,18.243548
,2023-11-10,88035.0,OUTLET PREMIUM CL 514,Consumidor Livre,NORDESTE,43.2,19.277513
,2023-11-11,88035.0,OUTLET PREMIUM CL 514,Consumidor Livre,NORDESTE,43.2,20.017006
,2023-11-12,88035.0,OUTLET PREMIUM CL 514,Consumidor Livre,NORDESTE,43.2,18.686197
,2023-11-13,88035.0,OUTLET PREMIUM CL 514,Consumidor Livre,NORDESTE,43.2,18.682472
,2023-11-14,88035.0,OUTLET PREMIUM CL 514,Consumidor Livre,NORDESTE,43.2,19.442162
,2023-11-15,88035.0,OUTLET PREMIUM CL 514,Consumidor Livre,NORDESTE,43.2,19.612973
,2023-11-16,88035.0,OUTLET PREMIUM CL 514,Consumidor Livre,NORDESTE,43.2,19.022498
,2023-11-17,88035.0,OUTLET PREMIUM CL 514,Consumidor Livre,NORDESTE,43.2,19.684582
,2023-11-18,88035.0,OUTLET PREMIUM CL 514,Consumidor Livre,NORDESTE,43.2,20.026978
,2023-11-19,88035.0,OUTLET PREMIUM CL 514,Consumidor Livre,NORDESTE,43.2,20.268377
,2023-11-20,88035.0,OUTLET PREMIUM CL 514,Consumidor Livre,NORDESTE,43.2,20.573767
,2023-11-21,88035.0,OUTLET PREMIUM CL 514,Consumidor Livre,NORDESTE,43.2,20.011243
,2023-11-22,88035.0,OUTLET PREMIUM CL 514,Consumidor Livre,NORDESTE,43.2,17.303972
,2023-11-23,88035.0,OUTLET PREMIUM CL 514,Consumidor Livre,NORDESTE,43.2,20.710572
,2023-11-24,88035.0,OUTLET PREMIUM CL 514,Consumidor Livre,NORDESTE,43.2,23.203547
,2023-11-25,88035.0,OUTLET PREMIUM CL 514,Consumidor Livre,NORDESTE,43.2,23.271642
,2023-11-26,88035.0,OUTLET PREMIUM CL 514,Consumidor Livre,NORDESTE,43.2,22.61193
,2023-11-27,88035.0,OUTLET PREMIUM CL 514,Consumidor Livre,NORDESTE,43.2,20.845153
,2023-11-28,88035.0,OUTLET PREMIUM CL 514,Consumidor Livre,NORDESTE,43.2,20.959572
,2023-11-29,88035.0,OUTLET PREMIUM CL 514,Consumidor Livre,NORDESTE,43.2,20.228912
,2023-11-30,88035.0,OUTLET PREMIUM CL 514,Consumidor Livre,NORDESTE,43.2,20.592059
,2023-12-01,88035.0,OUTLET PREMIUM CL 514,Consumidor Livre,NORDESTE,43.2,21.337451
,2023-12-02,88035.0,OUTLET PREMIUM CL 514,Consumidor Livre,NORDESTE,43.2,21.453389
,2023-12-03,88035.0,OUTLET PREMIUM CL 514,Consumidor Livre,NORDESTE,43.2,20.595601
,2023-12-04,88035.0,OUTLET PREMIUM CL 514,Consumidor Livre,NORDESTE,43.2,20.90464
,2023-12-05,88035.0,OUTLET PREMIUM CL 514,Consumidor Livre,NORDESTE,43.2,21.018835
,2023-12-06,88035.0,OUTLET PREMIUM CL 514,Consumidor Livre,NORDESTE,43.2,20.090789
,2023-12-07,88035.0,OUTLET PREMIUM CL 514,Consumidor Livre,NORDESTE,43.2,20.180494
,2023-12-08,88035.0,OUTLET PREMIUM CL 514,Consumidor Livre,NORDESTE,43.2,20.852449
,2023-12-09,88035.0,OUTLET PREMIUM CL 514,Consumidor Livre,NORDESTE,43.2,22.028249
,2023-12-10,88035.0,OUTLET PREMIUM CL 514,Consumidor Livre,NORDESTE,43.2,20.167879
,2023-12-11,88035.0,OUTLET PREMIUM CL 514,Consumidor Livre,NORDESTE,43.2,21.241608
,2023-12-12,88035.0,OUTLET PREMIUM CL 514,Consumidor Livre,NORDESTE,43.2,21.337047
,2023-12-13,88035.0,OUTLET PREMIUM CL 514,Consumidor Livre,NORDESTE,43.2,21.28777
,2023-12-14,88035.0,OUTLET PREMIUM CL 514,Consumidor Livre,NORDESTE,43.2,20.555201
,2023-12-15,88035.0,OUTLET PREMIUM CL 514,Consumidor Livre,NORDESTE,43.2,21.092102
,2023-12-16,88035.0,OUTLET PREMIUM CL 514,Consumidor Livre,NORDESTE,43.2,22.352143
,2023-12-17,88035.0,OUTLET PREMIUM CL 514,Consumidor Livre,NORDESTE,43.2,22.379132
,2023-12-18,88035.0,OUTLET PREMIUM CL 514,Consumidor Livre,NORDESTE,43.2,22.252277
,2023-12-19,88035.0,OUTLET PREMIUM CL 514,Consumidor Livre,NORDESTE,43.2,23.820574
,2023-12-20,88035.0,OUTLET PREMIUM CL 514,Consumidor Livre,NORDESTE,43.2,20.131519
,2023-12-21,88035.0,OUTLET PREMIUM CL 514,Consumidor Livre,NORDESTE,43.2,18.637768
,2023-12-22,88035.0,OUTLET PREMIUM CL 514,Consumidor Livre,NORDESTE,43.2,21.651053
,2023-12-23,88035.0,OUTLET PREMIUM CL 514,Consumidor Livre,NORDESTE,43.2,22.529798
,2023-12-24,88035.0,OUTLET PREMIUM CL 514,Consumidor Livre,NORDESTE,43.2,15.183776
,2023-12-25,88035.0,OUTLET PREMIUM CL 514,Consumidor Livre,NORDESTE,43.2,3.355938
,2023-12-26,88035.0,OUTLET PREMIUM CL 514,Consumidor Livre,NORDESTE,43.2,21.824096
,2023-12-27,88035.0,OUTLET PREMIUM CL 514,Consumidor Livre,NORDESTE,43.2,21.71844
,2023-12-28,88035.0,OUTLET PREMIUM CL 514,Consumidor Livre,NORDESTE,43.2,22.695361
,2023-12-29,88035.0,OUTLET PREMIUM CL 514,Consumidor Livre,NORDESTE,43.2,22.571181
,2023-12-30,88035.0,OUTLET PREMIUM CL 514,Consumidor Livre,NORDESTE,43.2,22.534175
,2023-12-31,88035.0,OUTLET PREMIUM CL 514,Consumidor Livre,NORDESTE,43.2,16.160327
,2024-01-01,88035.0,OUTLET PREMIUM CL 514,Consumidor Livre,NORDESTE,43.2,3.985864
,2024-01-02,88035.0,OUTLET PREMIUM CL 514,Consumidor Livre,NORDESTE,43.2,20.75379
,2024-01-03,88035.0,OUTLET PREMIUM CL 514,Consumidor Livre,NORDESTE,43.2,21.195843
,2024-01-04,88035.0,OUTLET PREMIUM CL 514,Consumidor Livre,NORDESTE,43.2,21.2441
,2024-01-05,88035.0,OUTLET PREMIUM CL 514,Consumidor Livre,NORDESTE,43.2,21.547298
,2024-01-06,88035.0,OUTLET PREMIUM CL 514,Consumidor Livre,NORDESTE,43.2,21.41033
,2024-01-07,88035.0,OUTLET PREMIUM CL 514,Consumidor Livre,NORDESTE,43.2,20.551633
,2024-01-08,88035.0,OUTLET PREMIUM CL 514,Consumidor Livre,NORDESTE,43.2,21.200826
,2024-01-09,88035.0,OUTLET PREMIUM CL 514,Consumidor Livre,NORDESTE,43.2,20.23038
,2024-01-10,88035.0,OUTLET PREMIUM CL 514,Consumidor Livre,NORDESTE,43.2,20.670352
,2024-01-11,88035.0,OUTLET PREMIUM CL 514,Consumidor Livre,NORDESTE,43.2,20.346109
,2024-01-12,88035.0,OUTLET PREMIUM CL 514,Consumidor Livre,NORDESTE,43.2,21.087482
,2024-01-13,88035.0,OUTLET PREMIUM CL 514,Consumidor Livre,NORDESTE,43.2,21.333142
,2024-01-14,88035.0,OUTLET PREMIUM CL 514,Consumidor Livre,NORDESTE,43.2,21.108013
,2024-01-15,88035.0,OUTLET PREMIUM CL 514,Consumidor Livre,NORDESTE,43.2,20.478354
,2024-01-16,88035.0,OUTLET PREMIUM CL 514,Consumidor Livre,NORDESTE,43.2,20.493598
,2024-01-17,88035.0,OUTLET PREMIUM CL 514,Consumidor Livre,NORDESTE,43.2,21.138486
,2024-01-18,88035.0,OUTLET PREMIUM CL 514,Consumidor Livre,NORDESTE,43.2,21.728121
,2024-01-19,88035.0,OUTLET PREMIUM CL 514,Consumidor Livre,NORDESTE,43.2,21.558622
,2024-01-20,88035.0,OUTLET PREMIUM CL 514,Consumidor Livre,NORDESTE,43.2,22.750018
,2024-01-21,88035.0,OUTLET PREMIUM CL 514,Consumidor Livre,NORDESTE,43.2,21.231474
,2024-01-22,88035.0,OUTLET PREMIUM CL 514,Consumidor Livre,NORDESTE,43.2,21.62302
,2024-01-23,88035.0,OUTLET PREMIUM CL 514,Consumidor Livre,NORDESTE,43.2,19.431962
,2024-01-24,88035.0,OUTLET PREMIUM CL 514,Consumidor Livre,NORDESTE,43.2,18.531498
,2024-01-25,88035.0,OUTLET PREMIUM CL 514,Consumidor Livre,NORDESTE,43.2,19.400311
,2024-01-26,88035.0,OUTLET PREMIUM CL 514,Consumidor Livre,NORDESTE,43.2,20.233939
,2024-01-27,88035.0,OUTLET PREMIUM CL 514,Consumidor Livre,NORDESTE,43.2,18.809276
,2024-01-28,88035.0,OUTLET PREMIUM CL 514,Consumidor Livre,NORDESTE,43.2,19.861676
,2024-01-29,88035.0,OUTLET PREMIUM CL 514,Consumidor Livre,NORDESTE,43.2,20.507949
,2024-01-30,88035.0,OUTLET PREMIUM CL 514,Consumidor Livre,NORDESTE,43.2,20.687572
,2024-01-31,88035.0,OUTLET PREMIUM CL 514,Consumidor Livre,NORDESTE,43.2,20.515106
,2024-02-01,88035.0,OUTLET PREMIUM CL 514,Consumidor Livre,NORDESTE,43.2,20.552457
,2024-02-02,88035.0,OUTLET PREMIUM CL 514,Consumidor Livre,NORDESTE,43.2,20.946646
,2024-02-03,88035.0,OUTLET PREMIUM CL 514,Consumidor Livre,NORDESTE,43.2,21.251457
,2024-02-04,88035.0,OUTLET PREMIUM CL 514,Consumidor Livre,NORDESTE,43.2,20.900547
,2024-02-05,88035.0,OUTLET PREMIUM CL 514,Consumidor Livre,NORDESTE,43.2,21.336303
,2024-02-06,88035.0,OUTLET PREMIUM CL 514,Consumidor Livre,NORDESTE,43.2,20.51146
,2024-02-07,88035.0,OUTLET PREMIUM CL 514,Consumidor Livre,NORDESTE,43.2,21.599071
,2024-02-08,88035.0,OUTLET PREMIUM CL 514,Consumidor Livre,NORDESTE,43.2,21.421083
,2024-02-09,88035.0,OUTLET PREMIUM CL 514,Consumidor Livre,NORDESTE,43.2,19.846925
,2024-02-10,88035.0,OUTLET PREMIUM CL 514,Consumidor Livre,NORDESTE,43.2,19.694353
,2024-02-11,88035.0,OUTLET PREMIUM CL 514,Consumidor Livre,NORDESTE,43.2,4.689829
,2024-02-12,88035.0,OUTLET PREMIUM CL 514,Consumidor Livre,NORDESTE,43.2,19.484465
,2024-02-13,88035.0,OUTLET PREMIUM CL 514,Consumidor Livre,NORDESTE,43.2,19.605656
,2024-02-14,88035.0,OUTLET PREMIUM CL 514,Consumidor Livre,NORDESTE,43.2,16.856214
,2024-02-15,88035.0,OUTLET PREMIUM CL 514,Consumidor Livre,NORDESTE,43.2,21.370983
,2024-02-16,88035.0,OUTLET PREMIUM CL 514,Consumidor Livre,NORDESTE,43.2,21.492891
,2024-02-17,88035.0,OUTLET PREMIUM CL 514,Consumidor Livre,NORDESTE,43.2,22.113421
,2024-02-18,88035.0,OUTLET PREMIUM CL 514,Consumidor Livre,NORDESTE,43.2,19.73724
,2024-02-19,88035.0,OUTLET PREMIUM CL 514,Consumidor Livre,NORDESTE,43.2,20.816474
,2024-02-20,88035.0,OUTLET PREMIUM CL 514,Consumidor Livre,NORDESTE,43.2,19.112024
,2024-02-21,88035.0,OUTLET PREMIUM CL 514,Consumidor Livre,NORDESTE,43.2,19.805225
,2024-02-22,88035.0,OUTLET PREMIUM CL 514,Consumidor Livre,NORDESTE,43.2,18.83718
,2024-02-23,88035.0,OUTLET PREMIUM CL 514,Consumidor Livre,NORDESTE,43.2,20.142013
,2024-02-24,88035.0,OUTLET PREMIUM CL 514,Consumidor Livre,NORDESTE,43.2,19.783973
,2024-02-25,88035.0,OUTLET PREMIUM CL 514,Consumidor Livre,NORDESTE,43.2,20.611657
,2024-02-26,88035.0,OUTLET PREMIUM CL 514,Consumidor Livre,NORDESTE,43.2,20.706675
,2024-02-27,88035.0,OUTLET PREMIUM CL 514,Consumidor Livre,NORDESTE,43.2,20.904235
,2024-02-28,88035.0,OUTLET PREMIUM CL 514,Consumidor Livre,NORDESTE,43.2,21.632352
,2024-02-29,88035.0,OUTLET PREMIUM CL 514,Consumidor Livre,NORDESTE,43.2,21.9098
202403.0,2024-03-01,88035.0,OUTLET PREMIUM CL 514,Consumidor Livre,NORDESTE,43.2,21.967247
202403.0,2024-03-01,88035.0,OUTLET PREMIUM CL 514,Consumidor Livre,NORDESTE,43.2,21.967247
,2024-03-01,,OUTLET PREMIUM CL 514,,,43.2,21.967247
202403.0,2024-03-02,88035.0,OUTLET PREMIUM CL 514,Consumidor Livre,NORDESTE,43.2,22.299103
202403.0,2024-03-02,88035.0,OUTLET PREMIUM CL 514,Consumidor Livre,NORDESTE,43.2,22.299103
,2024-03-02,,OUTLET PREMIUM CL 514,,,43.2,22.299103
202403.0,2024-03-03,88035.0,OUTLET PREMIUM CL 514,Consumidor Livre,NORDESTE,43.2,21.19978
202403.0,2024-03-03,88035.0,OUTLET PREMIUM CL 514,Consumidor Livre,NORDESTE,43.2,21.19978
,2024-03-03,,OUTLET PREMIUM CL 514,,,43.2,21.19978
202403.0,2024-03-04,88035.0,OUTLET PREMIUM CL 514,Consumidor Livre,NORDESTE,43.2,20.210861
202403.0,2024-03-04,88035.0,OUTLET PREMIUM CL 514,Consumidor Livre,NORDESTE,43.2,20.210861
,2024-03-04,,OUTLET PREMIUM CL 514,,,43.2,20.210861
202403.0,2024-03-05,88035.0,OUTLET PREMIUM CL 514,Consumidor Livre,NORDESTE,43.2,20.562471
202403.0,2024-03-05,88035.0,OUTLET PREMIUM CL 514,Consumidor Livre,NORDESTE,43.2,20.562471
,2024-03-05,,OUTLET PREMIUM CL 514,,,43.2,20.562471
202403.0,2024-03-06,88035.0,OUTLET PREMIUM CL 514,Consumidor Livre,NORDESTE,43.2,21.554878
202403.0,2024-03-06,88035.0,OUTLET PREMIUM CL 514,Consumidor Livre,NORDESTE,43.2,21.554878
,2024-03-06,,OUTLET PREMIUM CL 514,,,43.2,21.554878
202403.0,2024-03-07,88035.0,OUTLET PREMIUM CL 514,Consumidor Livre,NORDESTE,43.2,21.221264
202403.0,2024-03-07,88035.0,OUTLET PREMIUM CL 514,Consumidor Livre,NORDESTE,43.2,21.221264
,2024-03-07,,OUTLET PREMIUM CL 514,,,43.2,21.221264
202403.0,2024-03-08,88035.0,OUTLET PREMIUM CL 514,Consumidor Livre,NORDESTE,43.2,21.56593
202403.0,2024-03-08,88035.0,OUTLET PREMIUM CL 514,Consumidor Livre,NORDESTE,43.2,21.56593
,2024-03-08,,OUTLET PREMIUM CL 514,,,43.2,21.56593
202403.0,2024-03-09,88035.0,OUTLET PREMIUM CL 514,Consumidor Livre,NORDESTE,43.2,21.270246
202403.0,2024-03-09,88035.0,OUTLET PREMIUM CL 514,Consumidor Livre,NORDESTE,43.2,21.270246
,2024-03-09,,OUTLET PREMIUM CL 514,,,43.2,21.270246
202403.0,2024-03-10,88035.0,OUTLET PREMIUM CL 514,Consumidor Livre,NORDESTE,43.2,21.010197
202403.0,2024-03-10,88035.0,OUTLET PREMIUM CL 514,Consumidor Livre,NORDESTE,43.2,21.010197
,2024-03-10,,OUTLET PREMIUM CL 514,,,43.2,21.010197
202403.0,2024-03-11,88035.0,OUTLET PREMIUM CL 514,Consumidor Livre,NORDESTE,43.2,20.910507
202403.0,2024-03-11,88035.0,OUTLET PREMIUM CL 514,Consumidor Livre,NORDESTE,43.2,20.910507
,2024-03-11,,OUTLET PREMIUM CL 514,,,43.2,20.910507
202403.0,2024-03-12,88035.0,OUTLET PREMIUM CL 514,Consumidor Livre,NORDESTE,43.2,21.557148
202403.0,2024-03-12,88035.0,OUTLET PREMIUM CL 514,Consumidor Livre,NORDESTE,43.2,21.557148
,2024-03-12,,OUTLET PREMIUM CL 514,,,43.2,21.557148
202403.0,2024-03-13,88035.0,OUTLET PREMIUM CL 514,Consumidor Livre,NORDESTE,43.2,21.438279
202403.0,2024-03-13,88035.0,OUTLET PREMIUM CL 514,Consumidor Livre,NORDESTE,43.2,21.438279
,2024-03-13,,OUTLET PREMIUM CL 514,,,43.2,21.438279
202403.0,2024-03-14,88035.0,OUTLET PREMIUM CL 514,Consumidor Livre,NORDESTE,43.2,20.954571
202403.0,2024-03-14,88035.0,OUTLET PREMIUM CL 514,Consumidor Livre,NORDESTE,43.2,20.954571
,2024-03-14,,OUTLET PREMIUM CL 514,,,43.2,20.954571
202403.0,2024-03-15,88035.0,OUTLET PREMIUM CL 514,Consumidor Livre,NORDESTE,43.2,21.456279
202403.0,2024-03-15,88035.0,OUTLET PREMIUM CL 514,Consumidor Livre,NORDESTE,43.2,21.456279
,2024-03-15,,OUTLET PREMIUM CL 514,,,43.2,21.456279
202403.0,2024-03-16,88035.0,OUTLET PREMIUM CL 514,Consumidor Livre,NORDESTE,43.2,21.733959
202403.0,2024-03-16,88035.0,OUTLET PREMIUM CL 514,Consumidor Livre,NORDESTE,43.2,21.733959
,2024-03-16,,OUTLET PREMIUM CL 514,,,43.2,21.733959
202403.0,2024-03-17,88035.0,OUTLET PREMIUM CL 514,Consumidor Livre,NORDESTE,43.2,21.069863
202403.0,2024-03-17,88035.0,OUTLET PREMIUM CL 514,Consumidor Livre,NORDESTE,43.2,21.069863
,2024-03-17,,OUTLET PREMIUM CL 514,,,43.2,21.069863
202403.0,2024-03-18,88035.0,OUTLET PREMIUM CL 514,Consumidor Livre,NORDESTE,43.2,21.246553
202403.0,2024-03-18,88035.0,OUTLET PREMIUM CL 514,Consumidor Livre,NORDESTE,43.2,21.246553
,2024-03-18,,OUTLET PREMIUM CL 514,,,43.2,21.246553
202403.0,2024-03-19,88035.0,OUTLET PREMIUM CL 514,Consumidor Livre,NORDESTE,43.2,21.354012
202403.0,2024-03-19,88035.0,OUTLET PREMIUM CL 514,Consumidor Livre,NORDESTE,43.2,21.354012
,2024-03-19,,OUTLET PREMIUM CL 514,,,43.2,21.354012
202403.0,2024-03-20,88035.0,OUTLET PREMIUM CL 514,Consumidor Livre,NORDESTE,43.2,21.20722
202403.0,2024-03-20,88035.0,OUTLET PREMIUM CL 514,Consumidor Livre,NORDESTE,43.2,21.20722
,2024-03-20,,OUTLET PREMIUM CL 514,,,43.2,21.20722
202403.0,2024-03-21,88035.0,OUTLET PREMIUM CL 514,Consumidor Livre,NORDESTE,43.2,21.431858
202403.0,2024-03-21,88035.0,OUTLET PREMIUM CL 514,Consumidor Livre,NORDESTE,43.2,21.431858
,2024-03-21,,OUTLET PREMIUM CL 514,,,43.2,21.431858
202403.0,2024-03-22,88035.0,OUTLET PREMIUM CL 514,Consumidor Livre,NORDESTE,43.2,21.88289
202403.0,2024-03-22,88035.0,OUTLET PREMIUM CL 514,Consumidor Livre,NORDESTE,43.2,21.88289
,2024-03-22,,OUTLET PREMIUM CL 514,,,43.2,21.88289
202403.0,2024-03-23,88035.0,OUTLET PREMIUM CL 514,Consumidor Livre,NORDESTE,43.2,21.603159
202403.0,2024-03-23,88035.0,OUTLET PREMIUM CL 514,Consumidor Livre,NORDESTE,43.2,21.603159
,2024-03-23,,OUTLET PREMIUM CL 514,,,43.2,21.603159
202403.0,2024-03-24,88035.0,OUTLET PREMIUM CL 514,Consumidor Livre,NORDESTE,43.2,20.453143
202403.0,2024-03-24,88035.0,OUTLET PREMIUM CL 514,Consumidor Livre,NORDESTE,43.2,20.453143
,2024-03-24,,OUTLET PREMIUM CL 514,,,43.2,20.453143
202403.0,2024-03-25,88035.0,OUTLET PREMIUM CL 514,Consumidor Livre,NORDESTE,43.2,20.378577
202403.0,2024-03-25,88035.0,OUTLET PREMIUM CL 514,Consumidor Livre,NORDESTE,43.2,20.378577
,2024-03-25,,OUTLET PREMIUM CL 514,,,43.2,20.378577
202403.0,2024-03-26,88035.0,OUTLET PREMIUM CL 514,Consumidor Livre,NORDESTE,43.2,20.332255
202403.0,2024-03-26,88035.0,OUTLET PREMIUM CL 514,Consumidor Livre,NORDESTE,43.2,20.332255
,2024-03-26,,OUTLET PREMIUM CL 514,,,43.2,20.332255
202403.0,2024-03-27,88035.0,OUTLET PREMIUM CL 514,Consumidor Livre,NORDESTE,43.2,21.724242
202403.0,2024-03-27,88035.0,OUTLET PREMIUM CL 514,Consumidor Livre,NORDESTE,43.2,21.724242
,2024-03-27,,OUTLET PREMIUM CL 514,,,43.2,21.724242
202403.0,2024-03-28,88035.0,OUTLET PREMIUM CL 514,Consumidor Livre,NORDESTE,43.2,20.917777
202403.0,2024-03-28,88035.0,OUTLET PREMIUM CL 514,Consumidor Livre,NORDESTE,43.2,20.917777
,2024-03-28,,OUTLET PREMIUM CL 514,,,43.2,20.917777
202403.0,2024-03-29,88035.0,OUTLET PREMIUM CL 514,Consumidor Livre,NORDESTE,43.2,20.528535
202403.0,2024-03-29,88035.0,OUTLET PREMIUM CL 514,Consumidor Livre,NORDESTE,43.2,20.528535
,2024-03-29,,OUTLET PREMIUM CL 514,,,43.2,20.528535
202403.0,2024-03-30,88035.0,OUTLET PREMIUM CL 514,Consumidor Livre,NORDESTE,43.2,21.209177
202403.0,2024-03-30,88035.0,OUTLET PREMIUM CL 514,Consumidor Livre,NORDESTE,43.2,21.209177
,2024-03-30,,OUTLET PREMIUM CL 514,,,43.2,21.209177
202403.0,2024-03-31,88035.0,OUTLET PREMIUM CL 514,Consumidor Livre,NORDESTE,43.2,19.985146
202403.0,2024-03-31,88035.0,OUTLET PREMIUM CL 514,Consumidor Livre,NORDESTE,43.2,19.985146
,2024-03-31,,OUTLET PREMIUM CL 514,,,43.2,19.985146
202404.0,2024-04-01,88035.0,OUTLET PREMIUM CL 514,Consumidor Livre,NORDESTE,43.2,20.500083
202404.0,2024-04-01,88035.0,OUTLET PREMIUM CL 514,Consumidor Livre,NORDESTE,43.2,20.500083
,2024-04-01,,OUTLET PREMIUM CL 514,,,43.2,20.500083
202404.0,2024-04-02,88035.0,OUTLET PREMIUM CL 514,Consumidor Livre,NORDESTE,43.2,20.627086
202404.0,2024-04-02,88035.0,OUTLET PREMIUM CL 514,Consumidor Livre,NORDESTE,43.2,20.627086
,2024-04-02,,OUTLET PREMIUM CL 514,,,43.2,20.627086
202404.0,2024-04-03,88035.0,OUTLET PREMIUM CL 514,Consumidor Livre,NORDESTE,43.2,20.6578
202404.0,2024-04-03,88035.0,OUTLET PREMIUM CL 514,Consumidor Livre,NORDESTE,43.2,20.6578
,2024-04-03,,OUTLET PREMIUM CL 514,,,43.2,20.6578
202404.0,2024-04-04,88035.0,OUTLET PREMIUM CL 514,Consumidor Livre,NORDESTE,43.2,20.909172
202404.0,2024-04-04,88035.0,OUTLET PREMIUM CL 514,Consumidor Livre,NORDESTE,43.2,20.909172
,2024-04-04,,OUTLET PREMIUM CL 514,,,43.2,20.909172
202404.0,2024-04-05,88035.0,OUTLET PREMIUM CL 514,Consumidor Livre,NORDESTE,43.2,19.840781
202404.0,2024-04-05,88035.0,OUTLET PREMIUM CL 514,Consumidor Livre,NORDESTE,43.2,19.840781
,2024-04-05,,OUTLET PREMIUM CL 514,,,43.2,19.840781
202404.0,2024-04-06,88035.0,OUTLET PREMIUM CL 514,Consumidor Livre,NORDESTE,43.2,20.148459
202404.0,2024-04-06,88035.0,OUTLET PREMIUM CL 514,Consumidor Livre,NORDESTE,43.2,20.148459
,2024-04-06,,OUTLET PREMIUM CL 514,,,43.2,20.148459
202404.0,2024-04-07,88035.0,OUTLET PREMIUM CL 514,Consumidor Livre,NORDESTE,43.2,17.216293
202404.0,2024-04-07,88035.0,OUTLET PREMIUM CL 514,Consumidor Livre,NORDESTE,43.2,17.216293
,2024-04-07,,OUTLET PREMIUM CL 514,,,43.2,17.216293
202404.0,2024-04-08,88035.0,OUTLET PREMIUM CL 514,Consumidor Livre,NORDESTE,43.2,17.238707
202404.0,2024-04-08,88035.0,OUTLET PREMIUM CL 514,Consumidor Livre,NORDESTE,43.2,17.238707
,2024-04-08,,OUTLET PREMIUM CL 514,,,43.2,17.238707
202404.0,2024-04-09,88035.0,OUTLET PREMIUM CL 514,Consumidor Livre,NORDESTE,43.2,17.976744
202404.0,2024-04-09,88035.0,OUTLET PREMIUM CL 514,Consumidor Livre,NORDESTE,43.2,17.976744
,2024-04-09,,OUTLET PREMIUM CL 514,,,43.2,17.976744
202404.0,2024-04-10,88035.0,OUTLET PREMIUM CL 514,Consumidor Livre,NORDESTE,43.2,18.909913
202404.0,2024-04-10,88035.0,OUTLET PREMIUM CL 514,Consumidor Livre,NORDESTE,43.2,18.909913
,2024-04-10,,OUTLET PREMIUM CL 514,,,43.2,18.909913
202404.0,2024-04-11,88035.0,OUTLET PREMIUM CL 514,Consumidor Livre,NORDESTE,43.2,19.493128
202404.0,2024-04-11,88035.0,OUTLET PREMIUM CL 514,Consumidor Livre,NORDESTE,43.2,19.493128
,2024-04-11,,OUTLET PREMIUM CL 514,,,43.2,19.493128
202404.0,2024-04-12,88035.0,OUTLET PREMIUM CL 514,Consumidor Livre,NORDESTE,43.2,20.431453
202404.0,2024-04-12,88035.0,OUTLET PREMIUM CL 514,Consumidor Livre,NORDESTE,43.2,20.431453
,2024-04-12,,OUTLET PREMIUM CL 514,,,43.2,20.431453
202404.0,2024-04-13,88035.0,OUTLET PREMIUM CL 514,Consumidor Livre,NORDESTE,43.2,21.162048
202404.0,2024-04-13,88035.0,OUTLET PREMIUM CL 514,Consumidor Livre,NORDESTE,43.2,21.162048
,2024-04-13,,OUTLET PREMIUM CL 514,,,43.2,21.162048
202404.0,2024-04-14,88035.0,OUTLET PREMIUM CL 514,Consumidor Livre,NORDESTE,43.2,20.461055
202404.0,2024-04-14,88035.0,OUTLET PREMIUM CL 514,Consumidor Livre,NORDESTE,43.2,20.461055
,2024-04-14,,OUTLET PREMIUM CL 514,,,43.2,20.461055
202404.0,2024-04-15,88035.0,OUTLET PREMIUM CL 514,Consumidor Livre,NORDESTE,43.2,19.733612
202404.0,2024-04-15,88035.0,OUTLET PREMIUM CL 514,Consumidor Livre,NORDESTE,43.2,19.733612
,2024-04-15,,OUTLET PREMIUM CL 514,,,43.2,19.733612
202404.0,2024-04-16,88035.0,OUTLET PREMIUM CL 514,Consumidor Livre,NORDESTE,43.2,17.868716
202404.0,2024-04-16,88035.0,OUTLET PREMIUM CL 514,Consumidor Livre,NORDESTE,43.2,17.868716
,2024-04-16,,OUTLET PREMIUM CL 514,,,43.2,17.868716
202404.0,2024-04-17,88035.0,OUTLET PREMIUM CL 514,Consumidor Livre,NORDESTE,43.2,17.066755
202404.0,2024-04-17,88035.0,OUTLET PREMIUM CL 514,Consumidor Livre,NORDESTE,43.2,17.066755
,2024-04-17,,OUTLET PREMIUM CL 514,,,43.2,17.066755
202404.0,2024-04-18,88035.0,OUTLET PREMIUM CL 514,Consumidor Livre,NORDESTE,43.2,19.898816
202404.0,2024-04-18,88035.0,OUTLET PREMIUM CL 514,Consumidor Livre,NORDESTE,43.2,19.898816
,2024-04-18,,OUTLET PREMIUM CL 514,,,43.2,19.898816
202404.0,2024-04-19,88035.0,OUTLET PREMIUM CL 514,Consumidor Livre,NORDESTE,43.2,20.350862
202404.0,2024-04-19,88035.0,OUTLET PREMIUM CL 514,Consumidor Livre,NORDESTE,43.2,20.350862
,2024-04-19,,OUTLET PREMIUM CL 514,,,43.2,20.350862
202404.0,2024-04-20,88035.0,OUTLET PREMIUM CL 514,Consumidor Livre,NORDESTE,43.2,20.517159
202404.0,2024-04-20,88035.0,OUTLET PREMIUM CL 514,Consumidor Livre,NORDESTE,43.2,20.517159
,2024-04-20,,OUTLET PREMIUM CL 514,,,43.2,20.517159
202404.0,2024-04-21,88035.0,OUTLET PREMIUM CL 514,Consumidor Livre,NORDESTE,43.2,18.388871
202404.0,2024-04-21,88035.0,OUTLET PREMIUM CL 514,Consumidor Livre,NORDESTE,43.2,18.388871
,2024-04-21,,OUTLET PREMIUM CL 514,,,43.2,18.388871
202404.0,2024-04-22,88035.0,OUTLET PREMIUM CL 514,Consumidor Livre,NORDESTE,43.2,19.275023
202404.0,2024-04-22,88035.0,OUTLET PREMIUM CL 514,Consumidor Livre,NORDESTE,43.2,19.275023
,2024-04-22,,OUTLET PREMIUM CL 514,,,43.2,19.275023
202404.0,2024-04-23,88035.0,OUTLET PREMIUM CL 514,Consumidor Livre,NORDESTE,43.2,19.380766
202404.0,2024-04-23,88035.0,OUTLET PREMIUM CL 514,Consumidor Livre,NORDESTE,43.2,19.380766
,2024-04-23,,OUTLET PREMIUM CL 514,,,43.2,19.380766
202404.0,2024-04-24,88035.0,OUTLET PREMIUM CL 514,Consumidor Livre,NORDESTE,43.2,19.878219
202404.0,2024-04-24,88035.0,OUTLET PREMIUM CL 514,Consumidor Livre,NORDESTE,43.2,19.878219
,2024-04-24,,OUTLET PREMIUM CL 514,,,43.2,19.878219
202404.0,2024-04-25,88035.0,OUTLET PREMIUM CL 514,Consumidor Livre,NORDESTE,43.2,20.697477
202404.0,2024-04-25,88035.0,OUTLET PREMIUM CL 514,Consumidor Livre,NORDESTE,43.2,20.697477
,2024-04-25,,OUTLET PREMIUM CL 514,,,43.2,20.697477
202404.0,2024-04-26,88035.0,OUTLET PREMIUM CL 514,Consumidor Livre,NORDESTE,43.2,19.556169
202404.0,2024-04-26,88035.0,OUTLET PREMIUM CL 514,Consumidor Livre,NORDESTE,43.2,19.556169
,2024-04-26,,OUTLET PREMIUM CL 514,,,43.2,19.556169
202404.0,2024-04-27,88035.0,OUTLET PREMIUM CL 514,Consumidor Livre,NORDESTE,43.2,20.725548
202404.0,2024-04-27,88035.0,OUTLET PREMIUM CL 514,Consumidor Livre,NORDESTE,43.2,20.725548
,2024-04-27,,OUTLET PREMIUM CL 514,,,43.2,20.725548
202404.0,2024-04-28,88035.0,OUTLET PREMIUM CL 514,Consumidor Livre,NORDESTE,43.2,19.916328
202404.0,2024-04-28,88035.0,OUTLET PREMIUM CL 514,Consumidor Livre,NORDESTE,43.2,19.916328
,2024-04-28,,OUTLET PREMIUM CL 514,,,43.2,19.916328
202404.0,2024-04-29,88035.0,OUTLET PREMIUM CL 514,Consumidor Livre,NORDESTE,43.2,20.667903
202404.0,2024-04-29,88035.0,OUTLET PREMIUM CL 514,Consumidor Livre,NORDESTE,43.2,20.667903
,2024-04-29,,OUTLET PREMIUM CL 514,,,43.2,20.667903
202404.0,2024-04-30,88035.0,OUTLET PREMIUM CL 514,Consumidor Livre,NORDESTE,43.2,20.575799
202404.0,2024-04-30,88035.0,OUTLET PREMIUM CL 514,Consumidor Livre,NORDESTE,43.2,20.575799
,2024-04-30,,OUTLET PREMIUM CL 514,,,43.2,20.575799
202405.0,2024-05-01,88035.0,OUTLET PREMIUM CL 514,Consumidor Livre,NORDESTE,43.2,5.304759
202405.0,2024-05-01,88035.0,OUTLET PREMIUM CL 514,Consumidor Livre,NORDESTE,43.2,5.304759
,2024-05-01,,OUTLET PREMIUM CL 514,,,43.2,5.304759
202405.0,2024-05-02,88035.0,OUTLET PREMIUM CL 514,Consumidor Livre,NORDESTE,43.2,20.715793
202405.0,2024-05-02,88035.0,OUTLET PREMIUM CL 514,Consumidor Livre,NORDESTE,43.2,20.715793
,2024-05-02,,OUTLET PREMIUM CL 514,,,43.2,20.715793
202405.0,2024-05-03,88035.0,OUTLET PREMIUM CL 514,Consumidor Livre,NORDESTE,43.2,20.600977
202405.0,2024-05-03,88035.0,OUTLET PREMIUM CL 514,Consumidor Livre,NORDESTE,43.2,20.600977
,2024-05-03,,OUTLET PREMIUM CL 514,,,43.2,20.600977
202405.0,2024-05-04,88035.0,OUTLET PREMIUM CL 514,Consumidor Livre,NORDESTE,43.2,20.635889
202405.0,2024-05-04,88035.0,OUTLET PREMIUM CL 514,Consumidor Livre,NORDESTE,43.2,20.635889
,2024-05-04,,OUTLET PREMIUM CL 514,,,43.2,20.635889
202405.0,2024-05-05,88035.0,OUTLET PREMIUM CL 514,Consumidor Livre,NORDESTE,43.2,19.201921
202405.0,2024-05-05,88035.0,OUTLET PREMIUM CL 514,Consumidor Livre,NORDESTE,43.2,19.201921
,2024-05-05,,OUTLET PREMIUM CL 514,,,43.2,19.201921
202405.0,2024-05-06,88035.0,OUTLET PREMIUM CL 514,Consumidor Livre,NORDESTE,43.2,19.619746
202405.0,2024-05-06,88035.0,OUTLET PREMIUM CL 514,Consumidor Livre,NORDESTE,43.2,19.619746
,2024-05-06,,OUTLET PREMIUM CL 514,,,43.2,19.619746
202405.0,2024-05-07,88035.0,OUTLET PREMIUM CL 514,Consumidor Livre,NORDESTE,43.2,20.131314
202405.0,2024-05-07,88035.0,OUTLET PREMIUM CL 514,Consumidor Livre,NORDESTE,43.2,20.131314
,2024-05-07,,OUTLET PREMIUM CL 514,,,43.2,20.131314
202405.0,2024-05-08,88035.0,OUTLET PREMIUM CL 514,Consumidor Livre,NORDESTE,43.2,20.247999
202405.0,2024-05-08,88035.0,OUTLET PREMIUM CL 514,Consumidor Livre,NORDESTE,43.2,20.247999
,2024-05-08,,OUTLET PREMIUM CL 514,,,43.2,20.247999
202405.0,2024-05-09,88035.0,OUTLET PREMIUM CL 514,Consumidor Livre,NORDESTE,43.2,20.269575
202405.0,2024-05-09,88035.0,OUTLET PREMIUM CL 514,Consumidor Livre,NORDESTE,43.2,20.269575
,2024-05-09,,OUTLET PREMIUM CL 514,,,43.2,20.269575
202405.0,2024-05-10,88035.0,OUTLET PREMIUM CL 514,Consumidor Livre,NORDESTE,43.2,19.245532
202405.0,2024-05-10,88035.0,OUTLET PREMIUM CL 514,Consumidor Livre,NORDESTE,43.2,19.245532
,2024-05-10,,OUTLET PREMIUM CL 514,,,43.2,19.245532
202405.0,2024-05-11,88035.0,OUTLET PREMIUM CL 514,Consumidor Livre,NORDESTE,43.2,18.347643
202405.0,2024-05-11,88035.0,OUTLET PREMIUM CL 514,Consumidor Livre,NORDESTE,43.2,18.347643
,2024-05-11,,OUTLET PREMIUM CL 514,,,43.2,18.347643
202405.0,2024-05-12,88035.0,OUTLET PREMIUM CL 514,Consumidor Livre,NORDESTE,43.2,19.298469
202405.0,2024-05-12,88035.0,OUTLET PREMIUM CL 514,Consumidor Livre,NORDESTE,43.2,19.298469
,2024-05-12,,OUTLET PREMIUM CL 514,,,43.2,19.298469
202405.0,2024-05-13,88035.0,OUTLET PREMIUM CL 514,Consumidor Livre,NORDESTE,43.2,19.886768
202405.0,2024-05-13,88035.0,OUTLET PREMIUM CL 514,Consumidor Livre,NORDESTE,43.2,19.886768
,2024-05-13,,OUTLET PREMIUM CL 514,,,43.2,19.886768
202405.0,2024-05-14,88035.0,OUTLET PREMIUM CL 514,Consumidor Livre,NORDESTE,43.2,19.99925
202405.0,2024-05-14,88035.0,OUTLET PREMIUM CL 514,Consumidor Livre,NORDESTE,43.2,19.99925
,2024-05-14,,OUTLET PREMIUM CL 514,,,43.2,19.99925
202405.0,2024-05-15,88035.0,OUTLET PREMIUM CL 514,Consumidor Livre,NORDESTE,43.2,19.633259
202405.0,2024-05-15,88035.0,OUTLET PREMIUM CL 514,Consumidor Livre,NORDESTE,43.2,19.633259
,2024-05-15,,OUTLET PREMIUM CL 514,,,43.2,19.633259
202405.0,2024-05-16,88035.0,OUTLET PREMIUM CL 514,Consumidor Livre,NORDESTE,43.2,1.561136
202405.0,2024-05-16,88035.0,OUTLET PREMIUM CL 514,Consumidor Livre,NORDESTE,43.2,1.561136
,2024-05-16,,OUTLET PREMIUM CL 514,,,43.2,1.561136
202405.0,2024-05-17,88035.0,OUTLET PREMIUM CL 514,Consumidor Livre,NORDESTE,43.2,18.448662
202405.0,2024-05-17,88035.0,OUTLET PREMIUM CL 514,Consumidor Livre,NORDESTE,43.2,18.448662
,2024-05-17,,OUTLET PREMIUM CL 514,,,43.2,18.448662
202405.0,2024-05-18,88035.0,OUTLET PREMIUM CL 514,Consumidor Livre,NORDESTE,43.2,17.653345
202405.0,2024-05-18,88035.0,OUTLET PREMIUM CL 514,Consumidor Livre,NORDESTE,43.2,17.653345
,2024-05-18,,OUTLET PREMIUM CL 514,,,43.2,17.653345
202405.0,2024-05-19,88035.0,OUTLET PREMIUM CL 514,Consumidor Livre,NORDESTE,43.2,18.473341
202405.0,2024-05-19,88035.0,OUTLET PREMIUM CL 514,Consumidor Livre,NORDESTE,43.2,18.473341
,2024-05-19,,OUTLET PREMIUM CL 514,,,43.2,18.473341
202405.0,2024-05-20,88035.0,OUTLET PREMIUM CL 514,Consumidor Livre,NORDESTE,43.2,16.95071
202405.0,2024-05-20,88035.0,OUTLET PREMIUM CL 514,Consumidor Livre,NORDESTE,43.2,16.95071
,2024-05-20,,OUTLET PREMIUM CL 514,,,43.2,16.95071
202405.0,2024-05-21,88035.0,OUTLET PREMIUM CL 514,Consumidor Livre,NORDESTE,43.2,15.504055
202405.0,2024-05-21,88035.0,OUTLET PREMIUM CL 514,Consumidor Livre,NORDESTE,43.2,15.504055
,2024-05-21,,OUTLET PREMIUM CL 514,,,43.2,15.504055
202405.0,2024-05-22,88035.0,OUTLET PREMIUM CL 514,Consumidor Livre,NORDESTE,43.2,18.587077
202405.0,2024-05-22,88035.0,OUTLET PREMIUM CL 514,Consumidor Livre,NORDESTE,43.2,18.587077
,2024-05-22,,OUTLET PREMIUM CL 514,,,43.2,18.587077
202405.0,2024-05-23,88035.0,OUTLET PREMIUM CL 514,Consumidor Livre,NORDESTE,43.2,18.547896
202405.0,2024-05-23,88035.0,OUTLET PREMIUM CL 514,Consumidor Livre,NORDESTE,43.2,18.547896
,2024-05-23,,OUTLET PREMIUM CL 514,,,43.2,18.547896
202405.0,2024-05-24,88035.0,OUTLET PREMIUM CL 514,Consumidor Livre,NORDESTE,43.2,17.795302
202405.0,2024-05-24,88035.0,OUTLET PREMIUM CL 514,Consumidor Livre,NORDESTE,43.2,17.795302
,2024-05-24,,OUTLET PREMIUM CL 514,,,43.2,17.795302
202405.0,2024-05-25,88035.0,OUTLET PREMIUM CL 514,Consumidor Livre,NORDESTE,43.2,18.286502
202405.0,2024-05-25,88035.0,OUTLET PREMIUM CL 514,Consumidor Livre,NORDESTE,43.2,18.286502
,2024-05-25,,OUTLET PREMIUM CL 514,,,43.2,18.286502
202405.0,2024-05-26,88035.0,OUTLET PREMIUM CL 514,Consumidor Livre,NORDESTE,43.2,17.673313
202405.0,2024-05-26,88035.0,OUTLET PREMIUM CL 514,Consumidor Livre,NORDESTE,43.2,17.673313
,2024-05-26,,OUTLET PREMIUM CL 514,,,43.2,17.673313
202405.0,2024-05-27,88035.0,OUTLET PREMIUM CL 514,Consumidor Livre,NORDESTE,43.2,18.952797
202405.0,2024-05-27,88035.0,OUTLET PREMIUM CL 514,Consumidor Livre,NORDESTE,43.2,18.952797
,2024-05-27,,OUTLET PREMIUM CL 514,,,43.2,18.952797
202405.0,2024-05-28,88035.0,OUTLET PREMIUM CL 514,Consumidor Livre,NORDESTE,43.2,18.663236
202405.0,2024-05-28,88035.0,OUTLET PREMIUM CL 514,Consumidor Livre,NORDESTE,43.2,18.663236
,2024-05-28,,OUTLET PREMIUM CL 514,,,43.2,18.663236
202405.0,2024-05-29,88035.0,OUTLET PREMIUM CL 514,Consumidor Livre,NORDESTE,43.2,18.139793
202405.0,2024-05-29,88035.0,OUTLET PREMIUM CL 514,Consumidor Livre,NORDESTE,43.2,18.139793
,2024-05-29,,OUTLET PREMIUM CL 514,,,43.2,18.139793
202405.0,2024-05-30,88035.0,OUTLET PREMIUM CL 514,Consumidor Livre,NORDESTE,43.2,17.133979
202405.0,2024-05-30,88035.0,OUTLET PREMIUM CL 514,Consumidor Livre,NORDESTE,43.2,17.133979
,2024-05-30,,OUTLET PREMIUM CL 514,,,43.2,17.133979
202405.0,2024-05-31,88035.0,OUTLET PREMIUM CL 514,Consumidor Livre,NORDESTE,43.2,17.660559
202405.0,2024-05-31,88035.0,OUTLET PREMIUM CL 514,Consumidor Livre,NORDESTE,43.2,17.660559
,2024-05-31,,OUTLET PREMIUM CL 514,,,43.2,17.660559
202406.0,2024-06-01,88035.0,OUTLET PREMIUM CL 514,Consumidor Livre,NORDESTE,43.2,19.000349
202406.0,2024-06-01,88035.0,OUTLET PREMIUM CL 514,Consumidor Livre,NORDESTE,43.2,19.000349
,2024-06-01,,OUTLET PREMIUM CL 514,,,43.2,19.000349
202406.0,2024-06-02,88035.0,OUTLET PREMIUM CL 514,Consumidor Livre,NORDESTE,43.2,18.231336
202406.0,2024-06-02,88035.0,OUTLET PREMIUM CL 514,Consumidor Livre,NORDESTE,43.2,18.231336
,2024-06-02,,OUTLET PREMIUM CL 514,,,43.2,18.231336
202406.0,2024-06-03,88035.0,OUTLET PREMIUM CL 514,Consumidor Livre,NORDESTE,43.2,19.486993
202406.0,2024-06-03,88035.0,OUTLET PREMIUM CL 514,Consumidor Livre,NORDESTE,43.2,19.486993
,2024-06-03,,OUTLET PREMIUM CL 514,,,43.2,19.486993
202406.0,2024-06-04,88035.0,OUTLET PREMIUM CL 514,Consumidor Livre,NORDESTE,43.2,17.425859
202406.0,2024-06-04,88035.0,OUTLET PREMIUM CL 514,Consumidor Livre,NORDESTE,43.2,17.425859
,2024-06-04,,OUTLET PREMIUM CL 514,,,43.2,17.425859
202406.0,2024-06-05,88035.0,OUTLET PREMIUM CL 514,Consumidor Livre,NORDESTE,43.2,18.540748
202406.0,2024-06-05,88035.0,OUTLET PREMIUM CL 514,Consumidor Livre,NORDESTE,43.2,18.540748
,2024-06-05,,OUTLET PREMIUM CL 514,,,43.2,18.540748
202406.0,2024-06-06,88035.0,OUTLET PREMIUM CL 514,Consumidor Livre,NORDESTE,43.2,18.829157
202406.0,2024-06-06,88035.0,OUTLET PREMIUM CL 514,Consumidor Livre,NORDESTE,43.2,18.829157
,2024-06-06,,OUTLET PREMIUM CL 514,,,43.2,18.829157
202406.0,2024-06-07,88035.0,OUTLET PREMIUM CL 514,Consumidor Livre,NORDESTE,43.2,19.191368
202406.0,2024-06-07,88035.0,OUTLET PREMIUM CL 514,Consumidor Livre,NORDESTE,43.2,19.191368
,2024-06-07,,OUTLET PREMIUM CL 514,,,43.2,19.191368
202406.0,2024-06-08,88035.0,OUTLET PREMIUM CL 514,Consumidor Livre,NORDESTE,43.2,20.227258
202406.0,2024-06-08,88035.0,OUTLET PREMIUM CL 514,Consumidor Livre,NORDESTE,43.2,20.227258
,2024-06-08,,OUTLET PREMIUM CL 514,,,43.2,20.227258
202406.0,2024-06-09,88035.0,OUTLET PREMIUM CL 514,Consumidor Livre,NORDESTE,43.2,19.372002
202406.0,2024-06-09,88035.0,OUTLET PREMIUM CL 514,Consumidor Livre,NORDESTE,43.2,19.372002
,2024-06-09,,OUTLET PREMIUM CL 514,,,43.2,19.372002
202406.0,2024-06-10,88035.0,OUTLET PREMIUM CL 514,Consumidor Livre,NORDESTE,43.2,19.413388
202406.0,2024-06-10,88035.0,OUTLET PREMIUM CL 514,Consumidor Livre,NORDESTE,43.2,19.413388
,2024-06-10,,OUTLET PREMIUM CL 514,,,43.2,19.413388
202406.0,2024-06-11,88035.0,OUTLET PREMIUM CL 514,Consumidor Livre,NORDESTE,43.2,19.289579
202406.0,2024-06-11,88035.0,OUTLET PREMIUM CL 514,Consumidor Livre,NORDESTE,43.2,19.289579
,2024-06-11,,OUTLET PREMIUM CL 514,,,43.2,19.289579
202406.0,2024-06-12,88035.0,OUTLET PREMIUM CL 514,Consumidor Livre,NORDESTE,43.2,18.668174
202406.0,2024-06-12,88035.0,OUTLET PREMIUM CL 514,Consumidor Livre,NORDESTE,43.2,18.668174
,2024-06-12,,OUTLET PREMIUM CL 514,,,43.2,18.668174
202406.0,2024-06-13,88035.0,OUTLET PREMIUM CL 514,Consumidor Livre,NORDESTE,43.2,18.719891
202406.0,2024-06-13,88035.0,OUTLET PREMIUM CL 514,Consumidor Livre,NORDESTE,43.2,18.719891
,2024-06-13,,OUTLET PREMIUM CL 514,,,43.2,18.719891
202406.0,2024-06-14,88035.0,OUTLET PREMIUM CL 514,Consumidor Livre,NORDESTE,43.2,19.423378
202406.0,2024-06-14,88035.0,OUTLET PREMIUM CL 514,Consumidor Livre,NORDESTE,43.2,19.423378
,2024-06-14,,OUTLET PREMIUM CL 514,,,43.2,19.423378
202406.0,2024-06-15,88035.0,OUTLET PREMIUM CL 514,Consumidor Livre,NORDESTE,43.2,19.678913
202406.0,2024-06-15,88035.0,OUTLET PREMIUM CL 514,Consumidor Livre,NORDESTE,43.2,19.678913
,2024-06-15,,OUTLET PREMIUM CL 514,,,43.2,19.678913
202406.0,2024-06-16,88035.0,OUTLET PREMIUM CL 514,Consumidor Livre,NORDESTE,43.2,18.078349
202406.0,2024-06-16,88035.0,OUTLET PREMIUM CL 514,Consumidor Livre,NORDESTE,43.2,18.078349
,2024-06-16,,OUTLET PREMIUM CL 514,,,43.2,18.078349
202406.0,2024-06-17,88035.0,OUTLET PREMIUM CL 514,Consumidor Livre,NORDESTE,43.2,16.444138
202406.0,2024-06-17,88035.0,OUTLET PREMIUM CL 514,Consumidor Livre,NORDESTE,43.2,16.444138
,2024-06-17,,OUTLET PREMIUM CL 514,,,43.2,16.444138
202406.0,2024-06-18,88035.0,OUTLET PREMIUM CL 514,Consumidor Livre,NORDESTE,43.2,19.457174
202406.0,2024-06-18,88035.0,OUTLET PREMIUM CL 514,Consumidor Livre,NORDESTE,43.2,19.457174
,2024-06-18,,OUTLET PREMIUM CL 514,,,43.2,19.457174
202406.0,2024-06-19,88035.0,OUTLET PREMIUM CL 514,Consumidor Livre,NORDESTE,43.2,19.048873
202406.0,2024-06-19,88035.0,OUTLET PREMIUM CL 514,Consumidor Livre,NORDESTE,43.2,19.048873
,2024-06-19,,OUTLET PREMIUM CL 514,,,43.2,19.048873
202406.0,2024-06-20,88035.0,OUTLET PREMIUM CL 514,Consumidor Livre,NORDESTE,43.2,19.230037
202406.0,2024-06-20,88035.0,OUTLET PREMIUM CL 514,Consumidor Livre,NORDESTE,43.2,19.230037
,2024-06-20,,OUTLET PREMIUM CL 514,,,43.2,19.230037
202406.0,2024-06-21,88035.0,OUTLET PREMIUM CL 514,Consumidor Livre,NORDESTE,43.2,19.53164
202406.0,2024-06-21,88035.0,OUTLET PREMIUM CL 514,Consumidor Livre,NORDESTE,43.2,19.53164
,2024-06-21,,OUTLET PREMIUM CL 514,,,43.2,19.53164
202406.0,2024-06-22,88035.0,OUTLET PREMIUM CL 514,Consumidor Livre,NORDESTE,43.2,19.453515
202406.0,2024-06-22,88035.0,OUTLET PREMIUM CL 514,Consumidor Livre,NORDESTE,43.2,19.453515
,2024-06-22,,OUTLET PREMIUM CL 514,,,43.2,19.453515
202406.0,2024-06-23,88035.0,OUTLET PREMIUM CL 514,Consumidor Livre,NORDESTE,43.2,15.046955
202406.0,2024-06-23,88035.0,OUTLET PREMIUM CL 514,Consumidor Livre,NORDESTE,43.2,15.046955
,2024-06-23,,OUTLET PREMIUM CL 514,,,43.2,15.046955
202406.0,2024-06-24,88035.0,OUTLET PREMIUM CL 514,Consumidor Livre,NORDESTE,43.2,15.444618
202406.0,2024-06-24,88035.0,OUTLET PREMIUM CL 514,Consumidor Livre,NORDESTE,43.2,15.444618
,2024-06-24,,OUTLET PREMIUM CL 514,,,43.2,15.444618
202406.0,2024-06-25,88035.0,OUTLET PREMIUM CL 514,Consumidor Livre,NORDESTE,43.2,17.513054
202406.0,2024-06-25,88035.0,OUTLET PREMIUM CL 514,Consumidor Livre,NORDESTE,43.2,17.513054
,2024-06-25,,OUTLET PREMIUM CL 514,,,43.2,17.513054
202406.0,2024-06-26,88035.0,OUTLET PREMIUM CL 514,Consumidor Livre,NORDESTE,43.2,18.576672
202406.0,2024-06-26,88035.0,OUTLET PREMIUM CL 514,Consumidor Livre,NORDESTE,43.2,18.576672
,2024-06-26,,OUTLET PREMIUM CL 514,,,43.2,18.576672
202406.0,2024-06-27,88035.0,OUTLET PREMIUM CL 514,Consumidor Livre,NORDESTE,43.2,16.740148
202406.0,2024-06-27,88035.0,OUTLET PREMIUM CL 514,Consumidor Livre,NORDESTE,43.2,16.740148
,2024-06-27,,OUTLET PREMIUM CL 514,,,43.2,16.740148
202406.0,2024-06-28,88035.0,OUTLET PREMIUM CL 514,Consumidor Livre,NORDESTE,43.2,17.50946
202406.0,2024-06-28,88035.0,OUTLET PREMIUM CL 514,Consumidor Livre,NORDESTE,43.2,17.50946
,2024-06-28,,OUTLET PREMIUM CL 514,,,43.2,17.50946
202406.0,2024-06-29,88035.0,OUTLET PREMIUM CL 514,Consumidor Livre,NORDESTE,43.2,17.343841
202406.0,2024-06-29,88035.0,OUTLET PREMIUM CL 514,Consumidor Livre,NORDESTE,43.2,17.343841
,2024-06-29,,OUTLET PREMIUM CL 514,,,43.2,17.343841
202406.0,2024-06-30,88035.0,OUTLET PREMIUM CL 514,Consumidor Livre,NORDESTE,43.2,17.777365
202406.0,2024-06-30,88035.0,OUTLET PREMIUM CL 514,Consumidor Livre,NORDESTE,43.2,17.777365
,2024-06-30,,OUTLET PREMIUM CL 514,,,43.2,17.777365
202407.0,2024-07-01,88035.0,OUTLET PREMIUM CL 514,Consumidor Livre,NORDESTE,43.2,18.988973
202407.0,2024-07-01,88035.0,OUTLET PREMIUM CL 514,Consumidor Livre,NORDESTE,43.2,18.988973
,2024-07-01,,OUTLET PREMIUM CL 514,,,43.2,18.988973
202407.0,2024-07-02,88035.0,OUTLET PREMIUM CL 514,Consumidor Livre,NORDESTE,43.2,17.772522
202407.0,2024-07-02,88035.0,OUTLET PREMIUM CL 514,Consumidor Livre,NORDESTE,43.2,17.772522
,2024-07-02,,OUTLET PREMIUM CL 514,,,43.2,17.772522
202407.0,2024-07-03,88035.0,OUTLET PREMIUM CL 514,Consumidor Livre,NORDESTE,43.2,17.609107
202407.0,2024-07-03,88035.0,OUTLET PREMIUM CL 514,Consumidor Livre,NORDESTE,43.2,17.609107
,2024-07-03,,OUTLET PREMIUM CL 514,,,43.2,17.609107
202407.0,2024-07-04,88035.0,OUTLET PREMIUM CL 514,Consumidor Livre,NORDESTE,43.2,17.835231
202407.0,2024-07-04,88035.0,OUTLET PREMIUM CL 514,Consumidor Livre,NORDESTE,43.2,17.835231
,2024-07-04,,OUTLET PREMIUM CL 514,,,43.2,17.835231
202407.0,2024-07-05,88035.0,OUTLET PREMIUM CL 514,Consumidor Livre,NORDESTE,43.2,17.715762
202407.0,2024-07-05,88035.0,OUTLET PREMIUM CL 514,Consumidor Livre,NORDESTE,43.2,17.715762
,2024-07-05,,OUTLET PREMIUM CL 514,,,43.2,17.715762
202407.0,2024-07-06,88035.0,OUTLET PREMIUM CL 514,Consumidor Livre,NORDESTE,43.2,16.540099
202407.0,2024-07-06,88035.0,OUTLET PREMIUM CL 514,Consumidor Livre,NORDESTE,43.2,16.540099
,2024-07-06,,OUTLET PREMIUM CL 514,,,43.2,16.540099
202407.0,2024-07-07,88035.0,OUTLET PREMIUM CL 514,Consumidor Livre,NORDESTE,43.2,16.291347000000002
202407.0,2024-07-07,88035.0,OUTLET PREMIUM CL 514,Consumidor Livre,NORDESTE,43.2,16.291347000000002
,2024-07-07,,OUTLET PREMIUM CL 514,,,43.2,16.291347000000002
202407.0,2024-07-08,88035.0,OUTLET PREMIUM CL 514,Consumidor Livre,NORDESTE,43.2,17.060517
202407.0,2024-07-08,88035.0,OUTLET PREMIUM CL 514,Consumidor Livre,NORDESTE,43.2,17.060517
,2024-07-08,,OUTLET PREMIUM CL 514,,,43.2,17.060517
202407.0,2024-07-09,88035.0,OUTLET PREMIUM CL 514,Consumidor Livre,NORDESTE,43.2,17.571262
202407.0,2024-07-09,88035.0,OUTLET PREMIUM CL 514,Consumidor Livre,NORDESTE,43.2,17.571262
,2024-07-09,,OUTLET PREMIUM CL 514,,,43.2,17.571262
202407.0,2024-07-10,88035.0,OUTLET PREMIUM CL 514,Consumidor Livre,NORDESTE,43.2,18.080196
202407.0,2024-07-10,88035.0,OUTLET PREMIUM CL 514,Consumidor Livre,NORDESTE,43.2,18.080196
,2024-07-10,,OUTLET PREMIUM CL 514,,,43.2,18.080196
202407.0,2024-07-11,88035.0,OUTLET PREMIUM CL 514,Consumidor Livre,NORDESTE,43.2,18.087601
202407.0,2024-07-11,88035.0,OUTLET PREMIUM CL 514,Consumidor Livre,NORDESTE,43.2,18.087601
,2024-07-11,,OUTLET PREMIUM CL 514,,,43.2,18.087601
202407.0,2024-07-12,88035.0,OUTLET PREMIUM CL 514,Consumidor Livre,NORDESTE,43.2,18.27165
202407.0,2024-07-12,88035.0,OUTLET PREMIUM CL 514,Consumidor Livre,NORDESTE,43.2,18.27165
,2024-07-12,,OUTLET PREMIUM CL 514,,,43.2,18.27165
202407.0,2024-07-13,88035.0,OUTLET PREMIUM CL 514,Consumidor Livre,NORDESTE,43.2,17.701989
202407.0,2024-07-13,88035.0,OUTLET PREMIUM CL 514,Consumidor Livre,NORDESTE,43.2,17.701989
,2024-07-13,,OUTLET PREMIUM CL 514,,,43.2,17.701989
202407.0,2024-07-14,88035.0,OUTLET PREMIUM CL 514,Consumidor Livre,NORDESTE,43.2,17.187037
202407.0,2024-07-14,88035.0,OUTLET PREMIUM CL 514,Consumidor Livre,NORDESTE,43.2,17.187037
,2024-07-14,,OUTLET PREMIUM CL 514,,,43.2,17.187037
202407.0,2024-07-15,88035.0,OUTLET PREMIUM CL 514,Consumidor Livre,NORDESTE,43.2,16.600323
202407.0,2024-07-15,88035.0,OUTLET PREMIUM CL 514,Consumidor Livre,NORDESTE,43.2,16.600323
,2024-07-15,,OUTLET PREMIUM CL 514,,,43.2,16.600323
202407.0,2024-07-16,88035.0,OUTLET PREMIUM CL 514,Consumidor Livre,NORDESTE,43.2,17.181241
202407.0,2024-07-16,88035.0,OUTLET PREMIUM CL 514,Consumidor Livre,NORDESTE,43.2,17.181241
,2024-07-16,,OUTLET PREMIUM CL 514,,,43.2,17.181241
202407.0,2024-07-17,88035.0,OUTLET PREMIUM CL 514,Consumidor Livre,NORDESTE,43.2,16.84022
202407.0,2024-07-17,88035.0,OUTLET PREMIUM CL 514,Consumidor Livre,NORDESTE,43.2,16.84022
,2024-07-17,,OUTLET PREMIUM CL 514,,,43.2,16.84022
202407.0,2024-07-18,88035.0,OUTLET PREMIUM CL 514,Consumidor Livre,NORDESTE,43.2,16.905843
202407.0,2024-07-18,88035.0,OUTLET PREMIUM CL 514,Consumidor Livre,NORDESTE,43.2,16.905843
,2024-07-18,,OUTLET PREMIUM CL 514,,,43.2,16.905843
202407.0,2024-07-19,88035.0,OUTLET PREMIUM CL 514,Consumidor Livre,NORDESTE,43.2,17.425219
202407.0,2024-07-19,88035.0,OUTLET PREMIUM CL 514,Consumidor Livre,NORDESTE,43.2,17.425219
,2024-07-19,,OUTLET PREMIUM CL 514,,,43.2,17.425219
202407.0,2024-07-20,88035.0,OUTLET PREMIUM CL 514,Consumidor Livre,NORDESTE,43.2,17.272317
202407.0,2024-07-20,88035.0,OUTLET PREMIUM CL 514,Consumidor Livre,NORDESTE,43.2,17.272317
,2024-07-20,,OUTLET PREMIUM CL 514,,,43.2,17.272317
202407.0,2024-07-21,88035.0,OUTLET PREMIUM CL 514,Consumidor Livre,NORDESTE,43.2,16.358391
202407.0,2024-07-21,88035.0,OUTLET PREMIUM CL 514,Consumidor Livre,NORDESTE,43.2,16.358391
,2024-07-21,,OUTLET PREMIUM CL 514,,,43.2,16.358391
202407.0,2024-07-22,88035.0,OUTLET PREMIUM CL 514,Consumidor Livre,NORDESTE,43.2,16.909493
202407.0,2024-07-22,88035.0,OUTLET PREMIUM CL 514,Consumidor Livre,NORDESTE,43.2,16.909493
,2024-07-22,,OUTLET PREMIUM CL 514,,,43.2,16.909493
202407.0,2024-07-23,88035.0,OUTLET PREMIUM CL 514,Consumidor Livre,NORDESTE,43.2,16.786051
202407.0,2024-07-23,88035.0,OUTLET PREMIUM CL 514,Consumidor Livre,NORDESTE,43.2,16.786051
,2024-07-23,,OUTLET PREMIUM CL 514,,,43.2,16.786051
202407.0,2024-07-24,88035.0,OUTLET PREMIUM CL 514,Consumidor Livre,NORDESTE,43.2,16.323061
202407.0,2024-07-24,88035.0,OUTLET PREMIUM CL 514,Consumidor Livre,NORDESTE,43.2,16.323061
,2024-07-24,,OUTLET PREMIUM CL 514,,,43.2,16.323061
202407.0,2024-07-25,88035.0,OUTLET PREMIUM CL 514,Consumidor Livre,NORDESTE,43.2,15.466071
202407.0,2024-07-25,88035.0,OUTLET PREMIUM CL 514,Consumidor Livre,NORDESTE,43.2,15.466071
,2024-07-25,,OUTLET PREMIUM CL 514,,,43.2,15.466071
202407.0,2024-07-26,88035.0,OUTLET PREMIUM CL 514,Consumidor Livre,NORDESTE,43.2,16.643057
202407.0,2024-07-26,88035.0,OUTLET PREMIUM CL 514,Consumidor Livre,NORDESTE,43.2,16.643057
,2024-07-26,,OUTLET PREMIUM CL 514,,,43.2,16.643057
202407.0,2024-07-27,88035.0,OUTLET PREMIUM CL 514,Consumidor Livre,NORDESTE,43.2,17.233483
202407.0,2024-07-27,88035.0,OUTLET PREMIUM CL 514,Consumidor Livre,NORDESTE,43.2,17.233483
,2024-07-27,,OUTLET PREMIUM CL 514,,,43.2,17.233483
202407.0,2024-07-28,88035.0,OUTLET PREMIUM CL 514,Consumidor Livre,NORDESTE,43.2,16.831954
202407.0,2024-07-28,88035.0,OUTLET PREMIUM CL 514,Consumidor Livre,NORDESTE,43.2,16.831954
,2024-07-28,,OUTLET PREMIUM CL 514,,,43.2,16.831954
202407.0,2024-07-29,88035.0,OUTLET PREMIUM CL 514,Consumidor Livre,NORDESTE,43.2,17.512335
202407.0,2024-07-29,88035.0,OUTLET PREMIUM CL 514,Consumidor Livre,NORDESTE,43.2,17.512335
,2024-07-29,,OUTLET PREMIUM CL 514,,,43.2,17.512335
202407.0,2024-07-30,88035.0,OUTLET PREMIUM CL 514,Consumidor Livre,NORDESTE,43.2,18.118393
202407.0,2024-07-30,88035.0,OUTLET PREMIUM CL 514,Consumidor Livre,NORDESTE,43.2,18.118393
,2024-07-30,,OUTLET PREMIUM CL 514,,,43.2,18.118393
202407.0,2024-07-31,88035.0,OUTLET PREMIUM CL 514,Consumidor Livre,NORDESTE,43.2,18.278033
202407.0,2024-07-31,88035.0,OUTLET PREMIUM CL 514,Consumidor Livre,NORDESTE,43.2,18.278033
,2024-07-31,,OUTLET PREMIUM CL 514,,,43.2,18.278033
202408.0,2024-08-01,88035.0,OUTLET PREMIUM CL 514,Consumidor Livre,NORDESTE,43.2,17.480099
202408.0,2024-08-01,88035.0,OUTLET PREMIUM CL 514,Consumidor Livre,NORDESTE,43.2,17.480099
,2024-08-01,,OUTLET PREMIUM CL 514,,,43.2,17.480099
202408.0,2024-08-02,88035.0,OUTLET PREMIUM CL 514,Consumidor Livre,NORDESTE,43.2,17.944326
202408.0,2024-08-02,88035.0,OUTLET PREMIUM CL 514,Consumidor Livre,NORDESTE,43.2,17.944326
,2024-08-02,,OUTLET PREMIUM CL 514,,,43.2,17.944326
202408.0,2024-08-03,88035.0,OUTLET PREMIUM CL 514,Consumidor Livre,NORDESTE,43.2,17.538777
202408.0,2024-08-03,88035.0,OUTLET PREMIUM CL 514,Consumidor Livre,NORDESTE,43.2,17.538777
,2024-08-03,,OUTLET PREMIUM CL 514,,,43.2,17.538777
202408.0,2024-08-04,88035.0,OUTLET PREMIUM CL 514,Consumidor Livre,NORDESTE,43.2,17.408144
202408.0,2024-08-04,88035.0,OUTLET PREMIUM CL 514,Consumidor Livre,NORDESTE,43.2,17.408144
,2024-08-04,,OUTLET PREMIUM CL 514,,,43.2,17.408144
202408.0,2024-08-05,88035.0,OUTLET PREMIUM CL 514,Consumidor Livre,NORDESTE,43.2,16.846313
202408.0,2024-08-05,88035.0,OUTLET PREMIUM CL 514,Consumidor Livre,NORDESTE,43.2,16.846313
,2024-08-05,,OUTLET PREMIUM CL 514,,,43.2,16.846313
202408.0,2024-08-06,88035.0,OUTLET PREMIUM CL 514,Consumidor Livre,NORDESTE,43.2,17.075713
202408.0,2024-08-06,88035.0,OUTLET PREMIUM CL 514,Consumidor Livre,NORDESTE,43.2,17.075713
,2024-08-06,,OUTLET PREMIUM CL 514,,,43.2,17.075713
202408.0,2024-08-07,88035.0,OUTLET PREMIUM CL 514,Consumidor Livre,NORDESTE,43.2,16.201994
202408.0,2024-08-07,88035.0,OUTLET PREMIUM CL 514,Consumidor Livre,NORDESTE,43.2,16.201994
,2024-08-07,,OUTLET PREMIUM CL 514,,,43.2,16.201994
202408.0,2024-08-08,88035.0,OUTLET PREMIUM CL 514,Consumidor Livre,NORDESTE,43.2,13.80649
202408.0,2024-08-08,88035.0,OUTLET PREMIUM CL 514,Consumidor Livre,NORDESTE,43.2,13.80649
,2024-08-08,,OUTLET PREMIUM CL 514,,,43.2,13.80649
202408.0,2024-08-09,88035.0,OUTLET PREMIUM CL 514,Consumidor Livre,NORDESTE,43.2,16.461089
202408.0,2024-08-09,88035.0,OUTLET PREMIUM CL 514,Consumidor Livre,NORDESTE,43.2,16.461089
,2024-08-09,,OUTLET PREMIUM CL 514,,,43.2,16.461089
202408.0,2024-08-10,88035.0,OUTLET PREMIUM CL 514,Consumidor Livre,NORDESTE,43.2,18.15653
202408.0,2024-08-10,88035.0,OUTLET PREMIUM CL 514,Consumidor Livre,NORDESTE,43.2,18.15653
,2024-08-10,,OUTLET PREMIUM CL 514,,,43.2,18.15653
202408.0,2024-08-11,88035.0,OUTLET PREMIUM CL 514,Consumidor Livre,NORDESTE,43.2,17.04661
202408.0,2024-08-11,88035.0,OUTLET PREMIUM CL 514,Consumidor Livre,NORDESTE,43.2,17.04661
,2024-08-11,,OUTLET PREMIUM CL 514,,,43.2,17.04661
202408.0,2024-08-12,88035.0,OUTLET PREMIUM CL 514,Consumidor Livre,NORDESTE,43.2,18.073738
202408.0,2024-08-12,88035.0,OUTLET PREMIUM CL 514,Consumidor Livre,NORDESTE,43.2,18.073738
,2024-08-12,,OUTLET PREMIUM CL 514,,,43.2,18.073738
202408.0,2024-08-13,88035.0,OUTLET PREMIUM CL 514,Consumidor Livre,NORDESTE,43.2,17.620352
202408.0,2024-08-13,88035.0,OUTLET PREMIUM CL 514,Consumidor Livre,NORDESTE,43.2,17.620352
,2024-08-13,,OUTLET PREMIUM CL 514,,,43.2,17.620352
202408.0,2024-08-14,88035.0,OUTLET PREMIUM CL 514,Consumidor Livre,NORDESTE,43.2,18.042872
202408.0,2024-08-14,88035.0,OUTLET PREMIUM CL 514,Consumidor Livre,NORDESTE,43.2,18.042872
,2024-08-14,,OUTLET PREMIUM CL 514,,,43.2,18.042872
202408.0,2024-08-15,88035.0,OUTLET PREMIUM CL 514,Consumidor Livre,NORDESTE,43.2,16.888677
202408.0,2024-08-15,88035.0,OUTLET PREMIUM CL 514,Consumidor Livre,NORDESTE,43.2,16.888677
,2024-08-15,,OUTLET PREMIUM CL 514,,,43.2,16.888677
202408.0,2024-08-16,88035.0,OUTLET PREMIUM CL 514,Consumidor Livre,NORDESTE,43.2,17.629438
202408.0,2024-08-16,88035.0,OUTLET PREMIUM CL 514,Consumidor Livre,NORDESTE,43.2,17.629438
,2024-08-16,,OUTLET PREMIUM CL 514,,,43.2,17.629438
202408.0,2024-08-17,88035.0,OUTLET PREMIUM CL 514,Consumidor Livre,NORDESTE,43.2,15.442548
202408.0,2024-08-17,88035.0,OUTLET PREMIUM CL 514,Consumidor Livre,NORDESTE,43.2,15.442548
,2024-08-17,,OUTLET PREMIUM CL 514,,,43.2,15.442548
202408.0,2024-08-18,88035.0,OUTLET PREMIUM CL 514,Consumidor Livre,NORDESTE,43.2,16.303015
202408.0,2024-08-18,88035.0,OUTLET PREMIUM CL 514,Consumidor Livre,NORDESTE,43.2,16.303015
,2024-08-18,,OUTLET PREMIUM CL 514,,,43.2,16.303015
202408.0,2024-08-19,88035.0,OUTLET PREMIUM CL 514,Consumidor Livre,NORDESTE,43.2,16.098218
202408.0,2024-08-19,88035.0,OUTLET PREMIUM CL 514,Consumidor Livre,NORDESTE,43.2,16.098218
,2024-08-19,,OUTLET PREMIUM CL 514,,,43.2,16.098218
202408.0,2024-08-20,88035.0,OUTLET PREMIUM CL 514,Consumidor Livre,NORDESTE,43.2,15.50454
202408.0,2024-08-20,88035.0,OUTLET PREMIUM CL 514,Consumidor Livre,NORDESTE,43.2,15.50454
,2024-08-20,,OUTLET PREMIUM CL 514,,,43.2,15.50454
202408.0,2024-08-21,88035.0,OUTLET PREMIUM CL 514,Consumidor Livre,NORDESTE,43.2,16.530836
202408.0,2024-08-21,88035.0,OUTLET PREMIUM CL 514,Consumidor Livre,NORDESTE,43.2,16.530836
,2024-08-21,,OUTLET PREMIUM CL 514,,,43.2,16.530836
202408.0,2024-08-22,88035.0,OUTLET PREMIUM CL 514,Consumidor Livre,NORDESTE,43.2,17.659306
202408.0,2024-08-22,88035.0,OUTLET PREMIUM CL 514,Consumidor Livre,NORDESTE,43.2,17.659306
,2024-08-22,,OUTLET PREMIUM CL 514,,,43.2,17.659306
202408.0,2024-08-23,88035.0,OUTLET PREMIUM CL 514,Consumidor Livre,NORDESTE,43.2,18.087853
202408.0,2024-08-23,88035.0,OUTLET PREMIUM CL 514,Consumidor Livre,NORDESTE,43.2,18.087853
,2024-08-23,,OUTLET PREMIUM CL 514,,,43.2,18.087853
202408.0,2024-08-24,88035.0,OUTLET PREMIUM CL 514,Consumidor Livre,NORDESTE,43.2,18.33363
202408.0,2024-08-24,88035.0,OUTLET PREMIUM CL 514,Consumidor Livre,NORDESTE,43.2,18.33363
,2024-08-24,,OUTLET PREMIUM CL 514,,,43.2,18.33363
202408.0,2024-08-25,88035.0,OUTLET PREMIUM CL 514,Consumidor Livre,NORDESTE,43.2,16.753419
202408.0,2024-08-25,88035.0,OUTLET PREMIUM CL 514,Consumidor Livre,NORDESTE,43.2,16.753419
,2024-08-25,,OUTLET PREMIUM CL 514,,,43.2,16.753419
202408.0,2024-08-26,88035.0,OUTLET PREMIUM CL 514,Consumidor Livre,NORDESTE,43.2,17.454031
202408.0,2024-08-26,88035.0,OUTLET PREMIUM CL 514,Consumidor Livre,NORDESTE,43.2,17.454031
,2024-08-26,,OUTLET PREMIUM CL 514,,,43.2,17.454031
202408.0,2024-08-27,88035.0,OUTLET PREMIUM CL 514,Consumidor Livre,NORDESTE,43.2,16.886752
202408.0,2024-08-27,88035.0,OUTLET PREMIUM CL 514,Consumidor Livre,NORDESTE,43.2,16.886752
,2024-08-27,,OUTLET PREMIUM CL 514,,,43.2,16.886752
202408.0,2024-08-28,88035.0,OUTLET PREMIUM CL 514,Consumidor Livre,NORDESTE,43.2,17.550442
202408.0,2024-08-28,88035.0,OUTLET PREMIUM CL 514,Consumidor Livre,NORDESTE,43.2,17.550442
,2024-08-28,,OUTLET PREMIUM CL 514,,,43.2,17.550442
202408.0,2024-08-29,88035.0,OUTLET PREMIUM CL 514,Consumidor Livre,NORDESTE,43.2,13.756839
202408.0,2024-08-29,88035.0,OUTLET PREMIUM CL 514,Consumidor Livre,NORDESTE,43.2,13.756839
,2024-08-29,,OUTLET PREMIUM CL 514,,,43.2,13.756839
202408.0,2024-08-30,88035.0,OUTLET PREMIUM CL 514,Consumidor Livre,NORDESTE,43.2,14.650464
202408.0,2024-08-30,88035.0,OUTLET PREMIUM CL 514,Consumidor Livre,NORDESTE,43.2,14.650464
,2024-08-30,,OUTLET PREMIUM CL 514,,,43.2,14.650464
202408.0,2024-08-31,88035.0,OUTLET PREMIUM CL 514,Consumidor Livre,NORDESTE,43.2,15.522894
202408.0,2024-08-31,88035.0,OUTLET PREMIUM CL 514,Consumidor Livre,NORDESTE,43.2,15.522894
,2024-08-31,,OUTLET PREMIUM CL 514,,,43.2,15.522894
202409.0,2024-09-01,88035.0,OUTLET PREMIUM CL 514,Consumidor Livre,NORDESTE,43.2,15.684418
202409.0,2024-09-01,88035.0,OUTLET PREMIUM CL 514,Consumidor Livre,NORDESTE,43.2,15.684418
,2024-09-01,,OUTLET PREMIUM CL 514,,,43.2,15.684418
202409.0,2024-09-02,88035.0,OUTLET PREMIUM CL 514,Consumidor Livre,NORDESTE,43.2,16.415828
202409.0,2024-09-02,88035.0,OUTLET PREMIUM CL 514,Consumidor Livre,NORDESTE,43.2,16.415828
,2024-09-02,,OUTLET PREMIUM CL 514,,,43.2,16.415828
202409.0,2024-09-03,88035.0,OUTLET PREMIUM CL 514,Consumidor Livre,NORDESTE,43.2,16.191934
202409.0,2024-09-03,88035.0,OUTLET PREMIUM CL 514,Consumidor Livre,NORDESTE,43.2,16.191934
,2024-09-03,,OUTLET PREMIUM CL 514,,,43.2,16.191934
202409.0,2024-09-04,88035.0,OUTLET PREMIUM CL 514,Consumidor Livre,NORDESTE,43.2,16.821307
202409.0,2024-09-04,88035.0,OUTLET PREMIUM CL 514,Consumidor Livre,NORDESTE,43.2,16.821307
,2024-09-04,,OUTLET PREMIUM CL 514,,,43.2,16.821307
202409.0,2024-09-05,88035.0,OUTLET PREMIUM CL 514,Consumidor Livre,NORDESTE,43.2,16.737081
202409.0,2024-09-05,88035.0,OUTLET PREMIUM CL 514,Consumidor Livre,NORDESTE,43.2,16.737081
,2024-09-05,,OUTLET PREMIUM CL 514,,,43.2,16.737081
202409.0,2024-09-06,88035.0,OUTLET PREMIUM CL 514,Consumidor Livre,NORDESTE,43.2,16.4591
202409.0,2024-09-06,88035.0,OUTLET PREMIUM CL 514,Consumidor Livre,NORDESTE,43.2,16.4591
,2024-09-06,,OUTLET PREMIUM CL 514,,,43.2,16.4591
202409.0,2024-09-07,88035.0,OUTLET PREMIUM CL 514,Consumidor Livre,NORDESTE,43.2,18.000629
202409.0,2024-09-07,88035.0,OUTLET PREMIUM CL 514,Consumidor Livre,NORDESTE,43.2,18.000629
,2024-09-07,,OUTLET PREMIUM CL 514,,,43.2,18.000629
202409.0,2024-09-08,88035.0,OUTLET PREMIUM CL 514,Consumidor Livre,NORDESTE,43.2,16.911773
202409.0,2024-09-08,88035.0,OUTLET PREMIUM CL 514,Consumidor Livre,NORDESTE,43.2,16.911773
,2024-09-08,,OUTLET PREMIUM CL 514,,,43.2,16.911773
202409.0,2024-09-09,88035.0,OUTLET PREMIUM CL 514,Consumidor Livre,NORDESTE,43.2,17.167729
202409.0,2024-09-09,88035.0,OUTLET PREMIUM CL 514,Consumidor Livre,NORDESTE,43.2,17.167729
,2024-09-09,,OUTLET PREMIUM CL 514,,,43.2,17.167729
202409.0,2024-09-10,88035.0,OUTLET PREMIUM CL 514,Consumidor Livre,NORDESTE,43.2,17.575878
202409.0,2024-09-10,88035.0,OUTLET PREMIUM CL 514,Consumidor Livre,NORDESTE,43.2,17.575878
,2024-09-10,,OUTLET PREMIUM CL 514,,,43.2,17.575878
202409.0,2024-09-11,88035.0,OUTLET PREMIUM CL 514,Consumidor Livre,NORDESTE,43.2,17.070985
202409.0,2024-09-11,88035.0,OUTLET PREMIUM CL 514,Consumidor Livre,NORDESTE,43.2,17.070985
,2024-09-11,,OUTLET PREMIUM CL 514,,,43.2,17.070985
202409.0,2024-09-12,88035.0,OUTLET PREMIUM CL 514,Consumidor Livre,NORDESTE,43.2,17.353386
202409.0,2024-09-12,88035.0,OUTLET PREMIUM CL 514,Consumidor Livre,NORDESTE,43.2,17.353386
,2024-09-12,,OUTLET PREMIUM CL 514,,,43.2,17.353386
202409.0,2024-09-13,88035.0,OUTLET PREMIUM CL 514,Consumidor Livre,NORDESTE,43.2,16.493515
202409.0,2024-09-13,88035.0,OUTLET PREMIUM CL 514,Consumidor Livre,NORDESTE,43.2,16.493515
,2024-09-13,,OUTLET PREMIUM CL 514,,,43.2,16.493515
202409.0,2024-09-14,88035.0,OUTLET PREMIUM CL 514,Consumidor Livre,NORDESTE,43.2,18.353115
202409.0,2024-09-14,88035.0,OUTLET PREMIUM CL 514,Consumidor Livre,NORDESTE,43.2,18.353115
,2024-09-14,,OUTLET PREMIUM CL 514,,,43.2,18.353115
202409.0,2024-09-15,88035.0,OUTLET PREMIUM CL 514,Consumidor Livre,NORDESTE,43.2,18.252875
202409.0,2024-09-15,88035.0,OUTLET PREMIUM CL 514,Consumidor Livre,NORDESTE,43.2,18.252875
,2024-09-15,,OUTLET PREMIUM CL 514,,,43.2,18.252875
202409.0,2024-09-16,88035.0,OUTLET PREMIUM CL 514,Consumidor Livre,NORDESTE,43.2,17.605679
202409.0,2024-09-16,88035.0,OUTLET PREMIUM CL 514,Consumidor Livre,NORDESTE,43.2,17.605679
,2024-09-16,,OUTLET PREMIUM CL 514,,,43.2,17.605679
202409.0,2024-09-17,88035.0,OUTLET PREMIUM CL 514,Consumidor Livre,NORDESTE,43.2,17.37023
202409.0,2024-09-17,88035.0,OUTLET PREMIUM CL 514,Consumidor Livre,NORDESTE,43.2,17.37023
,2024-09-17,,OUTLET PREMIUM CL 514,,,43.2,17.37023
202409.0,2024-09-18,88035.0,OUTLET PREMIUM CL 514,Consumidor Livre,NORDESTE,43.2,17.554204
202409.0,2024-09-18,88035.0,OUTLET PREMIUM CL 514,Consumidor Livre,NORDESTE,43.2,17.554204
,2024-09-18,,OUTLET PREMIUM CL 514,,,43.2,17.554204
202409.0,2024-09-19,88035.0,OUTLET PREMIUM CL 514,Consumidor Livre,NORDESTE,43.2,16.768474
202409.0,2024-09-19,88035.0,OUTLET PREMIUM CL 514,Consumidor Livre,NORDESTE,43.2,16.768474
,2024-09-19,,OUTLET PREMIUM CL 514,,,43.2,16.768474
202409.0,2024-09-20,88035.0,OUTLET PREMIUM CL 514,Consumidor Livre,NORDESTE,43.2,17.779792
202409.0,2024-09-20,88035.0,OUTLET PREMIUM CL 514,Consumidor Livre,NORDESTE,43.2,17.779792
,2024-09-20,,OUTLET PREMIUM CL 514,,,43.2,17.779792
202409.0,2024-09-21,88035.0,OUTLET PREMIUM CL 514,Consumidor Livre,NORDESTE,43.2,18.245415
202409.0,2024-09-21,88035.0,OUTLET PREMIUM CL 514,Consumidor Livre,NORDESTE,43.2,18.245415
,2024-09-21,,OUTLET PREMIUM CL 514,,,43.2,18.245415
202409.0,2024-09-22,88035.0,OUTLET PREMIUM CL 514,Consumidor Livre,NORDESTE,43.2,17.48317
202409.0,2024-09-22,88035.0,OUTLET PREMIUM CL 514,Consumidor Livre,NORDESTE,43.2,17.48317
,2024-09-22,,OUTLET PREMIUM CL 514,,,43.2,17.48317
202409.0,2024-09-23,88035.0,OUTLET PREMIUM CL 514,Consumidor Livre,NORDESTE,43.2,17.905752
202409.0,2024-09-23,88035.0,OUTLET PREMIUM CL 514,Consumidor Livre,NORDESTE,43.2,17.905752
,2024-09-23,,OUTLET PREMIUM CL 514,,,43.2,17.905752
202409.0,2024-09-24,88035.0,OUTLET PREMIUM CL 514,Consumidor Livre,NORDESTE,43.2,15.981637
202409.0,2024-09-24,88035.0,OUTLET PREMIUM CL 514,Consumidor Livre,NORDESTE,43.2,15.981637
,2024-09-24,,OUTLET PREMIUM CL 514,,,43.2,15.981637
202409.0,2024-09-25,88035.0,OUTLET PREMIUM CL 514,Consumidor Livre,NORDESTE,43.2,16.945765
202409.0,2024-09-25,88035.0,OUTLET PREMIUM CL 514,Consumidor Livre,NORDESTE,43.2,16.945765
,2024-09-25,,OUTLET PREMIUM CL 514,,,43.2,16.945765
202409.0,2024-09-26,88035.0,OUTLET PREMIUM CL 514,Consumidor Livre,NORDESTE,43.2,17.851876
202409.0,2024-09-26,88035.0,OUTLET PREMIUM CL 514,Consumidor Livre,NORDESTE,43.2,17.851876
,2024-09-26,,OUTLET PREMIUM CL 514,,,43.2,17.851876
202409.0,2024-09-27,88035.0,OUTLET PREMIUM CL 514,Consumidor Livre,NORDESTE,43.2,18.729107
202409.0,2024-09-27,88035.0,OUTLET PREMIUM CL 514,Consumidor Livre,NORDESTE,43.2,18.729107
,2024-09-27,,OUTLET PREMIUM CL 514,,,43.2,18.729107
202409.0,2024-09-28,88035.0,OUTLET PREMIUM CL 514,Consumidor Livre,NORDESTE,43.2,18.781089
202409.0,2024-09-28,88035.0,OUTLET PREMIUM CL 514,Consumidor Livre,NORDESTE,43.2,18.781089
,2024-09-28,,OUTLET PREMIUM CL 514,,,43.2,18.781089
202409.0,2024-09-29,88035.0,OUTLET PREMIUM CL 514,Consumidor Livre,NORDESTE,43.2,17.381092
202409.0,2024-09-29,88035.0,OUTLET PREMIUM CL 514,Consumidor Livre,NORDESTE,43.2,17.381092
,2024-09-29,,OUTLET PREMIUM CL 514,,,43.2,17.381092
202409.0,2024-09-30,88035.0,OUTLET PREMIUM CL 514,Consumidor Livre,NORDESTE,43.2,17.516127
202409.0,2024-09-30,88035.0,OUTLET PREMIUM CL 514,Consumidor Livre,NORDESTE,43.2,17.516127
,2024-09-30,,OUTLET PREMIUM CL 514,,,43.2,17.516127
202410.0,2024-10-01,88035.0,OUTLET PREMIUM CL 514,Consumidor Livre,NORDESTE,43.2,17.822304
202410.0,2024-10-01,88035.0,OUTLET PREMIUM CL 514,Consumidor Livre,NORDESTE,43.2,17.822304
,2024-10-01,,OUTLET PREMIUM CL 514,,,43.2,17.822304
202410.0,2024-10-02,88035.0,OUTLET PREMIUM CL 514,Consumidor Livre,NORDESTE,43.2,18.481586
202410.0,2024-10-02,88035.0,OUTLET PREMIUM CL 514,Consumidor Livre,NORDESTE,43.2,18.481586
,2024-10-02,,OUTLET PREMIUM CL 514,,,43.2,18.481586
202410.0,2024-10-03,88035.0,OUTLET PREMIUM CL 514,Consumidor Livre,NORDESTE,43.2,19.591424
202410.0,2024-10-03,88035.0,OUTLET PREMIUM CL 514,Consumidor Livre,NORDESTE,43.2,19.591424
,2024-10-03,,OUTLET PREMIUM CL 514,,,43.2,19.591424
202410.0,2024-10-04,88035.0,OUTLET PREMIUM CL 514,Consumidor Livre,NORDESTE,43.2,19.849435
202410.0,2024-10-04,88035.0,OUTLET PREMIUM CL 514,Consumidor Livre,NORDESTE,43.2,19.849435
,2024-10-04,,OUTLET PREMIUM CL 514,,,43.2,19.849435
202410.0,2024-10-05,88035.0,OUTLET PREMIUM CL 514,Consumidor Livre,NORDESTE,43.2,19.716725
202410.0,2024-10-05,88035.0,OUTLET PREMIUM CL 514,Consumidor Livre,NORDESTE,43.2,19.716725
,2024-10-05,,OUTLET PREMIUM CL 514,,,43.2,19.716725
202410.0,2024-10-06,88035.0,OUTLET PREMIUM CL 514,Consumidor Livre,NORDESTE,43.2,17.81918
202410.0,2024-10-06,88035.0,OUTLET PREMIUM CL 514,Consumidor Livre,NORDESTE,43.2,17.81918
,2024-10-06,,OUTLET PREMIUM CL 514,,,43.2,17.81918
202410.0,2024-10-07,88035.0,OUTLET PREMIUM CL 514,Consumidor Livre,NORDESTE,43.2,19.084507
202410.0,2024-10-07,88035.0,OUTLET PREMIUM CL 514,Consumidor Livre,NORDESTE,43.2,19.084507
,2024-10-07,,OUTLET PREMIUM CL 514,,,43.2,19.084507
202410.0,2024-10-08,88035.0,OUTLET PREMIUM CL 514,Consumidor Livre,NORDESTE,43.2,19.665581
202410.0,2024-10-08,88035.0,OUTLET PREMIUM CL 514,Consumidor Livre,NORDESTE,43.2,19.665581
,2024-10-08,,OUTLET PREMIUM CL 514,,,43.2,19.665581
202410.0,2024-10-09,88035.0,OUTLET PREMIUM CL 514,Consumidor Livre,NORDESTE,43.2,19.845914
202410.0,2024-10-09,88035.0,OUTLET PREMIUM CL 514,Consumidor Livre,NORDESTE,43.2,19.845914
,2024-10-09,,OUTLET PREMIUM CL 514,,,43.2,19.845914
202410.0,2024-10-10,88035.0,OUTLET PREMIUM CL 514,Consumidor Livre,NORDESTE,43.2,19.71377
202410.0,2024-10-10,88035.0,OUTLET PREMIUM CL 514,Consumidor Livre,NORDESTE,43.2,19.71377
,2024-10-10,,OUTLET PREMIUM CL 514,,,43.2,19.71377
202410.0,2024-10-11,88035.0,OUTLET PREMIUM CL 514,Consumidor Livre,NORDESTE,43.2,20.190435
202410.0,2024-10-11,88035.0,OUTLET PREMIUM CL 514,Consumidor Livre,NORDESTE,43.2,20.190435
,2024-10-11,,OUTLET PREMIUM CL 514,,,43.2,20.190435
202410.0,2024-10-12,88035.0,OUTLET PREMIUM CL 514,Consumidor Livre,NORDESTE,43.2,20.217949
202410.0,2024-10-12,88035.0,OUTLET PREMIUM CL 514,Consumidor Livre,NORDESTE,43.2,20.217949
,2024-10-12,,OUTLET PREMIUM CL 514,,,43.2,20.217949
202410.0,2024-10-13,88035.0,OUTLET PREMIUM CL 514,Consumidor Livre,NORDESTE,43.2,19.427384
202410.0,2024-10-13,88035.0,OUTLET PREMIUM CL 514,Consumidor Livre,NORDESTE,43.2,19.427384
,2024-10-13,,OUTLET PREMIUM CL 514,,,43.2,19.427384
202410.0,2024-10-14,88035.0,OUTLET PREMIUM CL 514,Consumidor Livre,NORDESTE,43.2,19.488092
202410.0,2024-10-14,88035.0,OUTLET PREMIUM CL 514,Consumidor Livre,NORDESTE,43.2,19.488092
,2024-10-14,,OUTLET PREMIUM CL 514,,,43.2,19.488092
202410.0,2024-10-15,88035.0,OUTLET PREMIUM CL 514,Consumidor Livre,NORDESTE,43.2,19.139961
202410.0,2024-10-15,88035.0,OUTLET PREMIUM CL 514,Consumidor Livre,NORDESTE,43.2,19.139961
,2024-10-15,,OUTLET PREMIUM CL 514,,,43.2,19.139961
202410.0,2024-10-16,88035.0,OUTLET PREMIUM CL 514,Consumidor Livre,NORDESTE,43.2,20.228951
202410.0,2024-10-16,88035.0,OUTLET PREMIUM CL 514,Consumidor Livre,NORDESTE,43.2,20.228951
,2024-10-16,,OUTLET PREMIUM CL 514,,,43.2,20.228951
202410.0,2024-10-17,88035.0,OUTLET PREMIUM CL 514,Consumidor Livre,NORDESTE,43.2,20.537415
202410.0,2024-10-17,88035.0,OUTLET PREMIUM CL 514,Consumidor Livre,NORDESTE,43.2,20.537415
,2024-10-17,,OUTLET PREMIUM CL 514,,,43.2,20.537415
202410.0,2024-10-18,88035.0,OUTLET PREMIUM CL 514,Consumidor Livre,NORDESTE,43.2,19.911379
202410.0,2024-10-18,88035.0,OUTLET PREMIUM CL 514,Consumidor Livre,NORDESTE,43.2,19.911379
,2024-10-18,,OUTLET PREMIUM CL 514,,,43.2,19.911379
202410.0,2024-10-19,88035.0,OUTLET PREMIUM CL 514,Consumidor Livre,NORDESTE,43.2,20.666082
202410.0,2024-10-19,88035.0,OUTLET PREMIUM CL 514,Consumidor Livre,NORDESTE,43.2,20.666082
,2024-10-19,,OUTLET PREMIUM CL 514,,,43.2,20.666082
202410.0,2024-10-20,88035.0,OUTLET PREMIUM CL 514,Consumidor Livre,NORDESTE,43.2,20.410431
202410.0,2024-10-20,88035.0,OUTLET PREMIUM CL 514,Consumidor Livre,NORDESTE,43.2,20.410431
,2024-10-20,,OUTLET PREMIUM CL 514,,,43.2,20.410431
202410.0,2024-10-21,88035.0,OUTLET PREMIUM CL 514,Consumidor Livre,NORDESTE,43.2,5.622228
202410.0,2024-10-21,88035.0,OUTLET PREMIUM CL 514,Consumidor Livre,NORDESTE,43.2,5.622228
,2024-10-21,,OUTLET PREMIUM CL 514,,,43.2,5.622228
202410.0,2024-10-22,88035.0,OUTLET PREMIUM CL 514,Consumidor Livre,NORDESTE,43.2,20.371946
202410.0,2024-10-22,88035.0,OUTLET PREMIUM CL 514,Consumidor Livre,NORDESTE,43.2,20.371946
,2024-10-22,,OUTLET PREMIUM CL 514,,,43.2,20.371946
202410.0,2024-10-23,88035.0,OUTLET PREMIUM CL 514,Consumidor Livre,NORDESTE,43.2,20.508565
202410.0,2024-10-23,88035.0,OUTLET PREMIUM CL 514,Consumidor Livre,NORDESTE,43.2,20.508565
,2024-10-23,,OUTLET PREMIUM CL 514,,,43.2,20.508565
202410.0,2024-10-24,88035.0,OUTLET PREMIUM CL 514,Consumidor Livre,NORDESTE,43.2,20.576357
202410.0,2024-10-24,88035.0,OUTLET PREMIUM CL 514,Consumidor Livre,NORDESTE,43.2,20.576357
,2024-10-24,,OUTLET PREMIUM CL 514,,,43.2,20.576357
202410.0,2024-10-25,88035.0,OUTLET PREMIUM CL 514,Consumidor Livre,NORDESTE,43.2,20.739714
202410.0,2024-10-25,88035.0,OUTLET PREMIUM CL 514,Consumidor Livre,NORDESTE,43.2,20.739714
,2024-10-25,,OUTLET PREMIUM CL 514,,,43.2,20.739714
202410.0,2024-10-26,88035.0,OUTLET PREMIUM CL 514,Consumidor Livre,NORDESTE,43.2,21.130438
202410.0,2024-10-26,88035.0,OUTLET PREMIUM CL 514,Consumidor Livre,NORDESTE,43.2,21.130438
,2024-10-26,,OUTLET PREMIUM CL 514,,,43.2,21.130438
202410.0,2024-10-27,88035.0,OUTLET PREMIUM CL 514,Consumidor Livre,NORDESTE,43.2,20.372965
202410.0,2024-10-27,88035.0,OUTLET PREMIUM CL 514,Consumidor Livre,NORDESTE,43.2,20.372965
,2024-10-27,,OUTLET PREMIUM CL 514,,,43.2,20.372965
202410.0,2024-10-28,88035.0,OUTLET PREMIUM CL 514,Consumidor Livre,NORDESTE,43.2,21.122517
202410.0,2024-10-28,88035.0,OUTLET PREMIUM CL 514,Consumidor Livre,NORDESTE,43.2,21.122517
,2024-10-28,,OUTLET PREMIUM CL 514,,,43.2,21.122517
202410.0,2024-10-29,88035.0,OUTLET PREMIUM CL 514,Consumidor Livre,NORDESTE,43.2,21.292308
202410.0,2024-10-29,88035.0,OUTLET PREMIUM CL 514,Consumidor Livre,NORDESTE,43.2,21.292308
,2024-10-29,,OUTLET PREMIUM CL 514,,,43.2,21.292308
202410.0,2024-10-30,88035.0,OUTLET PREMIUM CL 514,Consumidor Livre,NORDESTE,43.2,20.190022
202410.0,2024-10-30,88035.0,OUTLET PREMIUM CL 514,Consumidor Livre,NORDESTE,43.2,20.190022
,2024-10-30,,OUTLET PREMIUM CL 514,,,43.2,20.190022
202410.0,2024-10-31,88035.0,OUTLET PREMIUM CL 514,Consumidor Livre,NORDESTE,43.2,20.087805
202410.0,2024-10-31,88035.0,OUTLET PREMIUM CL 514,Consumidor Livre,NORDESTE,43.2,20.087805
,2024-10-31,,OUTLET PREMIUM CL 514,,,43.2,20.087805
202411.0,2024-11-01,88035.0,OUTLET PREMIUM CL 514,Consumidor Livre,NORDESTE,43.2,20.60582
202411.0,2024-11-01,88035.0,OUTLET PREMIUM CL 514,Consumidor Livre,NORDESTE,43.2,20.60582
,2024-11-01,,OUTLET PREMIUM CL 514,,,43.2,20.60582
202411.0,2024-11-02,88035.0,OUTLET PREMIUM CL 514,Consumidor Livre,NORDESTE,43.2,21.342562
202411.0,2024-11-02,88035.0,OUTLET PREMIUM CL 514,Consumidor Livre,NORDESTE,43.2,21.342562
,2024-11-02,,OUTLET PREMIUM CL 514,,,43.2,21.342562
202411.0,2024-11-03,88035.0,OUTLET PREMIUM CL 514,Consumidor Livre,NORDESTE,43.2,19.986951
202411.0,2024-11-03,88035.0,OUTLET PREMIUM CL 514,Consumidor Livre,NORDESTE,43.2,19.986951
,2024-11-03,,OUTLET PREMIUM CL 514,,,43.2,19.986951
202411.0,2024-11-04,88035.0,OUTLET PREMIUM CL 514,Consumidor Livre,NORDESTE,43.2,20.741443
202411.0,2024-11-04,88035.0,OUTLET PREMIUM CL 514,Consumidor Livre,NORDESTE,43.2,20.741443
,2024-11-04,,OUTLET PREMIUM CL 514,,,43.2,20.741443
202411.0,2024-11-05,88035.0,OUTLET PREMIUM CL 514,Consumidor Livre,NORDESTE,43.2,19.710366
202411.0,2024-11-05,88035.0,OUTLET PREMIUM CL 514,Consumidor Livre,NORDESTE,43.2,19.710366
,2024-11-05,,OUTLET PREMIUM CL 514,,,43.2,19.710366
202411.0,2024-11-06,88035.0,OUTLET PREMIUM CL 514,Consumidor Livre,NORDESTE,43.2,19.640345
202411.0,2024-11-06,88035.0,OUTLET PREMIUM CL 514,Consumidor Livre,NORDESTE,43.2,19.640345
,2024-11-06,,OUTLET PREMIUM CL 514,,,43.2,19.640345
202411.0,2024-11-07,88035.0,OUTLET PREMIUM CL 514,Consumidor Livre,NORDESTE,43.2,20.519039
202411.0,2024-11-07,88035.0,OUTLET PREMIUM CL 514,Consumidor Livre,NORDESTE,43.2,20.519039
,2024-11-07,,OUTLET PREMIUM CL 514,,,43.2,20.519039
202411.0,2024-11-08,88035.0,OUTLET PREMIUM CL 514,Consumidor Livre,NORDESTE,43.2,21.434239
202411.0,2024-11-08,88035.0,OUTLET PREMIUM CL 514,Consumidor Livre,NORDESTE,43.2,21.434239
,2024-11-08,,OUTLET PREMIUM CL 514,,,43.2,21.434239
202411.0,2024-11-09,88035.0,OUTLET PREMIUM CL 514,Consumidor Livre,NORDESTE,43.2,22.045929
202411.0,2024-11-09,88035.0,OUTLET PREMIUM CL 514,Consumidor Livre,NORDESTE,43.2,22.045929
,2024-11-09,,OUTLET PREMIUM CL 514,,,43.2,22.045929
202411.0,2024-11-10,88035.0,OUTLET PREMIUM CL 514,Consumidor Livre,NORDESTE,43.2,19.78826
202411.0,2024-11-10,88035.0,OUTLET PREMIUM CL 514,Consumidor Livre,NORDESTE,43.2,19.78826
,2024-11-10,,OUTLET PREMIUM CL 514,,,43.2,19.78826
202411.0,2024-11-11,88035.0,OUTLET PREMIUM CL 514,Consumidor Livre,NORDESTE,43.2,17.049464
202411.0,2024-11-11,88035.0,OUTLET PREMIUM CL 514,Consumidor Livre,NORDESTE,43.2,17.049464
,2024-11-11,,OUTLET PREMIUM CL 514,,,43.2,17.049464
202411.0,2024-11-12,88035.0,OUTLET PREMIUM CL 514,Consumidor Livre,NORDESTE,43.2,19.972113
202411.0,2024-11-12,88035.0,OUTLET PREMIUM CL 514,Consumidor Livre,NORDESTE,43.2,19.972113
,2024-11-12,,OUTLET PREMIUM CL 514,,,43.2,19.972113
202411.0,2024-11-13,88035.0,OUTLET PREMIUM CL 514,Consumidor Livre,NORDESTE,43.2,20.997097
202411.0,2024-11-13,88035.0,OUTLET PREMIUM CL 514,Consumidor Livre,NORDESTE,43.2,20.997097
,2024-11-13,,OUTLET PREMIUM CL 514,,,43.2,20.997097
202411.0,2024-11-14,88035.0,OUTLET PREMIUM CL 514,Consumidor Livre,NORDESTE,43.2,20.865553
202411.0,2024-11-14,88035.0,OUTLET PREMIUM CL 514,Consumidor Livre,NORDESTE,43.2,20.865553
,2024-11-14,,OUTLET PREMIUM CL 514,,,43.2,20.865553
202411.0,2024-11-15,88035.0,OUTLET PREMIUM CL 514,Consumidor Livre,NORDESTE,43.2,20.802018
202411.0,2024-11-15,88035.0,OUTLET PREMIUM CL 514,Consumidor Livre,NORDESTE,43.2,20.802018
,2024-11-15,,OUTLET PREMIUM CL 514,,,43.2,20.802018
202411.0,2024-11-16,88035.0,OUTLET PREMIUM CL 514,Consumidor Livre,NORDESTE,43.2,21.390712
202411.0,2024-11-16,88035.0,OUTLET PREMIUM CL 514,Consumidor Livre,NORDESTE,43.2,21.390712
,2024-11-16,,OUTLET PREMIUM CL 514,,,43.2,21.390712
202411.0,2024-11-17,88035.0,OUTLET PREMIUM CL 514,Consumidor Livre,NORDESTE,43.2,20.284219
202411.0,2024-11-17,88035.0,OUTLET PREMIUM CL 514,Consumidor Livre,NORDESTE,43.2,20.284219
,2024-11-17,,OUTLET PREMIUM CL 514,,,43.2,20.284219
202411.0,2024-11-18,88035.0,OUTLET PREMIUM CL 514,Consumidor Livre,NORDESTE,43.2,20.569707
202411.0,2024-11-18,88035.0,OUTLET PREMIUM CL 514,Consumidor Livre,NORDESTE,43.2,20.569707
,2024-11-18,,OUTLET PREMIUM CL 514,,,43.2,20.569707
202411.0,2024-11-19,88035.0,OUTLET PREMIUM CL 514,Consumidor Livre,NORDESTE,43.2,21.49993
202411.0,2024-11-19,88035.0,OUTLET PREMIUM CL 514,Consumidor Livre,NORDESTE,43.2,21.49993
,2024-11-19,,OUTLET PREMIUM CL 514,,,43.2,21.49993
202411.0,2024-11-20,88035.0,OUTLET PREMIUM CL 514,Consumidor Livre,NORDESTE,43.2,21.774637
202411.0,2024-11-20,88035.0,OUTLET PREMIUM CL 514,Consumidor Livre,NORDESTE,43.2,21.774637
,2024-11-20,,OUTLET PREMIUM CL 514,,,43.2,21.774637
202411.0,2024-11-21,88035.0,OUTLET PREMIUM CL 514,Consumidor Livre,NORDESTE,43.2,21.334508
202411.0,2024-11-21,88035.0,OUTLET PREMIUM CL 514,Consumidor Livre,NORDESTE,43.2,21.334508
,2024-11-21,,OUTLET PREMIUM CL 514,,,43.2,21.334508
202411.0,2024-11-22,88035.0,OUTLET PREMIUM CL 514,Consumidor Livre,NORDESTE,43.2,22.167419
202411.0,2024-11-22,88035.0,OUTLET PREMIUM CL 514,Consumidor Livre,NORDESTE,43.2,22.167419
,2024-11-22,,OUTLET PREMIUM CL 514,,,43.2,22.167419
202411.0,2024-11-23,88035.0,OUTLET PREMIUM CL 514,Consumidor Livre,NORDESTE,43.2,21.943667
202411.0,2024-11-23,88035.0,OUTLET PREMIUM CL 514,Consumidor Livre,NORDESTE,43.2,21.943667
,2024-11-23,,OUTLET PREMIUM CL 514,,,43.2,21.943667
202411.0,2024-11-24,88035.0,OUTLET PREMIUM CL 514,Consumidor Livre,NORDESTE,43.2,18.870082
202411.0,2024-11-24,88035.0,OUTLET PREMIUM CL 514,Consumidor Livre,NORDESTE,43.2,18.870082
,2024-11-24,,OUTLET PREMIUM CL 514,,,43.2,18.870082
202411.0,2024-11-25,88035.0,OUTLET PREMIUM CL 514,Consumidor Livre,NORDESTE,43.2,18.234314
202411.0,2024-11-25,88035.0,OUTLET PREMIUM CL 514,Consumidor Livre,NORDESTE,43.2,18.234314
,2024-11-25,,OUTLET PREMIUM CL 514,,,43.2,18.234314
202411.0,2024-11-26,88035.0,OUTLET PREMIUM CL 514,Consumidor Livre,NORDESTE,43.2,18.384187
202411.0,2024-11-26,88035.0,OUTLET PREMIUM CL 514,Consumidor Livre,NORDESTE,43.2,18.384187
,2024-11-26,,OUTLET PREMIUM CL 514,,,43.2,18.384187
202411.0,2024-11-27,88035.0,OUTLET PREMIUM CL 514,Consumidor Livre,NORDESTE,43.2,18.014849
202411.0,2024-11-27,88035.0,OUTLET PREMIUM CL 514,Consumidor Livre,NORDESTE,43.2,18.014849
,2024-11-27,,OUTLET PREMIUM CL 514,,,43.2,18.014849
202411.0,2024-11-28,88035.0,OUTLET PREMIUM CL 514,Consumidor Livre,NORDESTE,43.2,22.909996
202411.0,2024-11-28,88035.0,OUTLET PREMIUM CL 514,Consumidor Livre,NORDESTE,43.2,22.909996
,2024-11-28,,OUTLET PREMIUM CL 514,,,43.2,22.909996
202411.0,2024-11-29,88035.0,OUTLET PREMIUM CL 514,Consumidor Livre,NORDESTE,43.2,26.585523
202411.0,2024-11-29,88035.0,OUTLET PREMIUM CL 514,Consumidor Livre,NORDESTE,43.2,26.585523
,2024-11-29,,OUTLET PREMIUM CL 514,,,43.2,26.585523
202411.0,2024-11-30,88035.0,OUTLET PREMIUM CL 514,Consumidor Livre,NORDESTE,43.2,26.410914
202411.0,2024-11-30,88035.0,OUTLET PREMIUM CL 514,Consumidor Livre,NORDESTE,43.2,26.410914
,2024-11-30,,OUTLET PREMIUM CL 514,,,43.2,26.410914
202412.0,2024-12-01,88035.0,OUTLET PREMIUM CL 514,Consumidor Livre,NORDESTE,43.2,24.73527
202412.0,2024-12-01,88035.0,OUTLET PREMIUM CL 514,Consumidor Livre,NORDESTE,43.2,24.73527
,2024-12-01,,OUTLET PREMIUM CL 514,,,43.2,24.73527
202412.0,2024-12-02,88035.0,OUTLET PREMIUM CL 514,Consumidor Livre,NORDESTE,43.2,22.922289
202412.0,2024-12-02,88035.0,OUTLET PREMIUM CL 514,Consumidor Livre,NORDESTE,43.2,22.922289
,2024-12-02,,OUTLET PREMIUM CL 514,,,43.2,22.922289
202412.0,2024-12-03,88035.0,OUTLET PREMIUM CL 514,Consumidor Livre,NORDESTE,43.2,22.191354
202412.0,2024-12-03,88035.0,OUTLET PREMIUM CL 514,Consumidor Livre,NORDESTE,43.2,22.191354
,2024-12-03,,OUTLET PREMIUM CL 514,,,43.2,22.191354
202412.0,2024-12-04,88035.0,OUTLET PREMIUM CL 514,Consumidor Livre,NORDESTE,43.2,21.822349
202412.0,2024-12-04,88035.0,OUTLET PREMIUM CL 514,Consumidor Livre,NORDESTE,43.2,21.822349
,2024-12-04,,OUTLET PREMIUM CL 514,,,43.2,21.822349
202412.0,2024-12-05,88035.0,OUTLET PREMIUM CL 514,Consumidor Livre,NORDESTE,43.2,22.457161
202412.0,2024-12-05,88035.0,OUTLET PREMIUM CL 514,Consumidor Livre,NORDESTE,43.2,22.457161
,2024-12-05,,OUTLET PREMIUM CL 514,,,43.2,22.457161
202412.0,2024-12-06,88035.0,OUTLET PREMIUM CL 514,Consumidor Livre,NORDESTE,43.2,22.22585
202412.0,2024-12-06,88035.0,OUTLET PREMIUM CL 514,Consumidor Livre,NORDESTE,43.2,22.22585
,2024-12-06,,OUTLET PREMIUM CL 514,,,43.2,22.22585
202412.0,2024-12-07,88035.0,OUTLET PREMIUM CL 514,Consumidor Livre,NORDESTE,43.2,21.806703
202412.0,2024-12-07,88035.0,OUTLET PREMIUM CL 514,Consumidor Livre,NORDESTE,43.2,21.806703
,2024-12-07,,OUTLET PREMIUM CL 514,,,43.2,21.806703
202412.0,2024-12-08,88035.0,OUTLET PREMIUM CL 514,Consumidor Livre,NORDESTE,43.2,22.559892
202412.0,2024-12-08,88035.0,OUTLET PREMIUM CL 514,Consumidor Livre,NORDESTE,43.2,22.559892
,2024-12-08,,OUTLET PREMIUM CL 514,,,43.2,22.559892
202412.0,2024-12-09,88035.0,OUTLET PREMIUM CL 514,Consumidor Livre,NORDESTE,43.2,22.928035
202412.0,2024-12-09,88035.0,OUTLET PREMIUM CL 514,Consumidor Livre,NORDESTE,43.2,22.928035
,2024-12-09,,OUTLET PREMIUM CL 514,,,43.2,22.928035
202412.0,2024-12-10,88035.0,OUTLET PREMIUM CL 514,Consumidor Livre,NORDESTE,43.2,22.215525
202412.0,2024-12-10,88035.0,OUTLET PREMIUM CL 514,Consumidor Livre,NORDESTE,43.2,22.215525
,2024-12-10,,OUTLET PREMIUM CL 514,,,43.2,22.215525
202412.0,2024-12-11,88035.0,OUTLET PREMIUM CL 514,Consumidor Livre,NORDESTE,43.2,22.439033
202412.0,2024-12-11,88035.0,OUTLET PREMIUM CL 514,Consumidor Livre,NORDESTE,43.2,22.439033
,2024-12-11,,OUTLET PREMIUM CL 514,,,43.2,22.439033
202412.0,2024-12-12,88035.0,OUTLET PREMIUM CL 514,Consumidor Livre,NORDESTE,43.2,23.238716
202412.0,2024-12-12,88035.0,OUTLET PREMIUM CL 514,Consumidor Livre,NORDESTE,43.2,23.238716
,2024-12-12,,OUTLET PREMIUM CL 514,,,43.2,23.238716
202412.0,2024-12-13,88035.0,OUTLET PREMIUM CL 514,Consumidor Livre,NORDESTE,43.2,23.109896
202412.0,2024-12-13,88035.0,OUTLET PREMIUM CL 514,Consumidor Livre,NORDESTE,43.2,23.109896
,2024-12-13,,OUTLET PREMIUM CL 514,,,43.2,23.109896
202412.0,2024-12-14,88035.0,OUTLET PREMIUM CL 514,Consumidor Livre,NORDESTE,43.2,24.224867
202412.0,2024-12-14,88035.0,OUTLET PREMIUM CL 514,Consumidor Livre,NORDESTE,43.2,24.224867
,2024-12-14,,OUTLET PREMIUM CL 514,,,43.2,24.224867
202412.0,2024-12-15,88035.0,OUTLET PREMIUM CL 514,Consumidor Livre,NORDESTE,43.2,23.426489
202412.0,2024-12-15,88035.0,OUTLET PREMIUM CL 514,Consumidor Livre,NORDESTE,43.2,23.426489
,2024-12-15,,OUTLET PREMIUM CL 514,,,43.2,23.426489
202412.0,2024-12-16,88035.0,OUTLET PREMIUM CL 514,Consumidor Livre,NORDESTE,43.2,24.045022
202412.0,2024-12-16,88035.0,OUTLET PREMIUM CL 514,Consumidor Livre,NORDESTE,43.2,24.045022
,2024-12-16,,OUTLET PREMIUM CL 514,,,43.2,24.045022
202412.0,2024-12-17,88035.0,OUTLET PREMIUM CL 514,Consumidor Livre,NORDESTE,43.2,23.576083
202412.0,2024-12-17,88035.0,OUTLET PREMIUM CL 514,Consumidor Livre,NORDESTE,43.2,23.576083
,2024-12-17,,OUTLET PREMIUM CL 514,,,43.2,23.576083
202412.0,2024-12-18,88035.0,OUTLET PREMIUM CL 514,Consumidor Livre,NORDESTE,43.2,23.424709
202412.0,2024-12-18,88035.0,OUTLET PREMIUM CL 514,Consumidor Livre,NORDESTE,43.2,23.424709
,2024-12-18,,OUTLET PREMIUM CL 514,,,43.2,23.424709
202412.0,2024-12-19,88035.0,OUTLET PREMIUM CL 514,Consumidor Livre,NORDESTE,43.2,24.018552
202412.0,2024-12-19,88035.0,OUTLET PREMIUM CL 514,Consumidor Livre,NORDESTE,43.2,24.018552
,2024-12-19,,OUTLET PREMIUM CL 514,,,43.2,24.018552
202412.0,2024-12-20,88035.0,OUTLET PREMIUM CL 514,Consumidor Livre,NORDESTE,43.2,24.070168
202412.0,2024-12-20,88035.0,OUTLET PREMIUM CL 514,Consumidor Livre,NORDESTE,43.2,24.070168
,2024-12-20,,OUTLET PREMIUM CL 514,,,43.2,24.070168
202412.0,2024-12-21,88035.0,OUTLET PREMIUM CL 514,Consumidor Livre,NORDESTE,43.2,24.590345
202412.0,2024-12-21,88035.0,OUTLET PREMIUM CL 514,Consumidor Livre,NORDESTE,43.2,24.590345
,2024-12-21,,OUTLET PREMIUM CL 514,,,43.2,24.590345
202412.0,2024-12-22,88035.0,OUTLET PREMIUM CL 514,Consumidor Livre,NORDESTE,43.2,24.31401
202412.0,2024-12-22,88035.0,OUTLET PREMIUM CL 514,Consumidor Livre,NORDESTE,43.2,24.31401
,2024-12-22,,OUTLET PREMIUM CL 514,,,43.2,24.31401
202412.0,2024-12-23,88035.0,OUTLET PREMIUM CL 514,Consumidor Livre,NORDESTE,43.2,24.611411
202412.0,2024-12-23,88035.0,OUTLET PREMIUM CL 514,Consumidor Livre,NORDESTE,43.2,24.611411
,2024-12-23,,OUTLET PREMIUM CL 514,,,43.2,24.611411
202412.0,2024-12-24,88035.0,OUTLET PREMIUM CL 514,Consumidor Livre,NORDESTE,43.2,17.065234
202412.0,2024-12-24,88035.0,OUTLET PREMIUM CL 514,Consumidor Livre,NORDESTE,43.2,17.065234
,2024-12-24,,OUTLET PREMIUM CL 514,,,43.2,17.065234
202412.0,2024-12-25,88035.0,OUTLET PREMIUM CL 514,Consumidor Livre,NORDESTE,43.2,3.03855
202412.0,2024-12-25,88035.0,OUTLET PREMIUM CL 514,Consumidor Livre,NORDESTE,43.2,3.03855
,2024-12-25,,OUTLET PREMIUM CL 514,,,43.2,3.03855
202412.0,2024-12-26,88035.0,OUTLET PREMIUM CL 514,Consumidor Livre,NORDESTE,43.2,22.372951
202412.0,2024-12-26,88035.0,OUTLET PREMIUM CL 514,Consumidor Livre,NORDESTE,43.2,22.372951
,2024-12-26,,OUTLET PREMIUM CL 514,,,43.2,22.372951
202412.0,2024-12-27,88035.0,OUTLET PREMIUM CL 514,Consumidor Livre,NORDESTE,43.2,23.25316
202412.0,2024-12-27,88035.0,OUTLET PREMIUM CL 514,Consumidor Livre,NORDESTE,43.2,23.25316
,2024-12-27,,OUTLET PREMIUM CL 514,,,43.2,23.25316
202412.0,2024-12-28,88035.0,OUTLET PREMIUM CL 514,Consumidor Livre,NORDESTE,43.2,23.012004
202412.0,2024-12-28,88035.0,OUTLET PREMIUM CL 514,Consumidor Livre,NORDESTE,43.2,23.012004
,2024-12-28,,OUTLET PREMIUM CL 514,,,43.2,23.012004
202412.0,2024-12-29,88035.0,OUTLET PREMIUM CL 514,Consumidor Livre,NORDESTE,43.2,22.520057
202412.0,2024-12-29,88035.0,OUTLET PREMIUM CL 514,Consumidor Livre,NORDESTE,43.2,22.520057
,2024-12-29,,OUTLET PREMIUM CL 514,,,43.2,22.520057
202412.0,2024-12-30,88035.0,OUTLET PREMIUM CL 514,Consumidor Livre,NORDESTE,43.2,22.713947
202412.0,2024-12-30,88035.0,OUTLET PREMIUM CL 514,Consumidor Livre,NORDESTE,43.2,22.713947
,2024-12-30,,OUTLET PREMIUM CL 514,,,43.2,22.713947
202412.0,2024-12-31,88035.0,OUTLET PREMIUM CL 514,Consumidor Livre,NORDESTE,43.2,16.664405
202412.0,2024-12-31,88035.0,OUTLET PREMIUM CL 514,Consumidor Livre,NORDESTE,43.2,16.664405
,2024-12-31,,OUTLET PREMIUM CL 514,,,43.2,16.664405
202501.0,2025-01-01,88035.0,OUTLET PREMIUM CL 514,Consumidor Livre,NORDESTE,43.2,3.034784
202501.0,2025-01-01,88035.0,OUTLET PREMIUM CL 514,Consumidor Livre,NORDESTE,43.2,3.034784
,2025-01-01,,OUTLET PREMIUM CL 514,,,43.2,3.034784
202501.0,2025-01-02,88035.0,OUTLET PREMIUM CL 514,Consumidor Livre,NORDESTE,43.2,22.546147
202501.0,2025-01-02,88035.0,OUTLET PREMIUM CL 514,Consumidor Livre,NORDESTE,43.2,22.546147
,2025-01-02,,OUTLET PREMIUM CL 514,,,43.2,22.546147
202501.0,2025-01-03,88035.0,OUTLET PREMIUM CL 514,Consumidor Livre,NORDESTE,43.2,23.07972
202501.0,2025-01-03,88035.0,OUTLET PREMIUM CL 514,Consumidor Livre,NORDESTE,43.2,23.07972
,2025-01-03,,OUTLET PREMIUM CL 514,,,43.2,23.07972
202501.0,2025-01-04,88035.0,OUTLET PREMIUM CL 514,Consumidor Livre,NORDESTE,43.2,23.81321
202501.0,2025-01-04,88035.0,OUTLET PREMIUM CL 514,Consumidor Livre,NORDESTE,43.2,23.81321
,2025-01-04,,OUTLET PREMIUM CL 514,,,43.2,23.81321
202501.0,2025-01-05,88035.0,OUTLET PREMIUM CL 514,Consumidor Livre,NORDESTE,43.2,22.609343
202501.0,2025-01-05,88035.0,OUTLET PREMIUM CL 514,Consumidor Livre,NORDESTE,43.2,22.609343
,2025-01-05,,OUTLET PREMIUM CL 514,,,43.2,22.609343
202501.0,2025-01-06,88035.0,OUTLET PREMIUM CL 514,Consumidor Livre,NORDESTE,43.2,23.479166
202501.0,2025-01-06,88035.0,OUTLET PREMIUM CL 514,Consumidor Livre,NORDESTE,43.2,23.479166
,2025-01-06,,OUTLET PREMIUM CL 514,,,43.2,23.479166
202501.0,2025-01-07,88035.0,OUTLET PREMIUM CL 514,Consumidor Livre,NORDESTE,43.2,22.062876
202501.0,2025-01-07,88035.0,OUTLET PREMIUM CL 514,Consumidor Livre,NORDESTE,43.2,22.062876
,2025-01-07,,OUTLET PREMIUM CL 514,,,43.2,22.062876
202501.0,2025-01-08,88035.0,OUTLET PREMIUM CL 514,Consumidor Livre,NORDESTE,43.2,21.660118
202501.0,2025-01-08,88035.0,OUTLET PREMIUM CL 514,Consumidor Livre,NORDESTE,43.2,21.660118
,2025-01-08,,OUTLET PREMIUM CL 514,,,43.2,21.660118
202501.0,2025-01-09,88035.0,OUTLET PREMIUM CL 514,Consumidor Livre,NORDESTE,43.2,22.433857
202501.0,2025-01-09,88035.0,OUTLET PREMIUM CL 514,Consumidor Livre,NORDESTE,43.2,22.433857
,2025-01-09,,OUTLET PREMIUM CL 514,,,43.2,22.433857
202501.0,2025-01-10,88035.0,OUTLET PREMIUM CL 514,Consumidor Livre,NORDESTE,43.2,19.939632
202501.0,2025-01-10,88035.0,OUTLET PREMIUM CL 514,Consumidor Livre,NORDESTE,43.2,19.939632
,2025-01-10,,OUTLET PREMIUM CL 514,,,43.2,19.939632
202501.0,2025-01-11,88035.0,OUTLET PREMIUM CL 514,Consumidor Livre,NORDESTE,43.2,21.039541
202501.0,2025-01-11,88035.0,OUTLET PREMIUM CL 514,Consumidor Livre,NORDESTE,43.2,21.039541
,2025-01-11,,OUTLET PREMIUM CL 514,,,43.2,21.039541
202501.0,2025-01-12,88035.0,OUTLET PREMIUM CL 514,Consumidor Livre,NORDESTE,43.2,17.955872
202501.0,2025-01-12,88035.0,OUTLET PREMIUM CL 514,Consumidor Livre,NORDESTE,43.2,17.955872
,2025-01-12,,OUTLET PREMIUM CL 514,,,43.2,17.955872
202501.0,2025-01-13,88035.0,OUTLET PREMIUM CL 514,Consumidor Livre,NORDESTE,43.2,19.593156
202501.0,2025-01-13,88035.0,OUTLET PREMIUM CL 514,Consumidor Livre,NORDESTE,43.2,19.593156
,2025-01-13,,OUTLET PREMIUM CL 514,,,43.2,19.593156
202501.0,2025-01-14,88035.0,OUTLET PREMIUM CL 514,Consumidor Livre,NORDESTE,43.2,22.322498
202501.0,2025-01-14,88035.0,OUTLET PREMIUM CL 514,Consumidor Livre,NORDESTE,43.2,22.322498
,2025-01-14,,OUTLET PREMIUM CL 514,,,43.2,22.322498
202501.0,2025-01-15,88035.0,OUTLET PREMIUM CL 514,Consumidor Livre,NORDESTE,43.2,20.233768
202501.0,2025-01-15,88035.0,OUTLET PREMIUM CL 514,Consumidor Livre,NORDESTE,43.2,20.233768
,2025-01-15,,OUTLET PREMIUM CL 514,,,43.2,20.233768
202501.0,2025-01-16,88035.0,OUTLET PREMIUM CL 514,Consumidor Livre,NORDESTE,43.2,22.488484
202501.0,2025-01-16,88035.0,OUTLET PREMIUM CL 514,Consumidor Livre,NORDESTE,43.2,22.488484
,2025-01-16,,OUTLET PREMIUM CL 514,,,43.2,22.488484
202501.0,2025-01-17,88035.0,OUTLET PREMIUM CL 514,Consumidor Livre,NORDESTE,43.2,21.650138
202501.0,2025-01-17,88035.0,OUTLET PREMIUM CL 514,Consumidor Livre,NORDESTE,43.2,21.650138
,2025-01-17,,OUTLET PREMIUM CL 514,,,43.2,21.650138
202501.0,2025-01-18,88035.0,OUTLET PREMIUM CL 514,Consumidor Livre,NORDESTE,43.2,19.955149
202501.0,2025-01-18,88035.0,OUTLET PREMIUM CL 514,Consumidor Livre,NORDESTE,43.2,19.955149
,2025-01-18,,OUTLET PREMIUM CL 514,,,43.2,19.955149
202501.0,2025-01-19,88035.0,OUTLET PREMIUM CL 514,Consumidor Livre,NORDESTE,43.2,20.817726
202501.0,2025-01-19,88035.0,OUTLET PREMIUM CL 514,Consumidor Livre,NORDESTE,43.2,20.817726
,2025-01-19,,OUTLET PREMIUM CL 514,,,43.2,20.817726
202501.0,2025-01-20,88035.0,OUTLET PREMIUM CL 514,Consumidor Livre,NORDESTE,43.2,22.76534
202501.0,2025-01-20,88035.0,OUTLET PREMIUM CL 514,Consumidor Livre,NORDESTE,43.2,22.76534
,2025-01-20,,OUTLET PREMIUM CL 514,,,43.2,22.76534
202501.0,2025-01-21,88035.0,OUTLET PREMIUM CL 514,Consumidor Livre,NORDESTE,43.2,22.656585
202501.0,2025-01-21,88035.0,OUTLET PREMIUM CL 514,Consumidor Livre,NORDESTE,43.2,22.656585
,2025-01-21,,OUTLET PREMIUM CL 514,,,43.2,22.656585
202501.0,2025-01-22,88035.0,OUTLET PREMIUM CL 514,Consumidor Livre,NORDESTE,43.2,23.634723
202501.0,2025-01-22,88035.0,OUTLET PREMIUM CL 514,Consumidor Livre,NORDESTE,43.2,23.634723
,2025-01-22,,OUTLET PREMIUM CL 514,,,43.2,23.634723
202501.0,2025-01-23,88035.0,OUTLET PREMIUM CL 514,Consumidor Livre,NORDESTE,43.2,22.582668
202501.0,2025-01-23,88035.0,OUTLET PREMIUM CL 514,Consumidor Livre,NORDESTE,43.2,22.582668
,2025-01-23,,OUTLET PREMIUM CL 514,,,43.2,22.582668
202501.0,2025-01-24,88035.0,OUTLET PREMIUM CL 514,Consumidor Livre,NORDESTE,43.2,22.17641
202501.0,2025-01-24,88035.0,OUTLET PREMIUM CL 514,Consumidor Livre,NORDESTE,43.2,22.17641
,2025-01-24,,OUTLET PREMIUM CL 514,,,43.2,22.17641
202501.0,2025-01-25,88035.0,OUTLET PREMIUM CL 514,Consumidor Livre,NORDESTE,43.2,23.259223
202501.0,2025-01-25,88035.0,OUTLET PREMIUM CL 514,Consumidor Livre,NORDESTE,43.2,23.259223
,2025-01-25,,OUTLET PREMIUM CL 514,,,43.2,23.259223
202501.0,2025-01-26,88035.0,OUTLET PREMIUM CL 514,Consumidor Livre,NORDESTE,43.2,22.202786
202501.0,2025-01-26,88035.0,OUTLET PREMIUM CL 514,Consumidor Livre,NORDESTE,43.2,22.202786
,2025-01-26,,OUTLET PREMIUM CL 514,,,43.2,22.202786
202501.0,2025-01-27,88035.0,OUTLET PREMIUM CL 514,Consumidor Livre,NORDESTE,43.2,22.712365
202501.0,2025-01-27,88035.0,OUTLET PREMIUM CL 514,Consumidor Livre,NORDESTE,43.2,22.712365
,2025-01-27,,OUTLET PREMIUM CL 514,,,43.2,22.712365
202501.0,2025-01-28,88035.0,OUTLET PREMIUM CL 514,Consumidor Livre,NORDESTE,43.2,22.894563
202501.0,2025-01-28,88035.0,OUTLET PREMIUM CL 514,Consumidor Livre,NORDESTE,43.2,22.894563
,2025-01-28,,OUTLET PREMIUM CL 514,,,43.2,22.894563
202501.0,2025-01-29,88035.0,OUTLET PREMIUM CL 514,Consumidor Livre,NORDESTE,43.2,22.557764
202501.0,2025-01-29,88035.0,OUTLET PREMIUM CL 514,Consumidor Livre,NORDESTE,43.2,22.557764
,2025-01-29,,OUTLET PREMIUM CL 514,,,43.2,22.557764
202501.0,2025-01-30,88035.0,OUTLET PREMIUM CL 514,Consumidor Livre,NORDESTE,43.2,22.660591
202501.0,2025-01-30,88035.0,OUTLET PREMIUM CL 514,Consumidor Livre,NORDESTE,43.2,22.660591
,2025-01-30,,OUTLET PREMIUM CL 514,,,43.2,22.660591
202501.0,2025-01-31,88035.0,OUTLET PREMIUM CL 514,Consumidor Livre,NORDESTE,43.2,23.838038
202501.0,2025-01-31,88035.0,OUTLET PREMIUM CL 514,Consumidor Livre,NORDESTE,43.2,23.838038
,2025-01-31,,OUTLET PREMIUM CL 514,,,43.2,23.838038
202502.0,2025-02-01,88035.0,OUTLET PREMIUM CL 514,Consumidor Livre,NORDESTE,43.2,23.839207
202502.0,2025-02-01,88035.0,OUTLET PREMIUM CL 514,Consumidor Livre,NORDESTE,43.2,23.839207
,2025-02-01,,OUTLET PREMIUM CL 514,,,43.2,23.839207
202502.0,2025-02-02,88035.0,OUTLET PREMIUM CL 514,Consumidor Livre,NORDESTE,43.2,23.44877
202502.0,2025-02-02,88035.0,OUTLET PREMIUM CL 514,Consumidor Livre,NORDESTE,43.2,23.44877
,2025-02-02,,OUTLET PREMIUM CL 514,,,43.2,23.44877
202502.0,2025-02-03,88035.0,OUTLET PREMIUM CL 514,Consumidor Livre,NORDESTE,43.2,23.68466
202502.0,2025-02-03,88035.0,OUTLET PREMIUM CL 514,Consumidor Livre,NORDESTE,43.2,23.68466
,2025-02-03,,OUTLET PREMIUM CL 514,,,43.2,23.68466
202502.0,2025-02-04,88035.0,OUTLET PREMIUM CL 514,Consumidor Livre,NORDESTE,43.2,23.938628
202502.0,2025-02-04,88035.0,OUTLET PREMIUM CL 514,Consumidor Livre,NORDESTE,43.2,23.938628
,2025-02-04,,OUTLET PREMIUM CL 514,,,43.2,23.938628
202502.0,2025-02-05,88035.0,OUTLET PREMIUM CL 514,Consumidor Livre,NORDESTE,43.2,23.624326
202502.0,2025-02-05,88035.0,OUTLET PREMIUM CL 514,Consumidor Livre,NORDESTE,43.2,23.624326
,2025-02-05,,OUTLET PREMIUM CL 514,,,43.2,23.624326
202502.0,2025-02-06,88035.0,OUTLET PREMIUM CL 514,Consumidor Livre,NORDESTE,43.2,22.130339
202502.0,2025-02-06,88035.0,OUTLET PREMIUM CL 514,Consumidor Livre,NORDESTE,43.2,22.130339
,2025-02-06,,OUTLET PREMIUM CL 514,,,43.2,22.130339
202502.0,2025-02-07,88035.0,OUTLET PREMIUM CL 514,Consumidor Livre,NORDESTE,43.2,22.205351
202502.0,2025-02-07,88035.0,OUTLET PREMIUM CL 514,Consumidor Livre,NORDESTE,43.2,22.205351
,2025-02-07,,OUTLET PREMIUM CL 514,,,43.2,22.205351
202502.0,2025-02-08,88035.0,OUTLET PREMIUM CL 514,Consumidor Livre,NORDESTE,43.2,22.612322
202502.0,2025-02-08,88035.0,OUTLET PREMIUM CL 514,Consumidor Livre,NORDESTE,43.2,22.612322
,2025-02-08,,OUTLET PREMIUM CL 514,,,43.2,22.612322
202502.0,2025-02-09,88035.0,OUTLET PREMIUM CL 514,Consumidor Livre,NORDESTE,43.2,22.529457
202502.0,2025-02-09,88035.0,OUTLET PREMIUM CL 514,Consumidor Livre,NORDESTE,43.2,22.529457
,2025-02-09,,OUTLET PREMIUM CL 514,,,43.2,22.529457
202502.0,2025-02-10,88035.0,OUTLET PREMIUM CL 514,Consumidor Livre,NORDESTE,43.2,22.577798
202502.0,2025-02-10,88035.0,OUTLET PREMIUM CL 514,Consumidor Livre,NORDESTE,43.2,22.577798
,2025-02-10,,OUTLET PREMIUM CL 514,,,43.2,22.577798
202502.0,2025-02-11,88035.0,OUTLET PREMIUM CL 514,Consumidor Livre,NORDESTE,43.2,23.293701
202502.0,2025-02-11,88035.0,OUTLET PREMIUM CL 514,Consumidor Livre,NORDESTE,43.2,23.293701
,2025-02-11,,OUTLET PREMIUM CL 514,,,43.2,23.293701
202502.0,2025-02-12,88035.0,OUTLET PREMIUM CL 514,Consumidor Livre,NORDESTE,43.2,23.331413
202502.0,2025-02-12,88035.0,OUTLET PREMIUM CL 514,Consumidor Livre,NORDESTE,43.2,23.331413
,2025-02-12,,OUTLET PREMIUM CL 514,,,43.2,23.331413
202502.0,2025-02-13,88035.0,OUTLET PREMIUM CL 514,Consumidor Livre,NORDESTE,43.2,22.887931
202502.0,2025-02-13,88035.0,OUTLET PREMIUM CL 514,Consumidor Livre,NORDESTE,43.2,22.887931
,2025-02-13,,OUTLET PREMIUM CL 514,,,43.2,22.887931
202502.0,2025-02-14,88035.0,OUTLET PREMIUM CL 514,Consumidor Livre,NORDESTE,43.2,23.906867
202502.0,2025-02-14,88035.0,OUTLET PREMIUM CL 514,Consumidor Livre,NORDESTE,43.2,23.906867
,2025-02-14,,OUTLET PREMIUM CL 514,,,43.2,23.906867
202502.0,2025-02-15,88035.0,OUTLET PREMIUM CL 514,Consumidor Livre,NORDESTE,43.2,24.146649
202502.0,2025-02-15,88035.0,OUTLET PREMIUM CL 514,Consumidor Livre,NORDESTE,43.2,24.146649
,2025-02-15,,OUTLET PREMIUM CL 514,,,43.2,24.146649
202502.0,2025-02-16,88035.0,OUTLET PREMIUM CL 514,Consumidor Livre,NORDESTE,43.2,21.96326
202502.0,2025-02-16,88035.0,OUTLET PREMIUM CL 514,Consumidor Livre,NORDESTE,43.2,21.96326
,2025-02-16,,OUTLET PREMIUM CL 514,,,43.2,21.96326
202502.0,2025-02-17,88035.0,OUTLET PREMIUM CL 514,Consumidor Livre,NORDESTE,43.2,22.487416
202502.0,2025-02-17,88035.0,OUTLET PREMIUM CL 514,Consumidor Livre,NORDESTE,43.2,22.487416
,2025-02-17,,OUTLET PREMIUM CL 514,,,43.2,22.487416
202502.0,2025-02-18,88035.0,OUTLET PREMIUM CL 514,Consumidor Livre,NORDESTE,43.2,22.713943
202502.0,2025-02-18,88035.0,OUTLET PREMIUM CL 514,Consumidor Livre,NORDESTE,43.2,22.713943
,2025-02-18,,OUTLET PREMIUM CL 514,,,43.2,22.713943
202502.0,2025-02-19,88035.0,OUTLET PREMIUM CL 514,Consumidor Livre,NORDESTE,43.2,23.058402
202502.0,2025-02-19,88035.0,OUTLET PREMIUM CL 514,Consumidor Livre,NORDESTE,43.2,23.058402
,2025-02-19,,OUTLET PREMIUM CL 514,,,43.2,23.058402
202502.0,2025-02-20,88035.0,OUTLET PREMIUM CL 514,Consumidor Livre,NORDESTE,43.2,23.306162
202502.0,2025-02-20,88035.0,OUTLET PREMIUM CL 514,Consumidor Livre,NORDESTE,43.2,23.306162
,2025-02-20,,OUTLET PREMIUM CL 514,,,43.2,23.306162
202502.0,2025-02-21,88035.0,OUTLET PREMIUM CL 514,Consumidor Livre,NORDESTE,43.2,23.552006
202502.0,2025-02-21,88035.0,OUTLET PREMIUM CL 514,Consumidor Livre,NORDESTE,43.2,23.552006
,2025-02-21,,OUTLET PREMIUM CL 514,,,43.2,23.552006
202502.0,2025-02-22,88035.0,OUTLET PREMIUM CL 514,Consumidor Livre,NORDESTE,43.2,23.121954
202502.0,2025-02-22,88035.0,OUTLET PREMIUM CL 514,Consumidor Livre,NORDESTE,43.2,23.121954
,2025-02-22,,OUTLET PREMIUM CL 514,,,43.2,23.121954
202502.0,2025-02-23,88035.0,OUTLET PREMIUM CL 514,Consumidor Livre,NORDESTE,43.2,22.89859
202502.0,2025-02-23,88035.0,OUTLET PREMIUM CL 514,Consumidor Livre,NORDESTE,43.2,22.89859
,2025-02-23,,OUTLET PREMIUM CL 514,,,43.2,22.89859
202502.0,2025-02-24,88035.0,OUTLET PREMIUM CL 514,Consumidor Livre,NORDESTE,43.2,23.291333
202502.0,2025-02-24,88035.0,OUTLET PREMIUM CL 514,Consumidor Livre,NORDESTE,43.2,23.291333
,2025-02-24,,OUTLET PREMIUM CL 514,,,43.2,23.291333
202502.0,2025-02-25,88035.0,OUTLET PREMIUM CL 514,Consumidor Livre,NORDESTE,43.2,23.124051
202502.0,2025-02-25,88035.0,OUTLET PREMIUM CL 514,Consumidor Livre,NORDESTE,43.2,23.124051
,2025-02-25,,OUTLET PREMIUM CL 514,,,43.2,23.124051
202502.0,2025-02-26,88035.0,OUTLET PREMIUM CL 514,Consumidor Livre,NORDESTE,43.2,22.625281
202502.0,2025-02-26,88035.0,OUTLET PREMIUM CL 514,Consumidor Livre,NORDESTE,43.2,22.625281
,2025-02-26,,OUTLET PREMIUM CL 514,,,43.2,22.625281
202502.0,2025-02-27,88035.0,OUTLET PREMIUM CL 514,Consumidor Livre,NORDESTE,43.2,20.236285
202502.0,2025-02-27,88035.0,OUTLET PREMIUM CL 514,Consumidor Livre,NORDESTE,43.2,20.236285
,2025-02-27,,OUTLET PREMIUM CL 514,,,43.2,20.236285
202502.0,2025-02-28,88035.0,OUTLET PREMIUM CL 514,Consumidor Livre,NORDESTE,43.2,22.233018
202502.0,2025-02-28,88035.0,OUTLET PREMIUM CL 514,Consumidor Livre,NORDESTE,43.2,22.233018
,2025-02-28,,OUTLET PREMIUM CL 514,,,43.2,22.233018
202503.0,2025-03-01,88035.0,OUTLET PREMIUM CL 514,Consumidor Livre,NORDESTE,43.2,20.483849
202503.0,2025-03-01,88035.0,OUTLET PREMIUM CL 514,Consumidor Livre,NORDESTE,43.2,20.483849
,2025-03-01,,OUTLET PREMIUM CL 514,,,43.2,20.483849
202503.0,2025-03-02,88035.0,OUTLET PREMIUM CL 514,Consumidor Livre,NORDESTE,43.2,6.061344
202503.0,2025-03-02,88035.0,OUTLET PREMIUM CL 514,Consumidor Livre,NORDESTE,43.2,6.061344
,2025-03-02,,OUTLET PREMIUM CL 514,,,43.2,6.061344
202503.0,2025-03-03,88035.0,OUTLET PREMIUM CL 514,Consumidor Livre,NORDESTE,43.2,21.345941
202503.0,2025-03-03,88035.0,OUTLET PREMIUM CL 514,Consumidor Livre,NORDESTE,43.2,21.345941
,2025-03-03,,OUTLET PREMIUM CL 514,,,43.2,21.345941
202503.0,2025-03-04,88035.0,OUTLET PREMIUM CL 514,Consumidor Livre,NORDESTE,43.2,20.038272
202503.0,2025-03-04,88035.0,OUTLET PREMIUM CL 514,Consumidor Livre,NORDESTE,43.2,20.038272
,2025-03-04,,OUTLET PREMIUM CL 514,,,43.2,20.038272
202503.0,2025-03-05,88035.0,OUTLET PREMIUM CL 514,Consumidor Livre,NORDESTE,43.2,19.250241
202503.0,2025-03-05,88035.0,OUTLET PREMIUM CL 514,Consumidor Livre,NORDESTE,43.2,19.250241
,2025-03-05,,OUTLET PREMIUM CL 514,,,43.2,19.250241
202503.0,2025-03-06,88035.0,OUTLET PREMIUM CL 514,Consumidor Livre,NORDESTE,43.2,22.25764
202503.0,2025-03-06,88035.0,OUTLET PREMIUM CL 514,Consumidor Livre,NORDESTE,43.2,22.25764
,2025-03-06,,OUTLET PREMIUM CL 514,,,43.2,22.25764
202503.0,2025-03-07,88035.0,OUTLET PREMIUM CL 514,Consumidor Livre,NORDESTE,43.2,22.599057
202503.0,2025-03-07,88035.0,OUTLET PREMIUM CL 514,Consumidor Livre,NORDESTE,43.2,22.599057
,2025-03-07,,OUTLET PREMIUM CL 514,,,43.2,22.599057
202503.0,2025-03-08,88035.0,OUTLET PREMIUM CL 514,Consumidor Livre,NORDESTE,43.2,22.20584
202503.0,2025-03-08,88035.0,OUTLET PREMIUM CL 514,Consumidor Livre,NORDESTE,43.2,22.20584
,2025-03-08,,OUTLET PREMIUM CL 514,,,43.2,22.20584
202503.0,2025-03-09,88035.0,OUTLET PREMIUM CL 514,Consumidor Livre,NORDESTE,43.2,22.258566
202503.0,2025-03-09,88035.0,OUTLET PREMIUM CL 514,Consumidor Livre,NORDESTE,43.2,22.258566
,2025-03-09,,OUTLET PREMIUM CL 514,,,43.2,22.258566
202503.0,2025-03-10,88035.0,OUTLET PREMIUM CL 514,Consumidor Livre,NORDESTE,43.2,23.108075
202503.0,2025-03-10,88035.0,OUTLET PREMIUM CL 514,Consumidor Livre,NORDESTE,43.2,23.108075
,2025-03-10,,OUTLET PREMIUM CL 514,,,43.2,23.108075
202503.0,2025-03-11,88035.0,OUTLET PREMIUM CL 514,Consumidor Livre,NORDESTE,43.2,23.431144
202503.0,2025-03-11,88035.0,OUTLET PREMIUM CL 514,Consumidor Livre,NORDESTE,43.2,23.431144
,2025-03-11,,OUTLET PREMIUM CL 514,,,43.2,23.431144
202503.0,2025-03-12,88035.0,OUTLET PREMIUM CL 514,Consumidor Livre,NORDESTE,43.2,22.586252
202503.0,2025-03-12,88035.0,OUTLET PREMIUM CL 514,Consumidor Livre,NORDESTE,43.2,22.586252
,2025-03-12,,OUTLET PREMIUM CL 514,,,43.2,22.586252
202503.0,2025-03-13,88035.0,OUTLET PREMIUM CL 514,Consumidor Livre,NORDESTE,43.2,22.411721
202503.0,2025-03-13,88035.0,OUTLET PREMIUM CL 514,Consumidor Livre,NORDESTE,43.2,22.411721
,2025-03-13,,OUTLET PREMIUM CL 514,,,43.2,22.411721
202503.0,2025-03-14,88035.0,OUTLET PREMIUM CL 514,Consumidor Livre,NORDESTE,43.2,23.07986
202503.0,2025-03-14,88035.0,OUTLET PREMIUM CL 514,Consumidor Livre,NORDESTE,43.2,23.07986
,2025-03-14,,OUTLET PREMIUM CL 514,,,43.2,23.07986
202503.0,2025-03-15,88035.0,OUTLET PREMIUM CL 514,Consumidor Livre,NORDESTE,43.2,23.309554
202503.0,2025-03-15,88035.0,OUTLET PREMIUM CL 514,Consumidor Livre,NORDESTE,43.2,23.309554
,2025-03-15,,OUTLET PREMIUM CL 514,,,43.2,23.309554
202503.0,2025-03-16,88035.0,OUTLET PREMIUM CL 514,Consumidor Livre,NORDESTE,43.2,22.05254
202503.0,2025-03-16,88035.0,OUTLET PREMIUM CL 514,Consumidor Livre,NORDESTE,43.2,22.05254
,2025-03-16,,OUTLET PREMIUM CL 514,,,43.2,22.05254
202503.0,2025-03-17,88035.0,OUTLET PREMIUM CL 514,Consumidor Livre,NORDESTE,43.2,22.595941
202503.0,2025-03-17,88035.0,OUTLET PREMIUM CL 514,Consumidor Livre,NORDESTE,43.2,22.595941
,2025-03-17,,OUTLET PREMIUM CL 514,,,43.2,22.595941
202503.0,2025-03-18,88035.0,OUTLET PREMIUM CL 514,Consumidor Livre,NORDESTE,43.2,22.372085
202503.0,2025-03-18,88035.0,OUTLET PREMIUM CL 514,Consumidor Livre,NORDESTE,43.2,22.372085
,2025-03-18,,OUTLET PREMIUM CL 514,,,43.2,22.372085
202503.0,2025-03-19,88035.0,OUTLET PREMIUM CL 514,Consumidor Livre,NORDESTE,43.2,23.332887
202503.0,2025-03-19,88035.0,OUTLET PREMIUM CL 514,Consumidor Livre,NORDESTE,43.2,23.332887
,2025-03-19,,OUTLET PREMIUM CL 514,,,43.2,23.332887
202503.0,2025-03-20,88035.0,OUTLET PREMIUM CL 514,Consumidor Livre,NORDESTE,43.2,23.352793
202503.0,2025-03-20,88035.0,OUTLET PREMIUM CL 514,Consumidor Livre,NORDESTE,43.2,23.352793
,2025-03-20,,OUTLET PREMIUM CL 514,,,43.2,23.352793
202503.0,2025-03-21,88035.0,OUTLET PREMIUM CL 514,Consumidor Livre,NORDESTE,43.2,22.814021
202503.0,2025-03-21,88035.0,OUTLET PREMIUM CL 514,Consumidor Livre,NORDESTE,43.2,22.814021
,2025-03-21,,OUTLET PREMIUM CL 514,,,43.2,22.814021
202503.0,2025-03-22,88035.0,OUTLET PREMIUM CL 514,Consumidor Livre,NORDESTE,43.2,22.133745
202503.0,2025-03-22,88035.0,OUTLET PREMIUM CL 514,Consumidor Livre,NORDESTE,43.2,22.133745
,2025-03-22,,OUTLET PREMIUM CL 514,,,43.2,22.133745
202503.0,2025-03-23,88035.0,OUTLET PREMIUM CL 514,Consumidor Livre,NORDESTE,43.2,21.616723
202503.0,2025-03-23,88035.0,OUTLET PREMIUM CL 514,Consumidor Livre,NORDESTE,43.2,21.616723
,2025-03-23,,OUTLET PREMIUM CL 514,,,43.2,21.616723
202503.0,2025-03-24,88035.0,OUTLET PREMIUM CL 514,Consumidor Livre,NORDESTE,43.2,22.815101
202503.0,2025-03-24,88035.0,OUTLET PREMIUM CL 514,Consumidor Livre,NORDESTE,43.2,22.815101
,2025-03-24,,OUTLET PREMIUM CL 514,,,43.2,22.815101
202503.0,2025-03-25,88035.0,OUTLET PREMIUM CL 514,Consumidor Livre,NORDESTE,43.2,22.899652
202503.0,2025-03-25,88035.0,OUTLET PREMIUM CL 514,Consumidor Livre,NORDESTE,43.2,22.899652
,2025-03-25,,OUTLET PREMIUM CL 514,,,43.2,22.899652
202503.0,2025-03-26,88035.0,OUTLET PREMIUM CL 514,Consumidor Livre,NORDESTE,43.2,22.984233
202503.0,2025-03-26,88035.0,OUTLET PREMIUM CL 514,Consumidor Livre,NORDESTE,43.2,22.984233
,2025-03-26,,OUTLET PREMIUM CL 514,,,43.2,22.984233
202503.0,2025-03-27,88035.0,OUTLET PREMIUM CL 514,Consumidor Livre,NORDESTE,43.2,23.781439
202503.0,2025-03-27,88035.0,OUTLET PREMIUM CL 514,Consumidor Livre,NORDESTE,43.2,23.781439
,2025-03-27,,OUTLET PREMIUM CL 514,,,43.2,23.781439
202503.0,2025-03-28,88035.0,OUTLET PREMIUM CL 514,Consumidor Livre,NORDESTE,43.2,22.949035
202503.0,2025-03-28,88035.0,OUTLET PREMIUM CL 514,Consumidor Livre,NORDESTE,43.2,22.949035
,2025-03-28,,OUTLET PREMIUM CL 514,,,43.2,22.949035
202503.0,2025-03-29,88035.0,OUTLET PREMIUM CL 514,Consumidor Livre,NORDESTE,43.2,23.160987
202503.0,2025-03-29,88035.0,OUTLET PREMIUM CL 514,Consumidor Livre,NORDESTE,43.2,23.160987
,2025-03-29,,OUTLET PREMIUM CL 514,,,43.2,23.160987
202503.0,2025-03-30,88035.0,OUTLET PREMIUM CL 514,Consumidor Livre,NORDESTE,43.2,22.288299
202503.0,2025-03-30,88035.0,OUTLET PREMIUM CL 514,Consumidor Livre,NORDESTE,43.2,22.288299
,2025-03-30,,OUTLET PREMIUM CL 514,,,43.2,22.288299
202503.0,2025-03-31,88035.0,OUTLET PREMIUM CL 514,Consumidor Livre,NORDESTE,43.2,21.211255
202503.0,2025-03-31,88035.0,OUTLET PREMIUM CL 514,Consumidor Livre,NORDESTE,43.2,21.211255
,2025-03-31,,OUTLET PREMIUM CL 514,,,43.2,21.211255
202504.0,2025-04-01,88035.0,OUTLET PREMIUM CL 514,Consumidor Livre,NORDESTE,43.2,21.913002
202504.0,2025-04-01,88035.0,OUTLET PREMIUM CL 514,Consumidor Livre,NORDESTE,43.2,21.913002
,2025-04-01,,OUTLET PREMIUM CL 514,,,43.2,21.913002
202504.0,2025-04-02,88035.0,OUTLET PREMIUM CL 514,Consumidor Livre,NORDESTE,43.2,21.727404
202504.0,2025-04-02,88035.0,OUTLET PREMIUM CL 514,Consumidor Livre,NORDESTE,43.2,21.727404
,2025-04-02,,OUTLET PREMIUM CL 514,,,43.2,21.727404
202504.0,2025-04-03,88035.0,OUTLET PREMIUM CL 514,Consumidor Livre,NORDESTE,43.2,22.212363
202504.0,2025-04-03,88035.0,OUTLET PREMIUM CL 514,Consumidor Livre,NORDESTE,43.2,22.212363
,2025-04-03,,OUTLET PREMIUM CL 514,,,43.2,22.212363
202504.0,2025-04-04,88035.0,OUTLET PREMIUM CL 514,Consumidor Livre,NORDESTE,43.2,22.740612
202504.0,2025-04-04,88035.0,OUTLET PREMIUM CL 514,Consumidor Livre,NORDESTE,43.2,22.740612
,2025-04-04,,OUTLET PREMIUM CL 514,,,43.2,22.740612
202504.0,2025-04-05,88035.0,OUTLET PREMIUM CL 514,Consumidor Livre,NORDESTE,43.2,23.220855
202504.0,2025-04-05,88035.0,OUTLET PREMIUM CL 514,Consumidor Livre,NORDESTE,43.2,23.220855
,2025-04-05,,OUTLET PREMIUM CL 514,,,43.2,23.220855
202504.0,2025-04-06,88035.0,OUTLET PREMIUM CL 514,Consumidor Livre,NORDESTE,43.2,22.111499
202504.0,2025-04-06,88035.0,OUTLET PREMIUM CL 514,Consumidor Livre,NORDESTE,43.2,22.111499
,2025-04-06,,OUTLET PREMIUM CL 514,,,43.2,22.111499
202504.0,2025-04-07,88035.0,OUTLET PREMIUM CL 514,Consumidor Livre,NORDESTE,43.2,22.461068
202504.0,2025-04-07,88035.0,OUTLET PREMIUM CL 514,Consumidor Livre,NORDESTE,43.2,22.461068
,2025-04-07,,OUTLET PREMIUM CL 514,,,43.2,22.461068
202504.0,2025-04-08,88035.0,OUTLET PREMIUM CL 514,Consumidor Livre,NORDESTE,43.2,22.246654
202504.0,2025-04-08,88035.0,OUTLET PREMIUM CL 514,Consumidor Livre,NORDESTE,43.2,22.246654
,2025-04-08,,OUTLET PREMIUM CL 514,,,43.2,22.246654
202504.0,2025-04-09,88035.0,OUTLET PREMIUM CL 514,Consumidor Livre,NORDESTE,43.2,22.201134
202504.0,2025-04-09,88035.0,OUTLET PREMIUM CL 514,Consumidor Livre,NORDESTE,43.2,22.201134
,2025-04-09,,OUTLET PREMIUM CL 514,,,43.2,22.201134
202504.0,2025-04-10,88035.0,OUTLET PREMIUM CL 514,Consumidor Livre,NORDESTE,43.2,22.193406
202504.0,2025-04-10,88035.0,OUTLET PREMIUM CL 514,Consumidor Livre,NORDESTE,43.2,22.193406
,2025-04-10,,OUTLET PREMIUM CL 514,,,43.2,22.193406
202504.0,2025-04-11,88035.0,OUTLET PREMIUM CL 514,Consumidor Livre,NORDESTE,43.2,22.566677
202504.0,2025-04-11,88035.0,OUTLET PREMIUM CL 514,Consumidor Livre,NORDESTE,43.2,22.566677
,2025-04-11,,OUTLET PREMIUM CL 514,,,43.2,22.566677
202504.0,2025-04-12,88035.0,OUTLET PREMIUM CL 514,Consumidor Livre,NORDESTE,43.2,19.239745
202504.0,2025-04-12,88035.0,OUTLET PREMIUM CL 514,Consumidor Livre,NORDESTE,43.2,19.239745
,2025-04-12,,OUTLET PREMIUM CL 514,,,43.2,19.239745
202504.0,2025-04-13,88035.0,OUTLET PREMIUM CL 514,Consumidor Livre,NORDESTE,43.2,20.288344
202504.0,2025-04-13,88035.0,OUTLET PREMIUM CL 514,Consumidor Livre,NORDESTE,43.2,20.288344
,2025-04-13,,OUTLET PREMIUM CL 514,,,43.2,20.288344
202504.0,2025-04-14,88035.0,OUTLET PREMIUM CL 514,Consumidor Livre,NORDESTE,43.2,21.801206
202504.0,2025-04-14,88035.0,OUTLET PREMIUM CL 514,Consumidor Livre,NORDESTE,43.2,21.801206
,2025-04-14,,OUTLET PREMIUM CL 514,,,43.2,21.801206
202504.0,2025-04-15,88035.0,OUTLET PREMIUM CL 514,Consumidor Livre,NORDESTE,43.2,22.316873
202504.0,2025-04-15,88035.0,OUTLET PREMIUM CL 514,Consumidor Livre,NORDESTE,43.2,22.316873
,2025-04-15,,OUTLET PREMIUM CL 514,,,43.2,22.316873
202504.0,2025-04-16,88035.0,OUTLET PREMIUM CL 514,Consumidor Livre,NORDESTE,43.2,22.443393
202504.0,2025-04-16,88035.0,OUTLET PREMIUM CL 514,Consumidor Livre,NORDESTE,43.2,22.443393
,2025-04-16,,OUTLET PREMIUM CL 514,,,43.2,22.443393
202504.0,2025-04-17,88035.0,OUTLET PREMIUM CL 514,Consumidor Livre,NORDESTE,43.2,23.971859
202504.0,2025-04-17,88035.0,OUTLET PREMIUM CL 514,Consumidor Livre,NORDESTE,43.2,23.971859
,2025-04-17,,OUTLET PREMIUM CL 514,,,43.2,23.971859
202504.0,2025-04-18,88035.0,OUTLET PREMIUM CL 514,Consumidor Livre,NORDESTE,43.2,22.895688
202504.0,2025-04-18,88035.0,OUTLET PREMIUM CL 514,Consumidor Livre,NORDESTE,43.2,22.895688
,2025-04-18,,OUTLET PREMIUM CL 514,,,43.2,22.895688
202504.0,2025-04-19,88035.0,OUTLET PREMIUM CL 514,Consumidor Livre,NORDESTE,43.2,23.270368
202504.0,2025-04-19,88035.0,OUTLET PREMIUM CL 514,Consumidor Livre,NORDESTE,43.2,23.270368
,2025-04-19,,OUTLET PREMIUM CL 514,,,43.2,23.270368
202504.0,2025-04-20,88035.0,OUTLET PREMIUM CL 514,Consumidor Livre,NORDESTE,43.2,21.919515
202504.0,2025-04-20,88035.0,OUTLET PREMIUM CL 514,Consumidor Livre,NORDESTE,43.2,21.919515
,2025-04-20,,OUTLET PREMIUM CL 514,,,43.2,21.919515
202504.0,2025-04-21,88035.0,OUTLET PREMIUM CL 514,Consumidor Livre,NORDESTE,43.2,22.764471
202504.0,2025-04-21,88035.0,OUTLET PREMIUM CL 514,Consumidor Livre,NORDESTE,43.2,22.764471
,2025-04-21,,OUTLET PREMIUM CL 514,,,43.2,22.764471
202504.0,2025-04-22,88035.0,OUTLET PREMIUM CL 514,Consumidor Livre,NORDESTE,43.2,21.892657
202504.0,2025-04-22,88035.0,OUTLET PREMIUM CL 514,Consumidor Livre,NORDESTE,43.2,21.892657
,2025-04-22,,OUTLET PREMIUM CL 514,,,43.2,21.892657
202504.0,2025-04-23,88035.0,OUTLET PREMIUM CL 514,Consumidor Livre,NORDESTE,43.2,20.207125
202504.0,2025-04-23,88035.0,OUTLET PREMIUM CL 514,Consumidor Livre,NORDESTE,43.2,20.207125
,2025-04-23,,OUTLET PREMIUM CL 514,,,43.2,20.207125
202504.0,2025-04-24,88035.0,OUTLET PREMIUM CL 514,Consumidor Livre,NORDESTE,43.2,20.647766
202504.0,2025-04-24,88035.0,OUTLET PREMIUM CL 514,Consumidor Livre,NORDESTE,43.2,20.647766
,2025-04-24,,OUTLET PREMIUM CL 514,,,43.2,20.647766
202504.0,2025-04-25,88035.0,OUTLET PREMIUM CL 514,Consumidor Livre,NORDESTE,43.2,22.517532
202504.0,2025-04-25,88035.0,OUTLET PREMIUM CL 514,Consumidor Livre,NORDESTE,43.2,22.517532
,2025-04-25,,OUTLET PREMIUM CL 514,,,43.2,22.517532
202504.0,2025-04-26,88035.0,OUTLET PREMIUM CL 514,Consumidor Livre,NORDESTE,43.2,23.185526
202504.0,2025-04-26,88035.0,OUTLET PREMIUM CL 514,Consumidor Livre,NORDESTE,43.2,23.185526
,2025-04-26,,OUTLET PREMIUM CL 514,,,43.2,23.185526
202504.0,2025-04-27,88035.0,OUTLET PREMIUM CL 514,Consumidor Livre,NORDESTE,43.2,22.378941
202504.0,2025-04-27,88035.0,OUTLET PREMIUM CL 514,Consumidor Livre,NORDESTE,43.2,22.378941
,2025-04-27,,OUTLET PREMIUM CL 514,,,43.2,22.378941
202504.0,2025-04-28,88035.0,OUTLET PREMIUM CL 514,Consumidor Livre,NORDESTE,43.2,22.279652
202504.0,2025-04-28,88035.0,OUTLET PREMIUM CL 514,Consumidor Livre,NORDESTE,43.2,22.279652
,2025-04-28,,OUTLET PREMIUM CL 514,,,43.2,22.279652
202504.0,2025-04-29,88035.0,OUTLET PREMIUM CL 514,Consumidor Livre,NORDESTE,43.2,23.061803
202504.0,2025-04-29,88035.0,OUTLET PREMIUM CL 514,Consumidor Livre,NORDESTE,43.2,23.061803
,2025-04-29,,OUTLET PREMIUM CL 514,,,43.2,23.061803
202504.0,2025-04-30,88035.0,OUTLET PREMIUM CL 514,Consumidor Livre,NORDESTE,43.2,22.870211
202504.0,2025-04-30,88035.0,OUTLET PREMIUM CL 514,Consumidor Livre,NORDESTE,43.2,22.870211
,2025-04-30,,OUTLET PREMIUM CL 514,,,43.2,22.870211
202505.0,2025-05-01,88035.0,OUTLET PREMIUM CL 514,Consumidor Livre,NORDESTE,43.2,5.215344
202505.0,2025-05-01,88035.0,OUTLET PREMIUM CL 514,Consumidor Livre,NORDESTE,43.2,5.215344
,2025-05-01,,OUTLET PREMIUM CL 514,,,43.2,5.215344
202505.0,2025-05-02,88035.0,OUTLET PREMIUM CL 514,Consumidor Livre,NORDESTE,43.2,18.461601
202505.0,2025-05-02,88035.0,OUTLET PREMIUM CL 514,Consumidor Livre,NORDESTE,43.2,18.461601
,2025-05-02,,OUTLET PREMIUM CL 514,,,43.2,18.461601
202505.0,2025-05-03,88035.0,OUTLET PREMIUM CL 514,Consumidor Livre,NORDESTE,43.2,17.650149
202505.0,2025-05-03,88035.0,OUTLET PREMIUM CL 514,Consumidor Livre,NORDESTE,43.2,17.650149
,2025-05-03,,OUTLET PREMIUM CL 514,,,43.2,17.650149
202505.0,2025-05-04,88035.0,OUTLET PREMIUM CL 514,Consumidor Livre,NORDESTE,43.2,20.138722
202505.0,2025-05-04,88035.0,OUTLET PREMIUM CL 514,Consumidor Livre,NORDESTE,43.2,20.138722
,2025-05-04,,OUTLET PREMIUM CL 514,,,43.2,20.138722
202505.0,2025-05-05,88035.0,OUTLET PREMIUM CL 514,Consumidor Livre,NORDESTE,43.2,18.060365
202505.0,2025-05-05,88035.0,OUTLET PREMIUM CL 514,Consumidor Livre,NORDESTE,43.2,18.060365
,2025-05-05,,OUTLET PREMIUM CL 514,,,43.2,18.060365
202505.0,2025-05-06,88035.0,OUTLET PREMIUM CL 514,Consumidor Livre,NORDESTE,43.2,18.24998
202505.0,2025-05-06,88035.0,OUTLET PREMIUM CL 514,Consumidor Livre,NORDESTE,43.2,18.24998
,2025-05-06,,OUTLET PREMIUM CL 514,,,43.2,18.24998
202505.0,2025-05-07,88035.0,OUTLET PREMIUM CL 514,Consumidor Livre,NORDESTE,43.2,18.050647
202505.0,2025-05-07,88035.0,OUTLET PREMIUM CL 514,Consumidor Livre,NORDESTE,43.2,18.050647
,2025-05-07,,OUTLET PREMIUM CL 514,,,43.2,18.050647
202505.0,2025-05-08,88035.0,OUTLET PREMIUM CL 514,Consumidor Livre,NORDESTE,43.2,17.605425
202505.0,2025-05-08,88035.0,OUTLET PREMIUM CL 514,Consumidor Livre,NORDESTE,43.2,17.605425
,2025-05-08,,OUTLET PREMIUM CL 514,,,43.2,17.605425
202505.0,2025-05-09,88035.0,OUTLET PREMIUM CL 514,Consumidor Livre,NORDESTE,43.2,19.806131
202505.0,2025-05-09,88035.0,OUTLET PREMIUM CL 514,Consumidor Livre,NORDESTE,43.2,19.806131
,2025-05-09,,OUTLET PREMIUM CL 514,,,43.2,19.806131
202505.0,2025-05-10,88035.0,OUTLET PREMIUM CL 514,Consumidor Livre,NORDESTE,43.2,22.232686
202505.0,2025-05-10,88035.0,OUTLET PREMIUM CL 514,Consumidor Livre,NORDESTE,43.2,22.232686
,2025-05-10,,OUTLET PREMIUM CL 514,,,43.2,22.232686
202505.0,2025-05-11,88035.0,OUTLET PREMIUM CL 514,Consumidor Livre,NORDESTE,43.2,20.920836
202505.0,2025-05-11,88035.0,OUTLET PREMIUM CL 514,Consumidor Livre,NORDESTE,43.2,20.920836
,2025-05-11,,OUTLET PREMIUM CL 514,,,43.2,20.920836
202505.0,2025-05-12,88035.0,OUTLET PREMIUM CL 514,Consumidor Livre,NORDESTE,43.2,20.939069
202505.0,2025-05-12,88035.0,OUTLET PREMIUM CL 514,Consumidor Livre,NORDESTE,43.2,20.939069
,2025-05-12,,OUTLET PREMIUM CL 514,,,43.2,20.939069
202505.0,2025-05-13,88035.0,OUTLET PREMIUM CL 514,Consumidor Livre,NORDESTE,43.2,20.753883
202505.0,2025-05-13,88035.0,OUTLET PREMIUM CL 514,Consumidor Livre,NORDESTE,43.2,20.753883
,2025-05-13,,OUTLET PREMIUM CL 514,,,43.2,20.753883
202505.0,2025-05-14,88035.0,OUTLET PREMIUM CL 514,Consumidor Livre,NORDESTE,43.2,20.250889
202505.0,2025-05-14,88035.0,OUTLET PREMIUM CL 514,Consumidor Livre,NORDESTE,43.2,20.250889
,2025-05-14,,OUTLET PREMIUM CL 514,,,43.2,20.250889
202505.0,2025-05-15,88035.0,OUTLET PREMIUM CL 514,Consumidor Livre,NORDESTE,43.2,20.356505
202505.0,2025-05-15,88035.0,OUTLET PREMIUM CL 514,Consumidor Livre,NORDESTE,43.2,20.356505
,2025-05-15,,OUTLET PREMIUM CL 514,,,43.2,20.356505
202505.0,2025-05-16,88035.0,OUTLET PREMIUM CL 514,Consumidor Livre,NORDESTE,43.2,20.398135
202505.0,2025-05-16,88035.0,OUTLET PREMIUM CL 514,Consumidor Livre,NORDESTE,43.2,20.398135
,2025-05-16,,OUTLET PREMIUM CL 514,,,43.2,20.398135
202505.0,2025-05-17,88035.0,OUTLET PREMIUM CL 514,Consumidor Livre,NORDESTE,43.2,19.172403
202505.0,2025-05-17,88035.0,OUTLET PREMIUM CL 514,Consumidor Livre,NORDESTE,43.2,19.172403
,2025-05-17,,OUTLET PREMIUM CL 514,,,43.2,19.172403
202505.0,2025-05-18,88035.0,OUTLET PREMIUM CL 514,Consumidor Livre,NORDESTE,43.2,17.508277
202505.0,2025-05-18,88035.0,OUTLET PREMIUM CL 514,Consumidor Livre,NORDESTE,43.2,17.508277
,2025-05-18,,OUTLET PREMIUM CL 514,,,43.2,17.508277
202505.0,2025-05-19,88035.0,OUTLET PREMIUM CL 514,Consumidor Livre,NORDESTE,43.2,19.269703
202505.0,2025-05-19,88035.0,OUTLET PREMIUM CL 514,Consumidor Livre,NORDESTE,43.2,19.269703
,2025-05-19,,OUTLET PREMIUM CL 514,,,43.2,19.269703
202505.0,2025-05-20,88035.0,OUTLET PREMIUM CL 514,Consumidor Livre,NORDESTE,43.2,18.5986
202505.0,2025-05-20,88035.0,OUTLET PREMIUM CL 514,Consumidor Livre,NORDESTE,43.2,18.5986
,2025-05-20,,OUTLET PREMIUM CL 514,,,43.2,18.5986
202505.0,2025-05-21,88035.0,OUTLET PREMIUM CL 514,Consumidor Livre,NORDESTE,43.2,20.098353
202505.0,2025-05-21,88035.0,OUTLET PREMIUM CL 514,Consumidor Livre,NORDESTE,43.2,20.098353
,2025-05-21,,OUTLET PREMIUM CL 514,,,43.2,20.098353
202505.0,2025-05-22,88035.0,OUTLET PREMIUM CL 514,Consumidor Livre,NORDESTE,43.2,19.897069
202505.0,2025-05-22,88035.0,OUTLET PREMIUM CL 514,Consumidor Livre,NORDESTE,43.2,19.897069
,2025-05-22,,OUTLET PREMIUM CL 514,,,43.2,19.897069
202505.0,2025-05-23,88035.0,OUTLET PREMIUM CL 514,Consumidor Livre,NORDESTE,43.2,20.286352
202505.0,2025-05-23,88035.0,OUTLET PREMIUM CL 514,Consumidor Livre,NORDESTE,43.2,20.286352
,2025-05-23,,OUTLET PREMIUM CL 514,,,43.2,20.286352
202505.0,2025-05-24,88035.0,OUTLET PREMIUM CL 514,Consumidor Livre,NORDESTE,43.2,20.183138
202505.0,2025-05-24,88035.0,OUTLET PREMIUM CL 514,Consumidor Livre,NORDESTE,43.2,20.183138
,2025-05-24,,OUTLET PREMIUM CL 514,,,43.2,20.183138
202505.0,2025-05-25,88035.0,OUTLET PREMIUM CL 514,Consumidor Livre,NORDESTE,43.2,19.011778
202505.0,2025-05-25,88035.0,OUTLET PREMIUM CL 514,Consumidor Livre,NORDESTE,43.2,19.011778
,2025-05-25,,OUTLET PREMIUM CL 514,,,43.2,19.011778
202505.0,2025-05-26,88035.0,OUTLET PREMIUM CL 514,Consumidor Livre,NORDESTE,43.2,19.227701
202505.0,2025-05-26,88035.0,OUTLET PREMIUM CL 514,Consumidor Livre,NORDESTE,43.2,19.227701
,2025-05-26,,OUTLET PREMIUM CL 514,,,43.2,19.227701
202505.0,2025-05-27,88035.0,OUTLET PREMIUM CL 514,Consumidor Livre,NORDESTE,43.2,19.178772
202505.0,2025-05-27,88035.0,OUTLET PREMIUM CL 514,Consumidor Livre,NORDESTE,43.2,19.178772
,2025-05-27,,OUTLET PREMIUM CL 514,,,43.2,19.178772
202505.0,2025-05-28,88035.0,OUTLET PREMIUM CL 514,Consumidor Livre,NORDESTE,43.2,17.975204
202505.0,2025-05-28,88035.0,OUTLET PREMIUM CL 514,Consumidor Livre,NORDESTE,43.2,17.975204
,2025-05-28,,OUTLET PREMIUM CL 514,,,43.2,17.975204
202505.0,2025-05-29,88035.0,OUTLET PREMIUM CL 514,Consumidor Livre,NORDESTE,43.2,19.080554
202505.0,2025-05-29,88035.0,OUTLET PREMIUM CL 514,Consumidor Livre,NORDESTE,43.2,19.080554
,2025-05-29,,OUTLET PREMIUM CL 514,,,43.2,19.080554
202505.0,2025-05-30,88035.0,OUTLET PREMIUM CL 514,Consumidor Livre,NORDESTE,43.2,18.539846
202505.0,2025-05-30,88035.0,OUTLET PREMIUM CL 514,Consumidor Livre,NORDESTE,43.2,18.539846
,2025-05-30,,OUTLET PREMIUM CL 514,,,43.2,18.539846
202505.0,2025-05-31,88035.0,OUTLET PREMIUM CL 514,Consumidor Livre,NORDESTE,43.2,19.587865
202505.0,2025-05-31,88035.0,OUTLET PREMIUM CL 514,Consumidor Livre,NORDESTE,43.2,19.587865
,2025-05-31,,OUTLET PREMIUM CL 514,,,43.2,19.587865
202506.0,2025-06-01,88035.0,OUTLET PREMIUM CL 514,Consumidor Livre,NORDESTE,43.2,20.181638
202506.0,2025-06-01,88035.0,OUTLET PREMIUM CL 514,Consumidor Livre,NORDESTE,43.2,20.181638
,2025-06-01,,OUTLET PREMIUM CL 514,,,43.2,20.181638
202506.0,2025-06-02,88035.0,OUTLET PREMIUM CL 514,Consumidor Livre,NORDESTE,43.2,18.806078
202506.0,2025-06-02,88035.0,OUTLET PREMIUM CL 514,Consumidor Livre,NORDESTE,43.2,18.806078
,2025-06-02,,OUTLET PREMIUM CL 514,,,43.2,18.806078
202506.0,2025-06-03,88035.0,OUTLET PREMIUM CL 514,Consumidor Livre,NORDESTE,43.2,17.376929
202506.0,2025-06-03,88035.0,OUTLET PREMIUM CL 514,Consumidor Livre,NORDESTE,43.2,17.376929
,2025-06-03,,OUTLET PREMIUM CL 514,,,43.2,17.376929
202506.0,2025-06-04,88035.0,OUTLET PREMIUM CL 514,Consumidor Livre,NORDESTE,43.2,19.416645
202506.0,2025-06-04,88035.0,OUTLET PREMIUM CL 514,Consumidor Livre,NORDESTE,43.2,19.416645
,2025-06-04,,OUTLET PREMIUM CL 514,,,43.2,19.416645
202506.0,2025-06-05,88035.0,OUTLET PREMIUM CL 514,Consumidor Livre,NORDESTE,43.2,19.530156
202506.0,2025-06-05,88035.0,OUTLET PREMIUM CL 514,Consumidor Livre,NORDESTE,43.2,19.530156
,2025-06-05,,OUTLET PREMIUM CL 514,,,43.2,19.530156
202506.0,2025-06-06,88035.0,OUTLET PREMIUM CL 514,Consumidor Livre,NORDESTE,43.2,19.745445
202506.0,2025-06-06,88035.0,OUTLET PREMIUM CL 514,Consumidor Livre,NORDESTE,43.2,19.745445
,2025-06-06,,OUTLET PREMIUM CL 514,,,43.2,19.745445
202506.0,2025-06-07,88035.0,OUTLET PREMIUM CL 514,Consumidor Livre,NORDESTE,43.2,19.645734
202506.0,2025-06-07,88035.0,OUTLET PREMIUM CL 514,Consumidor Livre,NORDESTE,43.2,19.645734
,2025-06-07,,OUTLET PREMIUM CL 514,,,43.2,19.645734
202506.0,2025-06-08,88035.0,OUTLET PREMIUM CL 514,Consumidor Livre,NORDESTE,43.2,18.39154
202506.0,2025-06-08,88035.0,OUTLET PREMIUM CL 514,Consumidor Livre,NORDESTE,43.2,18.39154
,2025-06-08,,OUTLET PREMIUM CL 514,,,43.2,18.39154
202506.0,2025-06-09,88035.0,OUTLET PREMIUM CL 514,Consumidor Livre,NORDESTE,43.2,18.804968
202506.0,2025-06-09,88035.0,OUTLET PREMIUM CL 514,Consumidor Livre,NORDESTE,43.2,18.804968
,2025-06-09,,OUTLET PREMIUM CL 514,,,43.2,18.804968
202506.0,2025-06-10,88035.0,OUTLET PREMIUM CL 514,Consumidor Livre,NORDESTE,43.2,19.721296
202506.0,2025-06-10,88035.0,OUTLET PREMIUM CL 514,Consumidor Livre,NORDESTE,43.2,19.721296
,2025-06-10,,OUTLET PREMIUM CL 514,,,43.2,19.721296
202506.0,2025-06-11,88035.0,OUTLET PREMIUM CL 514,Consumidor Livre,NORDESTE,43.2,19.939947
202506.0,2025-06-11,88035.0,OUTLET PREMIUM CL 514,Consumidor Livre,NORDESTE,43.2,19.939947
,2025-06-11,,OUTLET PREMIUM CL 514,,,43.2,19.939947
202506.0,2025-06-12,88035.0,OUTLET PREMIUM CL 514,Consumidor Livre,NORDESTE,43.2,18.116339
202506.0,2025-06-12,88035.0,OUTLET PREMIUM CL 514,Consumidor Livre,NORDESTE,43.2,18.116339
,2025-06-12,,OUTLET PREMIUM CL 514,,,43.2,18.116339
202506.0,2025-06-13,88035.0,OUTLET PREMIUM CL 514,Consumidor Livre,NORDESTE,43.2,16.149856
202506.0,2025-06-13,88035.0,OUTLET PREMIUM CL 514,Consumidor Livre,NORDESTE,43.2,16.149856
,2025-06-13,,OUTLET PREMIUM CL 514,,,43.2,16.149856
202506.0,2025-06-14,88035.0,OUTLET PREMIUM CL 514,Consumidor Livre,NORDESTE,43.2,17.547805
202506.0,2025-06-14,88035.0,OUTLET PREMIUM CL 514,Consumidor Livre,NORDESTE,43.2,17.547805
,2025-06-14,,OUTLET PREMIUM CL 514,,,43.2,17.547805
202506.0,2025-06-15,88035.0,OUTLET PREMIUM CL 514,Consumidor Livre,NORDESTE,43.2,18.659952
202506.0,2025-06-15,88035.0,OUTLET PREMIUM CL 514,Consumidor Livre,NORDESTE,43.2,18.659952
,2025-06-15,,OUTLET PREMIUM CL 514,,,43.2,18.659952
202506.0,2025-06-16,88035.0,OUTLET PREMIUM CL 514,Consumidor Livre,NORDESTE,43.2,16.557069
202506.0,2025-06-16,88035.0,OUTLET PREMIUM CL 514,Consumidor Livre,NORDESTE,43.2,16.557069
,2025-06-16,,OUTLET PREMIUM CL 514,,,43.2,16.557069
202506.0,2025-06-17,88035.0,OUTLET PREMIUM CL 514,Consumidor Livre,NORDESTE,43.2,16.949165
202506.0,2025-06-17,88035.0,OUTLET PREMIUM CL 514,Consumidor Livre,NORDESTE,43.2,16.949165
,2025-06-17,,OUTLET PREMIUM CL 514,,,43.2,16.949165
202506.0,2025-06-18,88035.0,OUTLET PREMIUM CL 514,Consumidor Livre,NORDESTE,43.2,18.04472
202506.0,2025-06-18,88035.0,OUTLET PREMIUM CL 514,Consumidor Livre,NORDESTE,43.2,18.04472
,2025-06-18,,OUTLET PREMIUM CL 514,,,43.2,18.04472
202506.0,2025-06-19,88035.0,OUTLET PREMIUM CL 514,Consumidor Livre,NORDESTE,43.2,16.546638
202506.0,2025-06-19,88035.0,OUTLET PREMIUM CL 514,Consumidor Livre,NORDESTE,43.2,16.546638
,2025-06-19,,OUTLET PREMIUM CL 514,,,43.2,16.546638
202506.0,2025-06-20,88035.0,OUTLET PREMIUM CL 514,Consumidor Livre,NORDESTE,43.2,17.282049
202506.0,2025-06-20,88035.0,OUTLET PREMIUM CL 514,Consumidor Livre,NORDESTE,43.2,17.282049
,2025-06-20,,OUTLET PREMIUM CL 514,,,43.2,17.282049
202506.0,2025-06-21,88035.0,OUTLET PREMIUM CL 514,Consumidor Livre,NORDESTE,43.2,17.414242
202506.0,2025-06-21,88035.0,OUTLET PREMIUM CL 514,Consumidor Livre,NORDESTE,43.2,17.414242
,2025-06-21,,OUTLET PREMIUM CL 514,,,43.2,17.414242
202506.0,2025-06-22,88035.0,OUTLET PREMIUM CL 514,Consumidor Livre,NORDESTE,43.2,17.112756
202506.0,2025-06-22,88035.0,OUTLET PREMIUM CL 514,Consumidor Livre,NORDESTE,43.2,17.112756
,2025-06-22,,OUTLET PREMIUM CL 514,,,43.2,17.112756
202506.0,2025-06-23,88035.0,OUTLET PREMIUM CL 514,Consumidor Livre,NORDESTE,43.2,15.582466
202506.0,2025-06-23,88035.0,OUTLET PREMIUM CL 514,Consumidor Livre,NORDESTE,43.2,15.582466
,2025-06-23,,OUTLET PREMIUM CL 514,,,43.2,15.582466
202506.0,2025-06-24,88035.0,OUTLET PREMIUM CL 514,Consumidor Livre,NORDESTE,43.2,13.287676
202506.0,2025-06-24,88035.0,OUTLET PREMIUM CL 514,Consumidor Livre,NORDESTE,43.2,13.287676
,2025-06-24,,OUTLET PREMIUM CL 514,,,43.2,13.287676
202506.0,2025-06-25,88035.0,OUTLET PREMIUM CL 514,Consumidor Livre,NORDESTE,43.2,16.829068
202506.0,2025-06-25,88035.0,OUTLET PREMIUM CL 514,Consumidor Livre,NORDESTE,43.2,16.829068
,2025-06-25,,OUTLET PREMIUM CL 514,,,43.2,16.829068
202506.0,2025-06-26,88035.0,OUTLET PREMIUM CL 514,Consumidor Livre,NORDESTE,43.2,18.068352
202506.0,2025-06-26,88035.0,OUTLET PREMIUM CL 514,Consumidor Livre,NORDESTE,43.2,18.068352
,2025-06-26,,OUTLET PREMIUM CL 514,,,43.2,18.068352
202506.0,2025-06-27,88035.0,OUTLET PREMIUM CL 514,Consumidor Livre,NORDESTE,43.2,19.278726
202506.0,2025-06-27,88035.0,OUTLET PREMIUM CL 514,Consumidor Livre,NORDESTE,43.2,19.278726
,2025-06-27,,OUTLET PREMIUM CL 514,,,43.2,19.278726
202506.0,2025-06-28,88035.0,OUTLET PREMIUM CL 514,Consumidor Livre,NORDESTE,43.2,19.56176
202506.0,2025-06-28,88035.0,OUTLET PREMIUM CL 514,Consumidor Livre,NORDESTE,43.2,19.56176
,2025-06-28,,OUTLET PREMIUM CL 514,,,43.2,19.56176
202506.0,2025-06-29,88035.0,OUTLET PREMIUM CL 514,Consumidor Livre,NORDESTE,43.2,19.068733
202506.0,2025-06-29,88035.0,OUTLET PREMIUM CL 514,Consumidor Livre,NORDESTE,43.2,19.068733
,2025-06-29,,OUTLET PREMIUM CL 514,,,43.2,19.068733
202506.0,2025-06-30,88035.0,OUTLET PREMIUM CL 514,Consumidor Livre,NORDESTE,43.2,17.955586
202506.0,2025-06-30,88035.0,OUTLET PREMIUM CL 514,Consumidor Livre,NORDESTE,43.2,17.955586
,2025-06-30,,OUTLET PREMIUM CL 514,,,43.2,17.955586
202507.0,2025-07-01,88035.0,OUTLET PREMIUM CL 514,Consumidor Livre,NORDESTE,43.2,18.934189
202507.0,2025-07-01,88035.0,OUTLET PREMIUM CL 514,Consumidor Livre,NORDESTE,43.2,18.934189
,2025-07-01,,OUTLET PREMIUM CL 514,,,43.2,18.934189
202507.0,2025-07-02,88035.0,OUTLET PREMIUM CL 514,Consumidor Livre,NORDESTE,43.2,18.178631
202507.0,2025-07-02,88035.0,OUTLET PREMIUM CL 514,Consumidor Livre,NORDESTE,43.2,18.178631
,2025-07-02,,OUTLET PREMIUM CL 514,,,43.2,18.178631
202507.0,2025-07-03,88035.0,OUTLET PREMIUM CL 514,Consumidor Livre,NORDESTE,43.2,17.879624
202507.0,2025-07-03,88035.0,OUTLET PREMIUM CL 514,Consumidor Livre,NORDESTE,43.2,17.879624
,2025-07-03,,OUTLET PREMIUM CL 514,,,43.2,17.879624
202507.0,2025-07-04,88035.0,OUTLET PREMIUM CL 514,Consumidor Livre,NORDESTE,43.2,18.207138
202507.0,2025-07-04,88035.0,OUTLET PREMIUM CL 514,Consumidor Livre,NORDESTE,43.2,18.207138
,2025-07-04,,OUTLET PREMIUM CL 514,,,43.2,18.207138
202507.0,2025-07-05,88035.0,OUTLET PREMIUM CL 514,Consumidor Livre,NORDESTE,43.2,17.846035999999998
202507.0,2025-07-05,88035.0,OUTLET PREMIUM CL 514,Consumidor Livre,NORDESTE,43.2,17.846035999999998
,2025-07-05,,OUTLET PREMIUM CL 514,,,43.2,17.846035999999998
202507.0,2025-07-06,88035.0,OUTLET PREMIUM CL 514,Consumidor Livre,NORDESTE,43.2,14.4403
202507.0,2025-07-06,88035.0,OUTLET PREMIUM CL 514,Consumidor Livre,NORDESTE,43.2,14.4403
,2025-07-06,,OUTLET PREMIUM CL 514,,,43.2,14.4403
202507.0,2025-07-07,88035.0,OUTLET PREMIUM CL 514,Consumidor Livre,NORDESTE,43.2,15.259047
202507.0,2025-07-07,88035.0,OUTLET PREMIUM CL 514,Consumidor Livre,NORDESTE,43.2,15.259047
,2025-07-07,,OUTLET PREMIUM CL 514,,,43.2,15.259047
202507.0,2025-07-08,88035.0,OUTLET PREMIUM CL 514,Consumidor Livre,NORDESTE,43.2,12.952233
202507.0,2025-07-08,88035.0,OUTLET PREMIUM CL 514,Consumidor Livre,NORDESTE,43.2,12.952233
,2025-07-08,,OUTLET PREMIUM CL 514,,,43.2,12.952233
202507.0,2025-07-09,88035.0,OUTLET PREMIUM CL 514,Consumidor Livre,NORDESTE,43.2,16.638636
202507.0,2025-07-09,88035.0,OUTLET PREMIUM CL 514,Consumidor Livre,NORDESTE,43.2,16.638636
,2025-07-09,,OUTLET PREMIUM CL 514,,,43.2,16.638636
202507.0,2025-07-10,88035.0,OUTLET PREMIUM CL 514,Consumidor Livre,NORDESTE,43.2,16.142489
202507.0,2025-07-10,88035.0,OUTLET PREMIUM CL 514,Consumidor Livre,NORDESTE,43.2,16.142489
,2025-07-10,,OUTLET PREMIUM CL 514,,,43.2,16.142489
202507.0,2025-07-11,88035.0,OUTLET PREMIUM CL 514,Consumidor Livre,NORDESTE,43.2,14.965392
202507.0,2025-07-11,88035.0,OUTLET PREMIUM CL 514,Consumidor Livre,NORDESTE,43.2,14.965392
,2025-07-11,,OUTLET PREMIUM CL 514,,,43.2,14.965392
202507.0,2025-07-12,88035.0,OUTLET PREMIUM CL 514,Consumidor Livre,NORDESTE,43.2,15.127814
202507.0,2025-07-12,88035.0,OUTLET PREMIUM CL 514,Consumidor Livre,NORDESTE,43.2,15.127814
,2025-07-12,,OUTLET PREMIUM CL 514,,,43.2,15.127814
202507.0,2025-07-13,88035.0,OUTLET PREMIUM CL 514,Consumidor Livre,NORDESTE,43.2,15.306744
202507.0,2025-07-13,88035.0,OUTLET PREMIUM CL 514,Consumidor Livre,NORDESTE,43.2,15.306744
,2025-07-13,,OUTLET PREMIUM CL 514,,,43.2,15.306744
202507.0,2025-07-14,88035.0,OUTLET PREMIUM CL 514,Consumidor Livre,NORDESTE,43.2,14.455186
202507.0,2025-07-14,88035.0,OUTLET PREMIUM CL 514,Consumidor Livre,NORDESTE,43.2,14.455186
,2025-07-14,,OUTLET PREMIUM CL 514,,,43.2,14.455186
202507.0,2025-07-15,88035.0,OUTLET PREMIUM CL 514,Consumidor Livre,NORDESTE,43.2,14.660408
202507.0,2025-07-15,88035.0,OUTLET PREMIUM CL 514,Consumidor Livre,NORDESTE,43.2,14.660408
,2025-07-15,,OUTLET PREMIUM CL 514,,,43.2,14.660408
202507.0,2025-07-16,88035.0,OUTLET PREMIUM CL 514,Consumidor Livre,NORDESTE,43.2,17.278198
202507.0,2025-07-16,88035.0,OUTLET PREMIUM CL 514,Consumidor Livre,NORDESTE,43.2,17.278198
,2025-07-16,,OUTLET PREMIUM CL 514,,,43.2,17.278198
202507.0,2025-07-17,88035.0,OUTLET PREMIUM CL 514,Consumidor Livre,NORDESTE,43.2,16.271913
202507.0,2025-07-17,88035.0,OUTLET PREMIUM CL 514,Consumidor Livre,NORDESTE,43.2,16.271913
,2025-07-17,,OUTLET PREMIUM CL 514,,,43.2,16.271913
202507.0,2025-07-18,88035.0,OUTLET PREMIUM CL 514,Consumidor Livre,NORDESTE,43.2,15.522963
202507.0,2025-07-18,88035.0,OUTLET PREMIUM CL 514,Consumidor Livre,NORDESTE,43.2,15.522963
,2025-07-18,,OUTLET PREMIUM CL 514,,,43.2,15.522963
202507.0,2025-07-19,88035.0,OUTLET PREMIUM CL 514,Consumidor Livre,NORDESTE,43.2,16.865438
202507.0,2025-07-19,88035.0,OUTLET PREMIUM CL 514,Consumidor Livre,NORDESTE,43.2,16.865438
,2025-07-19,,OUTLET PREMIUM CL 514,,,43.2,16.865438
202507.0,2025-07-20,88035.0,OUTLET PREMIUM CL 514,Consumidor Livre,NORDESTE,43.2,16.868215
202507.0,2025-07-20,88035.0,OUTLET PREMIUM CL 514,Consumidor Livre,NORDESTE,43.2,16.868215
,2025-07-20,,OUTLET PREMIUM CL 514,,,43.2,16.868215
202507.0,2025-07-21,88035.0,OUTLET PREMIUM CL 514,Consumidor Livre,NORDESTE,43.2,15.721807
202507.0,2025-07-21,88035.0,OUTLET PREMIUM CL 514,Consumidor Livre,NORDESTE,43.2,15.721807
,2025-07-21,,OUTLET PREMIUM CL 514,,,43.2,15.721807
202507.0,2025-07-22,88035.0,OUTLET PREMIUM CL 514,Consumidor Livre,NORDESTE,43.2,17.196783
202507.0,2025-07-22,88035.0,OUTLET PREMIUM CL 514,Consumidor Livre,NORDESTE,43.2,17.196783
,2025-07-22,,OUTLET PREMIUM CL 514,,,43.2,17.196783
202507.0,2025-07-23,88035.0,OUTLET PREMIUM CL 514,Consumidor Livre,NORDESTE,43.2,16.639966
202507.0,2025-07-23,88035.0,OUTLET PREMIUM CL 514,Consumidor Livre,NORDESTE,43.2,16.639966
,2025-07-23,,OUTLET PREMIUM CL 514,,,43.2,16.639966
202507.0,2025-07-24,88035.0,OUTLET PREMIUM CL 514,Consumidor Livre,NORDESTE,43.2,18.221005
202507.0,2025-07-24,88035.0,OUTLET PREMIUM CL 514,Consumidor Livre,NORDESTE,43.2,18.221005
,2025-07-24,,OUTLET PREMIUM CL 514,,,43.2,18.221005
202507.0,2025-07-25,88035.0,OUTLET PREMIUM CL 514,Consumidor Livre,NORDESTE,43.2,16.095022
202507.0,2025-07-25,88035.0,OUTLET PREMIUM CL 514,Consumidor Livre,NORDESTE,43.2,16.095022
,2025-07-25,,OUTLET PREMIUM CL 514,,,43.2,16.095022
202507.0,2025-07-26,88035.0,OUTLET PREMIUM CL 514,Consumidor Livre,NORDESTE,43.2,16.584126
202507.0,2025-07-26,88035.0,OUTLET PREMIUM CL 514,Consumidor Livre,NORDESTE,43.2,16.584126
,2025-07-26,,OUTLET PREMIUM CL 514,,,43.2,16.584126
202507.0,2025-07-27,88035.0,OUTLET PREMIUM CL 514,Consumidor Livre,NORDESTE,43.2,17.176692
202507.0,2025-07-27,88035.0,OUTLET PREMIUM CL 514,Consumidor Livre,NORDESTE,43.2,17.176692
,2025-07-27,,OUTLET PREMIUM CL 514,,,43.2,17.176692
202507.0,2025-07-28,88035.0,OUTLET PREMIUM CL 514,Consumidor Livre,NORDESTE,43.2,17.28666
202507.0,2025-07-28,88035.0,OUTLET PREMIUM CL 514,Consumidor Livre,NORDESTE,43.2,17.28666
,2025-07-28,,OUTLET PREMIUM CL 514,,,43.2,17.28666
202507.0,2025-07-29,88035.0,OUTLET PREMIUM CL 514,Consumidor Livre,NORDESTE,43.2,17.332848
202507.0,2025-07-29,88035.0,OUTLET PREMIUM CL 514,Consumidor Livre,NORDESTE,43.2,17.332848
,2025-07-29,,OUTLET PREMIUM CL 514,,,43.2,17.332848
202507.0,2025-07-30,88035.0,OUTLET PREMIUM CL 514,Consumidor Livre,NORDESTE,43.2,17.719616000000002
202507.0,2025-07-30,88035.0,OUTLET PREMIUM CL 514,Consumidor Livre,NORDESTE,43.2,17.719616000000002
,2025-07-30,,OUTLET PREMIUM CL 514,,,43.2,17.719616000000002
202507.0,2025-07-31,88035.0,OUTLET PREMIUM CL 514,Consumidor Livre,NORDESTE,43.2,16.271306
202507.0,2025-07-31,88035.0,OUTLET PREMIUM CL 514,Consumidor Livre,NORDESTE,43.2,16.271306
,2025-07-31,,OUTLET PREMIUM CL 514,,,43.2,16.271306
202508.0,2025-08-01,88035.0,OUTLET PREMIUM CL 514,Consumidor Livre,NORDESTE,43.2,16.500396
202508.0,2025-08-01,88035.0,OUTLET PREMIUM CL 514,Consumidor Livre,NORDESTE,43.2,16.500396
,2025-08-01,,OUTLET PREMIUM CL 514,,,43.2,16.500396
202508.0,2025-08-02,88035.0,OUTLET PREMIUM CL 514,Consumidor Livre,NORDESTE,43.2,16.796915
202508.0,2025-08-02,88035.0,OUTLET PREMIUM CL 514,Consumidor Livre,NORDESTE,43.2,16.796915
,2025-08-02,,OUTLET PREMIUM CL 514,,,43.2,16.796915
202508.0,2025-08-03,88035.0,OUTLET PREMIUM CL 514,Consumidor Livre,NORDESTE,43.2,16.170866
202508.0,2025-08-03,88035.0,OUTLET PREMIUM CL 514,Consumidor Livre,NORDESTE,43.2,16.170866
,2025-08-03,,OUTLET PREMIUM CL 514,,,43.2,16.170866
202508.0,2025-08-04,88035.0,OUTLET PREMIUM CL 514,Consumidor Livre,NORDESTE,43.2,16.3227
202508.0,2025-08-04,88035.0,OUTLET PREMIUM CL 514,Consumidor Livre,NORDESTE,43.2,16.3227
,2025-08-04,,OUTLET PREMIUM CL 514,,,43.2,16.3227
202508.0,2025-08-05,88035.0,OUTLET PREMIUM CL 514,Consumidor Livre,NORDESTE,43.2,15.703823
202508.0,2025-08-05,88035.0,OUTLET PREMIUM CL 514,Consumidor Livre,NORDESTE,43.2,15.703823
,2025-08-05,,OUTLET PREMIUM CL 514,,,43.2,15.703823
202508.0,2025-08-06,88035.0,OUTLET PREMIUM CL 514,Consumidor Livre,NORDESTE,43.2,16.893065
202508.0,2025-08-06,88035.0,OUTLET PREMIUM CL 514,Consumidor Livre,NORDESTE,43.2,16.893065
,2025-08-06,,OUTLET PREMIUM CL 514,,,43.2,16.893065
202508.0,2025-08-07,88035.0,OUTLET PREMIUM CL 514,Consumidor Livre,NORDESTE,43.2,17.450111
202508.0,2025-08-07,88035.0,OUTLET PREMIUM CL 514,Consumidor Livre,NORDESTE,43.2,17.450111
,2025-08-07,,OUTLET PREMIUM CL 514,,,43.2,17.450111
202508.0,2025-08-08,88035.0,OUTLET PREMIUM CL 514,Consumidor Livre,NORDESTE,43.2,17.637922
202508.0,2025-08-08,88035.0,OUTLET PREMIUM CL 514,Consumidor Livre,NORDESTE,43.2,17.637922
,2025-08-08,,OUTLET PREMIUM CL 514,,,43.2,17.637922
202508.0,2025-08-09,88035.0,OUTLET PREMIUM CL 514,Consumidor Livre,NORDESTE,43.2,18.56392
202508.0,2025-08-09,88035.0,OUTLET PREMIUM CL 514,Consumidor Livre,NORDESTE,43.2,18.56392
,2025-08-09,,OUTLET PREMIUM CL 514,,,43.2,18.56392
202508.0,2025-08-10,88035.0,OUTLET PREMIUM CL 514,Consumidor Livre,NORDESTE,43.2,18.405587
202508.0,2025-08-10,88035.0,OUTLET PREMIUM CL 514,Consumidor Livre,NORDESTE,43.2,18.405587
,2025-08-10,,OUTLET PREMIUM CL 514,,,43.2,18.405587
202508.0,2025-08-11,88035.0,OUTLET PREMIUM CL 514,Consumidor Livre,NORDESTE,43.2,18.658302
202508.0,2025-08-11,88035.0,OUTLET PREMIUM CL 514,Consumidor Livre,NORDESTE,43.2,18.658302
,2025-08-11,,OUTLET PREMIUM CL 514,,,43.2,18.658302
202508.0,2025-08-12,88035.0,OUTLET PREMIUM CL 514,Consumidor Livre,NORDESTE,43.2,18.483929
202508.0,2025-08-12,88035.0,OUTLET PREMIUM CL 514,Consumidor Livre,NORDESTE,43.2,18.483929
,2025-08-12,,OUTLET PREMIUM CL 514,,,43.2,18.483929
202508.0,2025-08-13,88035.0,OUTLET PREMIUM CL 514,Consumidor Livre,NORDESTE,43.2,18.012757999999998
202508.0,2025-08-13,88035.0,OUTLET PREMIUM CL 514,Consumidor Livre,NORDESTE,43.2,18.012757999999998
,2025-08-13,,OUTLET PREMIUM CL 514,,,43.2,18.012757999999998
202508.0,2025-08-14,88035.0,OUTLET PREMIUM CL 514,Consumidor Livre,NORDESTE,43.2,18.540857
202508.0,2025-08-14,88035.0,OUTLET PREMIUM CL 514,Consumidor Livre,NORDESTE,43.2,18.540857
,2025-08-14,,OUTLET PREMIUM CL 514,,,43.2,18.540857
202508.0,2025-08-15,88035.0,OUTLET PREMIUM CL 514,Consumidor Livre,NORDESTE,43.2,17.189518
202508.0,2025-08-15,88035.0,OUTLET PREMIUM CL 514,Consumidor Livre,NORDESTE,43.2,17.189518
,2025-08-15,,OUTLET PREMIUM CL 514,,,43.2,17.189518
202508.0,2025-08-16,88035.0,OUTLET PREMIUM CL 514,Consumidor Livre,NORDESTE,43.2,16.535622
202508.0,2025-08-16,88035.0,OUTLET PREMIUM CL 514,Consumidor Livre,NORDESTE,43.2,16.535622
,2025-08-16,,OUTLET PREMIUM CL 514,,,43.2,16.535622
202508.0,2025-08-17,88035.0,OUTLET PREMIUM CL 514,Consumidor Livre,NORDESTE,43.2,13.526706
202508.0,2025-08-17,88035.0,OUTLET PREMIUM CL 514,Consumidor Livre,NORDESTE,43.2,13.526706
,2025-08-17,,OUTLET PREMIUM CL 514,,,43.2,13.526706
202508.0,2025-08-18,88035.0,OUTLET PREMIUM CL 514,Consumidor Livre,NORDESTE,43.2,15.787408
202508.0,2025-08-18,88035.0,OUTLET PREMIUM CL 514,Consumidor Livre,NORDESTE,43.2,15.787408
,2025-08-18,,OUTLET PREMIUM CL 514,,,43.2,15.787408
202508.0,2025-08-19,88035.0,OUTLET PREMIUM CL 514,Consumidor Livre,NORDESTE,43.2,16.683419999999998
202508.0,2025-08-19,88035.0,OUTLET PREMIUM CL 514,Consumidor Livre,NORDESTE,43.2,16.683419999999998
,2025-08-19,,OUTLET PREMIUM CL 514,,,43.2,16.683419999999998
202508.0,2025-08-20,88035.0,OUTLET PREMIUM CL 514,Consumidor Livre,NORDESTE,43.2,16.63276
202508.0,2025-08-20,88035.0,OUTLET PREMIUM CL 514,Consumidor Livre,NORDESTE,43.2,16.63276
,2025-08-20,,OUTLET PREMIUM CL 514,,,43.2,16.63276
202508.0,2025-08-21,88035.0,OUTLET PREMIUM CL 514,Consumidor Livre,NORDESTE,43.2,16.144286
202508.0,2025-08-21,88035.0,OUTLET PREMIUM CL 514,Consumidor Livre,NORDESTE,43.2,16.144286
,2025-08-21,,OUTLET PREMIUM CL 514,,,43.2,16.144286
202508.0,2025-08-22,88035.0,OUTLET PREMIUM CL 514,Consumidor Livre,NORDESTE,43.2,16.862585
202508.0,2025-08-22,88035.0,OUTLET PREMIUM CL 514,Consumidor Livre,NORDESTE,43.2,16.862585
,2025-08-22,,OUTLET PREMIUM CL 514,,,43.2,16.862585
202508.0,2025-08-23,88035.0,OUTLET PREMIUM CL 514,Consumidor Livre,NORDESTE,43.2,17.582051
202508.0,2025-08-23,88035.0,OUTLET PREMIUM CL 514,Consumidor Livre,NORDESTE,43.2,17.582051
,2025-08-23,,OUTLET PREMIUM CL 514,,,43.2,17.582051
202508.0,2025-08-24,88035.0,OUTLET PREMIUM CL 514,Consumidor Livre,NORDESTE,43.2,17.093559
202508.0,2025-08-24,88035.0,OUTLET PREMIUM CL 514,Consumidor Livre,NORDESTE,43.2,17.093559
,2025-08-24,,OUTLET PREMIUM CL 514,,,43.2,17.093559
202508.0,2025-08-25,88035.0,OUTLET PREMIUM CL 514,Consumidor Livre,NORDESTE,43.2,16.006967
202508.0,2025-08-25,88035.0,OUTLET PREMIUM CL 514,Consumidor Livre,NORDESTE,43.2,16.006967
,2025-08-25,,OUTLET PREMIUM CL 514,,,43.2,16.006967
202508.0,2025-08-26,88035.0,OUTLET PREMIUM CL 514,Consumidor Livre,NORDESTE,43.2,17.344988
202508.0,2025-08-26,88035.0,OUTLET PREMIUM CL 514,Consumidor Livre,NORDESTE,43.2,17.344988
,2025-08-26,,OUTLET PREMIUM CL 514,,,43.2,17.344988
202508.0,2025-08-27,88035.0,OUTLET PREMIUM CL 514,Consumidor Livre,NORDESTE,43.2,16.460814
202508.0,2025-08-27,88035.0,OUTLET PREMIUM CL 514,Consumidor Livre,NORDESTE,43.2,16.460814
,2025-08-27,,OUTLET PREMIUM CL 514,,,43.2,16.460814
202508.0,2025-08-28,88035.0,OUTLET PREMIUM CL 514,Consumidor Livre,NORDESTE,43.2,17.681007
202508.0,2025-08-28,88035.0,OUTLET PREMIUM CL 514,Consumidor Livre,NORDESTE,43.2,17.681007
,2025-08-28,,OUTLET PREMIUM CL 514,,,43.2,17.681007
202508.0,2025-08-29,88035.0,OUTLET PREMIUM CL 514,Consumidor Livre,NORDESTE,43.2,17.161998
202508.0,2025-08-29,88035.0,OUTLET PREMIUM CL 514,Consumidor Livre,NORDESTE,43.2,17.161998
,2025-08-29,,OUTLET PREMIUM CL 514,,,43.2,17.161998
202508.0,2025-08-30,88035.0,OUTLET PREMIUM CL 514,Consumidor Livre,NORDESTE,43.2,17.51774
202508.0,2025-08-30,88035.0,OUTLET PREMIUM CL 514,Consumidor Livre,NORDESTE,43.2,17.51774
,2025-08-30,,OUTLET PREMIUM CL 514,,,43.2,17.51774
202508.0,2025-08-31,88035.0,OUTLET PREMIUM CL 514,Consumidor Livre,NORDESTE,43.2,16.365178
202508.0,2025-08-31,88035.0,OUTLET PREMIUM CL 514,Consumidor Livre,NORDESTE,43.2,16.365178
,2025-08-31,,OUTLET PREMIUM CL 514,,,43.2,16.365178
