MES_REFERENCIA,DATA,CODIGO_PERFIL_AGENTE,SIGLA_PERFIL_AGENTE,CLASSE_PERFIL_AGENTE,SUBMERCADO,CAPACIDADE_CARGA,CONSUMO_CARGA_ACL
,2022-01-01,30965.0,UTE SAO FRANCISCO EI CL 514,Consumidor Livre,SUDESTE,24.0,4.580297
,2022-01-02,30965.0,UTE SAO FRANCISCO EI CL 514,Consumidor Livre,SUDESTE,24.0,4.536189
,2022-01-03,30965.0,UTE SAO FRANCISCO EI CL 514,Consumidor Livre,SUDESTE,24.0,7.580091
,2022-01-04,30965.0,UTE SAO FRANCISCO EI CL 514,Consumidor Livre,SUDESTE,24.0,8.425453
,2022-01-05,30965.0,UTE SAO FRANCISCO EI CL 514,Consumidor Livre,SUDESTE,24.0,8.271477
,2022-01-06,30965.0,UTE SAO FRANCISCO EI CL 514,Consumidor Livre,SUDESTE,24.0,8.088589
,2022-01-07,30965.0,UTE SAO FRANCISCO EI CL 514,Consumidor Livre,SUDESTE,24.0,8.07625
,2022-01-08,30965.0,UTE SAO FRANCISCO EI CL 514,Consumidor Livre,SUDESTE,24.0,6.967653
,2022-01-09,30965.0,UTE SAO FRANCISCO EI CL 514,Consumidor Livre,SUDESTE,24.0,5.212951
,2022-01-10,30965.0,UTE SAO FRANCISCO EI CL 514,Consumidor Livre,SUDESTE,24.0,7.247649
,2022-01-11,30965.0,UTE SAO FRANCISCO EI CL 514,Consumidor Livre,SUDESTE,24.0,7.833982
,2022-01-12,30965.0,UTE SAO FRANCISCO EI CL 514,Consumidor Livre,SUDESTE,24.0,8.018908
,2022-01-13,30965.0,UTE SAO FRANCISCO EI CL 514,Consumidor Livre,SUDESTE,24.0,8.206203
,2022-01-14,30965.0,UTE SAO FRANCISCO EI CL 514,Consumidor Livre,SUDESTE,24.0,8.22103
,2022-01-15,30965.0,UTE SAO FRANCISCO EI CL 514,Consumidor Livre,SUDESTE,24.0,7.437907
,2022-01-16,30965.0,UTE SAO FRANCISCO EI CL 514,Consumidor Livre,SUDESTE,24.0,5.347479
,2022-01-17,30965.0,UTE SAO FRANCISCO EI CL 514,Consumidor Livre,SUDESTE,24.0,7.54404
,2022-01-18,30965.0,UTE SAO FRANCISCO EI CL 514,Consumidor Livre,SUDESTE,24.0,8.245232
,2022-01-19,30965.0,UTE SAO FRANCISCO EI CL 514,Consumidor Livre,SUDESTE,24.0,8.64278
,2022-01-20,30965.0,UTE SAO FRANCISCO EI CL 514,Consumidor Livre,SUDESTE,24.0,8.728872
,2022-01-21,30965.0,UTE SAO FRANCISCO EI CL 514,Consumidor Livre,SUDESTE,24.0,8.37244
,2022-01-22,30965.0,UTE SAO FRANCISCO EI CL 514,Consumidor Livre,SUDESTE,24.0,7.230747
,2022-01-23,30965.0,UTE SAO FRANCISCO EI CL 514,Consumidor Livre,SUDESTE,24.0,5.451618
,2022-01-24,30965.0,UTE SAO FRANCISCO EI CL 514,Consumidor Livre,SUDESTE,24.0,8.501469
,2022-01-25,30965.0,UTE SAO FRANCISCO EI CL 514,Consumidor Livre,SUDESTE,24.0,9.461059
,2022-01-26,30965.0,UTE SAO FRANCISCO EI CL 514,Consumidor Livre,SUDESTE,24.0,9.658278
,2022-01-27,30965.0,UTE SAO FRANCISCO EI CL 514,Consumidor Livre,SUDESTE,24.0,9.790013
,2022-01-28,30965.0,UTE SAO FRANCISCO EI CL 514,Consumidor Livre,SUDESTE,24.0,9.07862
,2022-01-29,30965.0,UTE SAO FRANCISCO EI CL 514,Consumidor Livre,SUDESTE,24.0,8.104223
,2022-01-30,30965.0,UTE SAO FRANCISCO EI CL 514,Consumidor Livre,SUDESTE,24.0,5.637251
,2022-01-31,30965.0,UTE SAO FRANCISCO EI CL 514,Consumidor Livre,SUDESTE,24.0,8.219526
,2022-02-01,30965.0,UTE SAO FRANCISCO EI CL 514,Consumidor Livre,SUDESTE,24.0,8.971294
,2022-02-02,30965.0,UTE SAO FRANCISCO EI CL 514,Consumidor Livre,SUDESTE,24.0,7.895026
,2022-02-03,30965.0,UTE SAO FRANCISCO EI CL 514,Consumidor Livre,SUDESTE,24.0,8.51526
,2022-02-04,30965.0,UTE SAO FRANCISCO EI CL 514,Consumidor Livre,SUDESTE,24.0,8.970843
,2022-02-05,30965.0,UTE SAO FRANCISCO EI CL 514,Consumidor Livre,SUDESTE,24.0,7.809827
,2022-02-06,30965.0,UTE SAO FRANCISCO EI CL 514,Consumidor Livre,SUDESTE,24.0,6.116413
,2022-02-07,30965.0,UTE SAO FRANCISCO EI CL 514,Consumidor Livre,SUDESTE,24.0,8.631468
,2022-02-08,30965.0,UTE SAO FRANCISCO EI CL 514,Consumidor Livre,SUDESTE,24.0,9.075972
,2022-02-09,30965.0,UTE SAO FRANCISCO EI CL 514,Consumidor Livre,SUDESTE,24.0,8.9887
,2022-02-10,30965.0,UTE SAO FRANCISCO EI CL 514,Consumidor Livre,SUDESTE,24.0,8.908121
,2022-02-11,30965.0,UTE SAO FRANCISCO EI CL 514,Consumidor Livre,SUDESTE,24.0,8.584743
,2022-02-12,30965.0,UTE SAO FRANCISCO EI CL 514,Consumidor Livre,SUDESTE,24.0,7.375109
,2022-02-13,30965.0,UTE SAO FRANCISCO EI CL 514,Consumidor Livre,SUDESTE,24.0,5.2334510000000005
,2022-02-14,30965.0,UTE SAO FRANCISCO EI CL 514,Consumidor Livre,SUDESTE,24.0,8.480298
,2022-02-15,30965.0,UTE SAO FRANCISCO EI CL 514,Consumidor Livre,SUDESTE,24.0,9.241415
,2022-02-16,30965.0,UTE SAO FRANCISCO EI CL 514,Consumidor Livre,SUDESTE,24.0,9.256961
,2022-02-17,30965.0,UTE SAO FRANCISCO EI CL 514,Consumidor Livre,SUDESTE,24.0,9.090252
,2022-02-18,30965.0,UTE SAO FRANCISCO EI CL 514,Consumidor Livre,SUDESTE,24.0,8.971975
,2022-02-19,30965.0,UTE SAO FRANCISCO EI CL 514,Consumidor Livre,SUDESTE,24.0,7.924693
,2022-02-20,30965.0,UTE SAO FRANCISCO EI CL 514,Consumidor Livre,SUDESTE,24.0,6.034567
,2022-02-21,30965.0,UTE SAO FRANCISCO EI CL 514,Consumidor Livre,SUDESTE,24.0,9.152677
,2022-02-22,30965.0,UTE SAO FRANCISCO EI CL 514,Consumidor Livre,SUDESTE,24.0,9.973806
,2022-02-23,30965.0,UTE SAO FRANCISCO EI CL 514,Consumidor Livre,SUDESTE,24.0,10.005909
,2022-02-24,30965.0,UTE SAO FRANCISCO EI CL 514,Consumidor Livre,SUDESTE,24.0,9.992859
,2022-02-25,30965.0,UTE SAO FRANCISCO EI CL 514,Consumidor Livre,SUDESTE,24.0,9.921142
,2022-02-26,30965.0,UTE SAO FRANCISCO EI CL 514,Consumidor Livre,SUDESTE,24.0,8.050649
,2022-02-27,30965.0,UTE SAO FRANCISCO EI CL 514,Consumidor Livre,SUDESTE,24.0,5.418487
,2022-02-28,30965.0,UTE SAO FRANCISCO EI CL 514,Consumidor Livre,SUDESTE,24.0,8.798881
,2022-03-01,30965.0,UTE SAO FRANCISCO EI CL 514,Consumidor Livre,SUDESTE,24.0,9.602528
,2022-03-02,30965.0,UTE SAO FRANCISCO EI CL 514,Consumidor Livre,SUDESTE,24.0,9.594692
,2022-03-03,30965.0,UTE SAO FRANCISCO EI CL 514,Consumidor Livre,SUDESTE,24.0,9.563046
,2022-03-04,30965.0,UTE SAO FRANCISCO EI CL 514,Consumidor Livre,SUDESTE,24.0,9.599056
,2022-03-05,30965.0,UTE SAO FRANCISCO EI CL 514,Consumidor Livre,SUDESTE,24.0,8.260385
,2022-03-06,30965.0,UTE SAO FRANCISCO EI CL 514,Consumidor Livre,SUDESTE,24.0,3.94207
,2022-03-07,30965.0,UTE SAO FRANCISCO EI CL 514,Consumidor Livre,SUDESTE,24.0,8.745532
,2022-03-08,30965.0,UTE SAO FRANCISCO EI CL 514,Consumidor Livre,SUDESTE,24.0,9.54886
,2022-03-09,30965.0,UTE SAO FRANCISCO EI CL 514,Consumidor Livre,SUDESTE,24.0,9.360387
,2022-03-10,30965.0,UTE SAO FRANCISCO EI CL 514,Consumidor Livre,SUDESTE,24.0,9.95678
,2022-03-11,30965.0,UTE SAO FRANCISCO EI CL 514,Consumidor Livre,SUDESTE,24.0,9.661443
,2022-03-12,30965.0,UTE SAO FRANCISCO EI CL 514,Consumidor Livre,SUDESTE,24.0,7.816599
,2022-03-13,30965.0,UTE SAO FRANCISCO EI CL 514,Consumidor Livre,SUDESTE,24.0,4.922979
,2022-03-14,30965.0,UTE SAO FRANCISCO EI CL 514,Consumidor Livre,SUDESTE,24.0,8.425296
,2022-03-15,30965.0,UTE SAO FRANCISCO EI CL 514,Consumidor Livre,SUDESTE,24.0,9.311956
,2022-03-16,30965.0,UTE SAO FRANCISCO EI CL 514,Consumidor Livre,SUDESTE,24.0,9.279816
,2022-03-17,30965.0,UTE SAO FRANCISCO EI CL 514,Consumidor Livre,SUDESTE,24.0,9.37807
,2022-03-18,30965.0,UTE SAO FRANCISCO EI CL 514,Consumidor Livre,SUDESTE,24.0,9.692325
,2022-03-19,30965.0,UTE SAO FRANCISCO EI CL 514,Consumidor Livre,SUDESTE,24.0,8.103811
,2022-03-20,30965.0,UTE SAO FRANCISCO EI CL 514,Consumidor Livre,SUDESTE,24.0,5.570215
,2022-03-21,30965.0,UTE SAO FRANCISCO EI CL 514,Consumidor Livre,SUDESTE,24.0,8.621815
,2022-03-22,30965.0,UTE SAO FRANCISCO EI CL 514,Consumidor Livre,SUDESTE,24.0,10.248322
,2022-03-23,30965.0,UTE SAO FRANCISCO EI CL 514,Consumidor Livre,SUDESTE,24.0,10.846971
,2022-03-24,30965.0,UTE SAO FRANCISCO EI CL 514,Consumidor Livre,SUDESTE,24.0,10.714848
,2022-03-25,30965.0,UTE SAO FRANCISCO EI CL 514,Consumidor Livre,SUDESTE,24.0,9.473686
,2022-03-26,30965.0,UTE SAO FRANCISCO EI CL 514,Consumidor Livre,SUDESTE,24.0,6.128647
,2022-03-27,30965.0,UTE SAO FRANCISCO EI CL 514,Consumidor Livre,SUDESTE,24.0,4.979138
,2022-03-28,30965.0,UTE SAO FRANCISCO EI CL 514,Consumidor Livre,SUDESTE,24.0,8.485320999999999
,2022-03-29,30965.0,UTE SAO FRANCISCO EI CL 514,Consumidor Livre,SUDESTE,24.0,8.935834
,2022-03-30,30965.0,UTE SAO FRANCISCO EI CL 514,Consumidor Livre,SUDESTE,24.0,9.711105
,2022-03-31,30965.0,UTE SAO FRANCISCO EI CL 514,Consumidor Livre,SUDESTE,24.0,9.963326
,2022-04-01,30965.0,UTE SAO FRANCISCO EI CL 514,Consumidor Livre,SUDESTE,24.0,9.155315
,2022-04-02,30965.0,UTE SAO FRANCISCO EI CL 514,Consumidor Livre,SUDESTE,24.0,8.22934
,2022-04-03,30965.0,UTE SAO FRANCISCO EI CL 514,Consumidor Livre,SUDESTE,24.0,6.169838
,2022-04-04,30965.0,UTE SAO FRANCISCO EI CL 514,Consumidor Livre,SUDESTE,24.0,9.171576
,2022-04-05,30965.0,UTE SAO FRANCISCO EI CL 514,Consumidor Livre,SUDESTE,24.0,10.046603
,2022-04-06,30965.0,UTE SAO FRANCISCO EI CL 514,Consumidor Livre,SUDESTE,24.0,10.145825
,2022-04-07,30965.0,UTE SAO FRANCISCO EI CL 514,Consumidor Livre,SUDESTE,24.0,10.571909
,2022-04-08,30965.0,UTE SAO FRANCISCO EI CL 514,Consumidor Livre,SUDESTE,24.0,10.240027
,2022-04-09,30965.0,UTE SAO FRANCISCO EI CL 514,Consumidor Livre,SUDESTE,24.0,8.474859
,2022-04-10,30965.0,UTE SAO FRANCISCO EI CL 514,Consumidor Livre,SUDESTE,24.0,6.2195
,2022-04-11,30965.0,UTE SAO FRANCISCO EI CL 514,Consumidor Livre,SUDESTE,24.0,10.145976
,2022-04-12,30965.0,UTE SAO FRANCISCO EI CL 514,Consumidor Livre,SUDESTE,24.0,28.627379
,2022-04-13,30965.0,UTE SAO FRANCISCO EI CL 514,Consumidor Livre,SUDESTE,24.0,10.636342
,2022-04-14,30965.0,UTE SAO FRANCISCO EI CL 514,Consumidor Livre,SUDESTE,24.0,10.348843
,2022-04-15,30965.0,UTE SAO FRANCISCO EI CL 514,Consumidor Livre,SUDESTE,24.0,5.77436
,2022-04-16,30965.0,UTE SAO FRANCISCO EI CL 514,Consumidor Livre,SUDESTE,24.0,5.539176
,2022-04-17,30965.0,UTE SAO FRANCISCO EI CL 514,Consumidor Livre,SUDESTE,24.0,5.933815
,2022-04-18,30965.0,UTE SAO FRANCISCO EI CL 514,Consumidor Livre,SUDESTE,24.0,10.782483
,2022-04-19,30965.0,UTE SAO FRANCISCO EI CL 514,Consumidor Livre,SUDESTE,24.0,26.068204
,2022-04-20,30965.0,UTE SAO FRANCISCO EI CL 514,Consumidor Livre,SUDESTE,24.0,11.689777
,2022-04-21,30965.0,UTE SAO FRANCISCO EI CL 514,Consumidor Livre,SUDESTE,24.0,9.473789
,2022-04-22,30965.0,UTE SAO FRANCISCO EI CL 514,Consumidor Livre,SUDESTE,24.0,8.351695
,2022-04-23,30965.0,UTE SAO FRANCISCO EI CL 514,Consumidor Livre,SUDESTE,24.0,6.861579
,2022-04-24,30965.0,UTE SAO FRANCISCO EI CL 514,Consumidor Livre,SUDESTE,24.0,6.250355
,2022-04-25,30965.0,UTE SAO FRANCISCO EI CL 514,Consumidor Livre,SUDESTE,24.0,9.49312
,2022-04-26,30965.0,UTE SAO FRANCISCO EI CL 514,Consumidor Livre,SUDESTE,24.0,10.790939
,2022-04-27,30965.0,UTE SAO FRANCISCO EI CL 514,Consumidor Livre,SUDESTE,24.0,10.744428
,2022-04-28,30965.0,UTE SAO FRANCISCO EI CL 514,Consumidor Livre,SUDESTE,24.0,10.718884
,2022-04-29,30965.0,UTE SAO FRANCISCO EI CL 514,Consumidor Livre,SUDESTE,24.0,9.871767
,2022-04-30,30965.0,UTE SAO FRANCISCO EI CL 514,Consumidor Livre,SUDESTE,24.0,10.685686
,2022-05-01,30965.0,UTE SAO FRANCISCO EI CL 514,Consumidor Livre,SUDESTE,24.0,15.156303
,2022-05-02,30965.0,UTE SAO FRANCISCO EI CL 514,Consumidor Livre,SUDESTE,24.0,21.100619
,2022-05-03,30965.0,UTE SAO FRANCISCO EI CL 514,Consumidor Livre,SUDESTE,24.0,16.796925
,2022-05-04,30965.0,UTE SAO FRANCISCO EI CL 514,Consumidor Livre,SUDESTE,24.0,15.106561
,2022-05-05,30965.0,UTE SAO FRANCISCO EI CL 514,Consumidor Livre,SUDESTE,24.0,30.91875
,2022-05-06,30965.0,UTE SAO FRANCISCO EI CL 514,Consumidor Livre,SUDESTE,24.0,0.0
,2022-05-07,30965.0,UTE SAO FRANCISCO EI CL 514,Consumidor Livre,SUDESTE,24.0,0.0
,2022-05-08,30965.0,UTE SAO FRANCISCO EI CL 514,Consumidor Livre,SUDESTE,24.0,0.0
,2022-05-09,30965.0,UTE SAO FRANCISCO EI CL 514,Consumidor Livre,SUDESTE,24.0,0.0
,2022-05-10,30965.0,UTE SAO FRANCISCO EI CL 514,Consumidor Livre,SUDESTE,24.0,0.0
,2022-05-11,30965.0,UTE SAO FRANCISCO EI CL 514,Consumidor Livre,SUDESTE,24.0,0.0
,2022-05-12,30965.0,UTE SAO FRANCISCO EI CL 514,Consumidor Livre,SUDESTE,24.0,0.0
,2022-05-13,30965.0,UTE SAO FRANCISCO EI CL 514,Consumidor Livre,SUDESTE,24.0,0.0
,2022-05-14,30965.0,UTE SAO FRANCISCO EI CL 514,Consumidor Livre,SUDESTE,24.0,0.0
,2022-05-15,30965.0,UTE SAO FRANCISCO EI CL 514,Consumidor Livre,SUDESTE,24.0,21.794248
,2022-05-16,30965.0,UTE SAO FRANCISCO EI CL 514,Consumidor Livre,SUDESTE,24.0,25.862087
,2022-05-17,30965.0,UTE SAO FRANCISCO EI CL 514,Consumidor Livre,SUDESTE,24.0,21.882767
,2022-05-18,30965.0,UTE SAO FRANCISCO EI CL 514,Consumidor Livre,SUDESTE,24.0,0.0
,2022-05-19,30965.0,UTE SAO FRANCISCO EI CL 514,Consumidor Livre,SUDESTE,24.0,0.0
,2022-05-20,30965.0,UTE SAO FRANCISCO EI CL 514,Consumidor Livre,SUDESTE,24.0,0.0
,2022-05-21,30965.0,UTE SAO FRANCISCO EI CL 514,Consumidor Livre,SUDESTE,24.0,0.0
,2022-05-22,30965.0,UTE SAO FRANCISCO EI CL 514,Consumidor Livre,SUDESTE,24.0,0.0
,2022-05-23,30965.0,UTE SAO FRANCISCO EI CL 514,Consumidor Livre,SUDESTE,24.0,0.0
,2022-05-24,30965.0,UTE SAO FRANCISCO EI CL 514,Consumidor Livre,SUDESTE,24.0,0.0
,2022-05-25,30965.0,UTE SAO FRANCISCO EI CL 514,Consumidor Livre,SUDESTE,24.0,0.0
,2022-05-26,30965.0,UTE SAO FRANCISCO EI CL 514,Consumidor Livre,SUDESTE,24.0,0.0
,2022-05-27,30965.0,UTE SAO FRANCISCO EI CL 514,Consumidor Livre,SUDESTE,24.0,0.0
,2022-05-28,30965.0,UTE SAO FRANCISCO EI CL 514,Consumidor Livre,SUDESTE,24.0,0.0
,2022-05-29,30965.0,UTE SAO FRANCISCO EI CL 514,Consumidor Livre,SUDESTE,24.0,0.0
,2022-05-30,30965.0,UTE SAO FRANCISCO EI CL 514,Consumidor Livre,SUDESTE,24.0,0.0
,2022-05-31,30965.0,UTE SAO FRANCISCO EI CL 514,Consumidor Livre,SUDESTE,24.0,28.76129
,2022-06-01,30965.0,UTE SAO FRANCISCO EI CL 514,Consumidor Livre,SUDESTE,24.0,0.0
,2022-06-02,30965.0,UTE SAO FRANCISCO EI CL 514,Consumidor Livre,SUDESTE,24.0,7.158826
,2022-06-03,30965.0,UTE SAO FRANCISCO EI CL 514,Consumidor Livre,SUDESTE,24.0,0.0
,2022-06-04,30965.0,UTE SAO FRANCISCO EI CL 514,Consumidor Livre,SUDESTE,24.0,0.0
,2022-06-05,30965.0,UTE SAO FRANCISCO EI CL 514,Consumidor Livre,SUDESTE,24.0,0.0
,2022-06-06,30965.0,UTE SAO FRANCISCO EI CL 514,Consumidor Livre,SUDESTE,24.0,0.0
,2022-06-07,30965.0,UTE SAO FRANCISCO EI CL 514,Consumidor Livre,SUDESTE,24.0,0.0
,2022-06-08,30965.0,UTE SAO FRANCISCO EI CL 514,Consumidor Livre,SUDESTE,24.0,0.0
,2022-06-09,30965.0,UTE SAO FRANCISCO EI CL 514,Consumidor Livre,SUDESTE,24.0,0.0
,2022-06-10,30965.0,UTE SAO FRANCISCO EI CL 514,Consumidor Livre,SUDESTE,24.0,0.0
,2022-06-11,30965.0,UTE SAO FRANCISCO EI CL 514,Consumidor Livre,SUDESTE,24.0,0.0
,2022-06-12,30965.0,UTE SAO FRANCISCO EI CL 514,Consumidor Livre,SUDESTE,24.0,0.0
,2022-06-13,30965.0,UTE SAO FRANCISCO EI CL 514,Consumidor Livre,SUDESTE,24.0,0.0
,2022-06-14,30965.0,UTE SAO FRANCISCO EI CL 514,Consumidor Livre,SUDESTE,24.0,0.0
,2022-06-15,30965.0,UTE SAO FRANCISCO EI CL 514,Consumidor Livre,SUDESTE,24.0,0.0
,2022-06-16,30965.0,UTE SAO FRANCISCO EI CL 514,Consumidor Livre,SUDESTE,24.0,0.0
,2022-06-17,30965.0,UTE SAO FRANCISCO EI CL 514,Consumidor Livre,SUDESTE,24.0,0.0
,2022-06-18,30965.0,UTE SAO FRANCISCO EI CL 514,Consumidor Livre,SUDESTE,24.0,0.0
,2022-06-19,30965.0,UTE SAO FRANCISCO EI CL 514,Consumidor Livre,SUDESTE,24.0,0.0
,2022-06-20,30965.0,UTE SAO FRANCISCO EI CL 514,Consumidor Livre,SUDESTE,24.0,0.0
,2022-06-21,30965.0,UTE SAO FRANCISCO EI CL 514,Consumidor Livre,SUDESTE,24.0,0.0
,2022-06-22,30965.0,UTE SAO FRANCISCO EI CL 514,Consumidor Livre,SUDESTE,24.0,0.0
,2022-06-23,30965.0,UTE SAO FRANCISCO EI CL 514,Consumidor Livre,SUDESTE,24.0,0.0
,2022-06-24,30965.0,UTE SAO FRANCISCO EI CL 514,Consumidor Livre,SUDESTE,24.0,0.0
,2022-06-25,30965.0,UTE SAO FRANCISCO EI CL 514,Consumidor Livre,SUDESTE,24.0,0.0
,2022-06-26,30965.0,UTE SAO FRANCISCO EI CL 514,Consumidor Livre,SUDESTE,24.0,0.0
,2022-06-27,30965.0,UTE SAO FRANCISCO EI CL 514,Consumidor Livre,SUDESTE,24.0,0.0
,2022-06-28,30965.0,UTE SAO FRANCISCO EI CL 514,Consumidor Livre,SUDESTE,24.0,0.0
,2022-06-29,30965.0,UTE SAO FRANCISCO EI CL 514,Consumidor Livre,SUDESTE,24.0,0.0
,2022-06-30,30965.0,UTE SAO FRANCISCO EI CL 514,Consumidor Livre,SUDESTE,24.0,0.0
,2022-07-01,30965.0,UTE SAO FRANCISCO EI CL 514,Consumidor Livre,SUDESTE,24.0,0.0
,2022-07-02,30965.0,UTE SAO FRANCISCO EI CL 514,Consumidor Livre,SUDESTE,24.0,0.0
,2022-07-03,30965.0,UTE SAO FRANCISCO EI CL 514,Consumidor Livre,SUDESTE,24.0,0.0
,2022-07-04,30965.0,UTE SAO FRANCISCO EI CL 514,Consumidor Livre,SUDESTE,24.0,0.0
,2022-07-05,30965.0,UTE SAO FRANCISCO EI CL 514,Consumidor Livre,SUDESTE,24.0,0.0
,2022-07-06,30965.0,UTE SAO FRANCISCO EI CL 514,Consumidor Livre,SUDESTE,24.0,0.0
,2022-07-07,30965.0,UTE SAO FRANCISCO EI CL 514,Consumidor Livre,SUDESTE,24.0,0.0
,2022-07-08,30965.0,UTE SAO FRANCISCO EI CL 514,Consumidor Livre,SUDESTE,24.0,0.0
,2022-07-09,30965.0,UTE SAO FRANCISCO EI CL 514,Consumidor Livre,SUDESTE,24.0,0.0
,2022-07-10,30965.0,UTE SAO FRANCISCO EI CL 514,Consumidor Livre,SUDESTE,24.0,0.0
,2022-07-11,30965.0,UTE SAO FRANCISCO EI CL 514,Consumidor Livre,SUDESTE,24.0,0.0
,2022-07-12,30965.0,UTE SAO FRANCISCO EI CL 514,Consumidor Livre,SUDESTE,24.0,0.0
,2022-07-13,30965.0,UTE SAO FRANCISCO EI CL 514,Consumidor Livre,SUDESTE,24.0,39.678476
,2022-07-14,30965.0,UTE SAO FRANCISCO EI CL 514,Consumidor Livre,SUDESTE,24.0,0.0
,2022-07-15,30965.0,UTE SAO FRANCISCO EI CL 514,Consumidor Livre,SUDESTE,24.0,0.0
,2022-07-16,30965.0,UTE SAO FRANCISCO EI CL 514,Consumidor Livre,SUDESTE,24.0,0.0
,2022-07-17,30965.0,UTE SAO FRANCISCO EI CL 514,Consumidor Livre,SUDESTE,24.0,0.0
,2022-07-18,30965.0,UTE SAO FRANCISCO EI CL 514,Consumidor Livre,SUDESTE,24.0,0.0
,2022-07-19,30965.0,UTE SAO FRANCISCO EI CL 514,Consumidor Livre,SUDESTE,24.0,0.0
,2022-07-20,30965.0,UTE SAO FRANCISCO EI CL 514,Consumidor Livre,SUDESTE,24.0,0.0
,2022-07-21,30965.0,UTE SAO FRANCISCO EI CL 514,Consumidor Livre,SUDESTE,24.0,0.0
,2022-07-22,30965.0,UTE SAO FRANCISCO EI CL 514,Consumidor Livre,SUDESTE,24.0,0.0
,2022-07-23,30965.0,UTE SAO FRANCISCO EI CL 514,Consumidor Livre,SUDESTE,24.0,0.0
,2022-07-24,30965.0,UTE SAO FRANCISCO EI CL 514,Consumidor Livre,SUDESTE,24.0,0.0
,2022-07-25,30965.0,UTE SAO FRANCISCO EI CL 514,Consumidor Livre,SUDESTE,24.0,0.0
,2022-07-26,30965.0,UTE SAO FRANCISCO EI CL 514,Consumidor Livre,SUDESTE,24.0,0.0
,2022-07-27,30965.0,UTE SAO FRANCISCO EI CL 514,Consumidor Livre,SUDESTE,24.0,0.0
,2022-07-28,30965.0,UTE SAO FRANCISCO EI CL 514,Consumidor Livre,SUDESTE,24.0,0.0
,2022-07-29,30965.0,UTE SAO FRANCISCO EI CL 514,Consumidor Livre,SUDESTE,24.0,0.0
,2022-07-30,30965.0,UTE SAO FRANCISCO EI CL 514,Consumidor Livre,SUDESTE,24.0,0.0
,2022-07-31,30965.0,UTE SAO FRANCISCO EI CL 514,Consumidor Livre,SUDESTE,24.0,0.0
,2022-08-01,30965.0,UTE SAO FRANCISCO EI CL 514,Consumidor Livre,SUDESTE,24.0,0.0
,2022-08-02,30965.0,UTE SAO FRANCISCO EI CL 514,Consumidor Livre,SUDESTE,24.0,0.0
,2022-08-03,30965.0,UTE SAO FRANCISCO EI CL 514,Consumidor Livre,SUDESTE,24.0,0.0
,2022-08-04,30965.0,UTE SAO FRANCISCO EI CL 514,Consumidor Livre,SUDESTE,24.0,0.0
,2022-08-05,30965.0,UTE SAO FRANCISCO EI CL 514,Consumidor Livre,SUDESTE,24.0,0.0
,2022-08-06,30965.0,UTE SAO FRANCISCO EI CL 514,Consumidor Livre,SUDESTE,24.0,0.0
,2022-08-07,30965.0,UTE SAO FRANCISCO EI CL 514,Consumidor Livre,SUDESTE,24.0,0.0
,2022-08-08,30965.0,UTE SAO FRANCISCO EI CL 514,Consumidor Livre,SUDESTE,24.0,0.0
,2022-08-09,30965.0,UTE SAO FRANCISCO EI CL 514,Consumidor Livre,SUDESTE,24.0,0.2591
,2022-08-10,30965.0,UTE SAO FRANCISCO EI CL 514,Consumidor Livre,SUDESTE,24.0,31.09785
,2022-08-11,30965.0,UTE SAO FRANCISCO EI CL 514,Consumidor Livre,SUDESTE,24.0,13.851301
,2022-08-12,30965.0,UTE SAO FRANCISCO EI CL 514,Consumidor Livre,SUDESTE,24.0,0.0
,2022-08-13,30965.0,UTE SAO FRANCISCO EI CL 514,Consumidor Livre,SUDESTE,24.0,0.0
,2022-08-14,30965.0,UTE SAO FRANCISCO EI CL 514,Consumidor Livre,SUDESTE,24.0,0.0
,2022-08-15,30965.0,UTE SAO FRANCISCO EI CL 514,Consumidor Livre,SUDESTE,24.0,0.0
,2022-08-16,30965.0,UTE SAO FRANCISCO EI CL 514,Consumidor Livre,SUDESTE,24.0,0.0
,2022-08-17,30965.0,UTE SAO FRANCISCO EI CL 514,Consumidor Livre,SUDESTE,24.0,0.0
,2022-08-18,30965.0,UTE SAO FRANCISCO EI CL 514,Consumidor Livre,SUDESTE,24.0,0.0
,2022-08-19,30965.0,UTE SAO FRANCISCO EI CL 514,Consumidor Livre,SUDESTE,24.0,0.0
,2022-08-20,30965.0,UTE SAO FRANCISCO EI CL 514,Consumidor Livre,SUDESTE,24.0,5.106519
,2022-08-21,30965.0,UTE SAO FRANCISCO EI CL 514,Consumidor Livre,SUDESTE,24.0,0.0
,2022-08-22,30965.0,UTE SAO FRANCISCO EI CL 514,Consumidor Livre,SUDESTE,24.0,0.0
,2022-08-23,30965.0,UTE SAO FRANCISCO EI CL 514,Consumidor Livre,SUDESTE,24.0,0.0
,2022-08-24,30965.0,UTE SAO FRANCISCO EI CL 514,Consumidor Livre,SUDESTE,24.0,0.0
,2022-08-25,30965.0,UTE SAO FRANCISCO EI CL 514,Consumidor Livre,SUDESTE,24.0,0.0
,2022-08-26,30965.0,UTE SAO FRANCISCO EI CL 514,Consumidor Livre,SUDESTE,24.0,0.0
,2022-08-27,30965.0,UTE SAO FRANCISCO EI CL 514,Consumidor Livre,SUDESTE,24.0,0.0
,2022-08-28,30965.0,UTE SAO FRANCISCO EI CL 514,Consumidor Livre,SUDESTE,24.0,0.0
,2022-08-29,30965.0,UTE SAO FRANCISCO EI CL 514,Consumidor Livre,SUDESTE,24.0,0.0
,2022-08-30,30965.0,UTE SAO FRANCISCO EI CL 514,Consumidor Livre,SUDESTE,24.0,0.0
,2022-08-31,30965.0,UTE SAO FRANCISCO EI CL 514,Consumidor Livre,SUDESTE,24.0,0.0
,2022-09-01,30965.0,UTE SAO FRANCISCO EI CL 514,Consumidor Livre,SUDESTE,24.0,0.0
,2022-09-02,30965.0,UTE SAO FRANCISCO EI CL 514,Consumidor Livre,SUDESTE,24.0,0.0
,2022-09-03,30965.0,UTE SAO FRANCISCO EI CL 514,Consumidor Livre,SUDESTE,24.0,0.0
,2022-09-04,30965.0,UTE SAO FRANCISCO EI CL 514,Consumidor Livre,SUDESTE,24.0,0.0
,2022-09-05,30965.0,UTE SAO FRANCISCO EI CL 514,Consumidor Livre,SUDESTE,24.0,0.0
,2022-09-06,30965.0,UTE SAO FRANCISCO EI CL 514,Consumidor Livre,SUDESTE,24.0,0.0
,2022-09-07,30965.0,UTE SAO FRANCISCO EI CL 514,Consumidor Livre,SUDESTE,24.0,11.665588
,2022-09-08,30965.0,UTE SAO FRANCISCO EI CL 514,Consumidor Livre,SUDESTE,24.0,25.450555
,2022-09-09,30965.0,UTE SAO FRANCISCO EI CL 514,Consumidor Livre,SUDESTE,24.0,0.0
,2022-09-10,30965.0,UTE SAO FRANCISCO EI CL 514,Consumidor Livre,SUDESTE,24.0,0.0
,2022-09-11,30965.0,UTE SAO FRANCISCO EI CL 514,Consumidor Livre,SUDESTE,24.0,0.0
,2022-09-12,30965.0,UTE SAO FRANCISCO EI CL 514,Consumidor Livre,SUDESTE,24.0,0.0
,2022-09-13,30965.0,UTE SAO FRANCISCO EI CL 514,Consumidor Livre,SUDESTE,24.0,0.0
,2022-09-14,30965.0,UTE SAO FRANCISCO EI CL 514,Consumidor Livre,SUDESTE,24.0,0.0
,2022-09-15,30965.0,UTE SAO FRANCISCO EI CL 514,Consumidor Livre,SUDESTE,24.0,0.0
,2022-09-16,30965.0,UTE SAO FRANCISCO EI CL 514,Consumidor Livre,SUDESTE,24.0,0.0
,2022-09-17,30965.0,UTE SAO FRANCISCO EI CL 514,Consumidor Livre,SUDESTE,24.0,0.0
,2022-09-18,30965.0,UTE SAO FRANCISCO EI CL 514,Consumidor Livre,SUDESTE,24.0,0.0
,2022-09-19,30965.0,UTE SAO FRANCISCO EI CL 514,Consumidor Livre,SUDESTE,24.0,0.0
,2022-09-20,30965.0,UTE SAO FRANCISCO EI CL 514,Consumidor Livre,SUDESTE,24.0,0.0
,2022-09-21,30965.0,UTE SAO FRANCISCO EI CL 514,Consumidor Livre,SUDESTE,24.0,0.0
,2022-09-22,30965.0,UTE SAO FRANCISCO EI CL 514,Consumidor Livre,SUDESTE,24.0,22.737818
,2022-09-23,30965.0,UTE SAO FRANCISCO EI CL 514,Consumidor Livre,SUDESTE,24.0,27.354096
,2022-09-24,30965.0,UTE SAO FRANCISCO EI CL 514,Consumidor Livre,SUDESTE,24.0,9.653258
,2022-09-25,30965.0,UTE SAO FRANCISCO EI CL 514,Consumidor Livre,SUDESTE,24.0,0.0
,2022-09-26,30965.0,UTE SAO FRANCISCO EI CL 514,Consumidor Livre,SUDESTE,24.0,0.0
,2022-09-27,30965.0,UTE SAO FRANCISCO EI CL 514,Consumidor Livre,SUDESTE,24.0,20.808605
,2022-09-28,30965.0,UTE SAO FRANCISCO EI CL 514,Consumidor Livre,SUDESTE,24.0,29.290634
,2022-09-29,30965.0,UTE SAO FRANCISCO EI CL 514,Consumidor Livre,SUDESTE,24.0,19.005512
,2022-09-30,30965.0,UTE SAO FRANCISCO EI CL 514,Consumidor Livre,SUDESTE,24.0,0.0
,2022-10-01,30965.0,UTE SAO FRANCISCO EI CL 514,Consumidor Livre,SUDESTE,24.0,0.0
,2022-10-02,30965.0,UTE SAO FRANCISCO EI CL 514,Consumidor Livre,SUDESTE,24.0,0.0
,2022-10-03,30965.0,UTE SAO FRANCISCO EI CL 514,Consumidor Livre,SUDESTE,24.0,0.0
,2022-10-04,30965.0,UTE SAO FRANCISCO EI CL 514,Consumidor Livre,SUDESTE,24.0,0.0
,2022-10-05,30965.0,UTE SAO FRANCISCO EI CL 514,Consumidor Livre,SUDESTE,24.0,0.0
,2022-10-06,30965.0,UTE SAO FRANCISCO EI CL 514,Consumidor Livre,SUDESTE,24.0,0.0
,2022-10-07,30965.0,UTE SAO FRANCISCO EI CL 514,Consumidor Livre,SUDESTE,24.0,22.358773
,2022-10-08,30965.0,UTE SAO FRANCISCO EI CL 514,Consumidor Livre,SUDESTE,24.0,26.920773
,2022-10-09,30965.0,UTE SAO FRANCISCO EI CL 514,Consumidor Livre,SUDESTE,24.0,12.787072
,2022-10-10,30965.0,UTE SAO FRANCISCO EI CL 514,Consumidor Livre,SUDESTE,24.0,31.38558
,2022-10-11,30965.0,UTE SAO FRANCISCO EI CL 514,Consumidor Livre,SUDESTE,24.0,26.893307
,2022-10-12,30965.0,UTE SAO FRANCISCO EI CL 514,Consumidor Livre,SUDESTE,24.0,0.0
,2022-10-13,30965.0,UTE SAO FRANCISCO EI CL 514,Consumidor Livre,SUDESTE,24.0,0.0
,2022-10-14,30965.0,UTE SAO FRANCISCO EI CL 514,Consumidor Livre,SUDESTE,24.0,0.0
,2022-10-15,30965.0,UTE SAO FRANCISCO EI CL 514,Consumidor Livre,SUDESTE,24.0,0.0
,2022-10-16,30965.0,UTE SAO FRANCISCO EI CL 514,Consumidor Livre,SUDESTE,24.0,0.0
,2022-10-17,30965.0,UTE SAO FRANCISCO EI CL 514,Consumidor Livre,SUDESTE,24.0,0.0
,2022-10-18,30965.0,UTE SAO FRANCISCO EI CL 514,Consumidor Livre,SUDESTE,24.0,0.0
,2022-10-19,30965.0,UTE SAO FRANCISCO EI CL 514,Consumidor Livre,SUDESTE,24.0,0.0
,2022-10-20,30965.0,UTE SAO FRANCISCO EI CL 514,Consumidor Livre,SUDESTE,24.0,0.0
,2022-10-21,30965.0,UTE SAO FRANCISCO EI CL 514,Consumidor Livre,SUDESTE,24.0,15.171217
,2022-10-22,30965.0,UTE SAO FRANCISCO EI CL 514,Consumidor Livre,SUDESTE,24.0,32.687579
,2022-10-23,30965.0,UTE SAO FRANCISCO EI CL 514,Consumidor Livre,SUDESTE,24.0,9.66821
,2022-10-24,30965.0,UTE SAO FRANCISCO EI CL 514,Consumidor Livre,SUDESTE,24.0,2.8601
,2022-10-25,30965.0,UTE SAO FRANCISCO EI CL 514,Consumidor Livre,SUDESTE,24.0,0.0
,2022-10-26,30965.0,UTE SAO FRANCISCO EI CL 514,Consumidor Livre,SUDESTE,24.0,0.0
,2022-10-27,30965.0,UTE SAO FRANCISCO EI CL 514,Consumidor Livre,SUDESTE,24.0,0.0
,2022-10-28,30965.0,UTE SAO FRANCISCO EI CL 514,Consumidor Livre,SUDESTE,24.0,0.0
,2022-10-29,30965.0,UTE SAO FRANCISCO EI CL 514,Consumidor Livre,SUDESTE,24.0,0.0
,2022-10-30,30965.0,UTE SAO FRANCISCO EI CL 514,Consumidor Livre,SUDESTE,24.0,0.0
,2022-10-31,30965.0,UTE SAO FRANCISCO EI CL 514,Consumidor Livre,SUDESTE,24.0,5.881306
,2022-11-01,30965.0,UTE SAO FRANCISCO EI CL 514,Consumidor Livre,SUDESTE,24.0,0.0
,2022-11-02,30965.0,UTE SAO FRANCISCO EI CL 514,Consumidor Livre,SUDESTE,24.0,0.0
,2022-11-03,30965.0,UTE SAO FRANCISCO EI CL 514,Consumidor Livre,SUDESTE,24.0,0.0
,2022-11-04,30965.0,UTE SAO FRANCISCO EI CL 514,Consumidor Livre,SUDESTE,24.0,0.0
,2022-11-05,30965.0,UTE SAO FRANCISCO EI CL 514,Consumidor Livre,SUDESTE,24.0,0.0
,2022-11-06,30965.0,UTE SAO FRANCISCO EI CL 514,Consumidor Livre,SUDESTE,24.0,0.0
,2022-11-07,30965.0,UTE SAO FRANCISCO EI CL 514,Consumidor Livre,SUDESTE,24.0,0.0
,2022-11-08,30965.0,UTE SAO FRANCISCO EI CL 514,Consumidor Livre,SUDESTE,24.0,6.332327
,2022-11-09,30965.0,UTE SAO FRANCISCO EI CL 514,Consumidor Livre,SUDESTE,24.0,21.744779
,2022-11-10,30965.0,UTE SAO FRANCISCO EI CL 514,Consumidor Livre,SUDESTE,24.0,17.997158
,2022-11-11,30965.0,UTE SAO FRANCISCO EI CL 514,Consumidor Livre,SUDESTE,24.0,15.959395
,2022-11-12,30965.0,UTE SAO FRANCISCO EI CL 514,Consumidor Livre,SUDESTE,24.0,11.624741
,2022-11-13,30965.0,UTE SAO FRANCISCO EI CL 514,Consumidor Livre,SUDESTE,24.0,8.476488
,2022-11-14,30965.0,UTE SAO FRANCISCO EI CL 514,Consumidor Livre,SUDESTE,24.0,8.293439
,2022-11-15,30965.0,UTE SAO FRANCISCO EI CL 514,Consumidor Livre,SUDESTE,24.0,12.156104
,2022-11-16,30965.0,UTE SAO FRANCISCO EI CL 514,Consumidor Livre,SUDESTE,24.0,14.710899
,2022-11-17,30965.0,UTE SAO FRANCISCO EI CL 514,Consumidor Livre,SUDESTE,24.0,13.253473
,2022-11-18,30965.0,UTE SAO FRANCISCO EI CL 514,Consumidor Livre,SUDESTE,24.0,12.133596
,2022-11-19,30965.0,UTE SAO FRANCISCO EI CL 514,Consumidor Livre,SUDESTE,24.0,8.988756
,2022-11-20,30965.0,UTE SAO FRANCISCO EI CL 514,Consumidor Livre,SUDESTE,24.0,5.772064
,2022-11-21,30965.0,UTE SAO FRANCISCO EI CL 514,Consumidor Livre,SUDESTE,24.0,10.174663
,2022-11-22,30965.0,UTE SAO FRANCISCO EI CL 514,Consumidor Livre,SUDESTE,24.0,10.837059
,2022-11-23,30965.0,UTE SAO FRANCISCO EI CL 514,Consumidor Livre,SUDESTE,24.0,10.497131
,2022-11-24,30965.0,UTE SAO FRANCISCO EI CL 514,Consumidor Livre,SUDESTE,24.0,11.633198
,2022-11-25,30965.0,UTE SAO FRANCISCO EI CL 514,Consumidor Livre,SUDESTE,24.0,10.137192
,2022-11-26,30965.0,UTE SAO FRANCISCO EI CL 514,Consumidor Livre,SUDESTE,24.0,8.842403000000001
,2022-11-27,30965.0,UTE SAO FRANCISCO EI CL 514,Consumidor Livre,SUDESTE,24.0,5.88606
,2022-11-28,30965.0,UTE SAO FRANCISCO EI CL 514,Consumidor Livre,SUDESTE,24.0,8.837646
,2022-11-29,30965.0,UTE SAO FRANCISCO EI CL 514,Consumidor Livre,SUDESTE,24.0,10.428303
,2022-11-30,30965.0,UTE SAO FRANCISCO EI CL 514,Consumidor Livre,SUDESTE,24.0,10.472902
,2022-12-01,30965.0,UTE SAO FRANCISCO EI CL 514,Consumidor Livre,SUDESTE,24.0,9.875439
,2022-12-02,30965.0,UTE SAO FRANCISCO EI CL 514,Consumidor Livre,SUDESTE,24.0,10.430681
,2022-12-03,30965.0,UTE SAO FRANCISCO EI CL 514,Consumidor Livre,SUDESTE,24.0,8.048968
,2022-12-04,30965.0,UTE SAO FRANCISCO EI CL 514,Consumidor Livre,SUDESTE,24.0,5.531699
,2022-12-05,30965.0,UTE SAO FRANCISCO EI CL 514,Consumidor Livre,SUDESTE,24.0,5.65341
,2022-12-06,30965.0,UTE SAO FRANCISCO EI CL 514,Consumidor Livre,SUDESTE,24.0,9.116491
,2022-12-07,30965.0,UTE SAO FRANCISCO EI CL 514,Consumidor Livre,SUDESTE,24.0,10.342222
,2022-12-08,30965.0,UTE SAO FRANCISCO EI CL 514,Consumidor Livre,SUDESTE,24.0,9.902503
,2022-12-09,30965.0,UTE SAO FRANCISCO EI CL 514,Consumidor Livre,SUDESTE,24.0,9.051898
,2022-12-10,30965.0,UTE SAO FRANCISCO EI CL 514,Consumidor Livre,SUDESTE,24.0,7.284586
,2022-12-11,30965.0,UTE SAO FRANCISCO EI CL 514,Consumidor Livre,SUDESTE,24.0,5.573921
,2022-12-12,30965.0,UTE SAO FRANCISCO EI CL 514,Consumidor Livre,SUDESTE,24.0,8.717095
,2022-12-13,30965.0,UTE SAO FRANCISCO EI CL 514,Consumidor Livre,SUDESTE,24.0,10.015996
,2022-12-14,30965.0,UTE SAO FRANCISCO EI CL 514,Consumidor Livre,SUDESTE,24.0,9.693686
,2022-12-15,30965.0,UTE SAO FRANCISCO EI CL 514,Consumidor Livre,SUDESTE,24.0,9.742937
,2022-12-16,30965.0,UTE SAO FRANCISCO EI CL 514,Consumidor Livre,SUDESTE,24.0,9.739419
,2022-12-17,30965.0,UTE SAO FRANCISCO EI CL 514,Consumidor Livre,SUDESTE,24.0,7.674426
,2022-12-18,30965.0,UTE SAO FRANCISCO EI CL 514,Consumidor Livre,SUDESTE,24.0,5.40213
,2022-12-19,30965.0,UTE SAO FRANCISCO EI CL 514,Consumidor Livre,SUDESTE,24.0,7.528202999999999
,2022-12-20,30965.0,UTE SAO FRANCISCO EI CL 514,Consumidor Livre,SUDESTE,24.0,8.357818
,2022-12-21,30965.0,UTE SAO FRANCISCO EI CL 514,Consumidor Livre,SUDESTE,24.0,8.070078
,2022-12-22,30965.0,UTE SAO FRANCISCO EI CL 514,Consumidor Livre,SUDESTE,24.0,8.271939
,2022-12-23,30965.0,UTE SAO FRANCISCO EI CL 514,Consumidor Livre,SUDESTE,24.0,9.068424
,2022-12-24,30965.0,UTE SAO FRANCISCO EI CL 514,Consumidor Livre,SUDESTE,24.0,5.586989
,2022-12-25,30965.0,UTE SAO FRANCISCO EI CL 514,Consumidor Livre,SUDESTE,24.0,4.742258
,2022-12-26,30965.0,UTE SAO FRANCISCO EI CL 514,Consumidor Livre,SUDESTE,24.0,7.771365
,2022-12-27,30965.0,UTE SAO FRANCISCO EI CL 514,Consumidor Livre,SUDESTE,24.0,8.493682
,2022-12-28,30965.0,UTE SAO FRANCISCO EI CL 514,Consumidor Livre,SUDESTE,24.0,8.773574
,2022-12-29,30965.0,UTE SAO FRANCISCO EI CL 514,Consumidor Livre,SUDESTE,24.0,8.774097
,2022-12-30,30965.0,UTE SAO FRANCISCO EI CL 514,Consumidor Livre,SUDESTE,24.0,6.892056
,2022-12-31,30965.0,UTE SAO FRANCISCO EI CL 514,Consumidor Livre,SUDESTE,24.0,4.889984
,2023-01-01,30965.0,UTE SAO FRANCISCO EI CL 514,Consumidor Livre,SUDESTE,24.0,4.60573
,2023-01-02,30965.0,UTE SAO FRANCISCO EI CL 514,Consumidor Livre,SUDESTE,24.0,7.678058
,2023-01-03,30965.0,UTE SAO FRANCISCO EI CL 514,Consumidor Livre,SUDESTE,24.0,8.45428
,2023-01-04,30965.0,UTE SAO FRANCISCO EI CL 514,Consumidor Livre,SUDESTE,24.0,8.373201
,2023-01-05,30965.0,UTE SAO FRANCISCO EI CL 514,Consumidor Livre,SUDESTE,24.0,8.355854
,2023-01-06,30965.0,UTE SAO FRANCISCO EI CL 514,Consumidor Livre,SUDESTE,24.0,7.970571
,2023-01-07,30965.0,UTE SAO FRANCISCO EI CL 514,Consumidor Livre,SUDESTE,24.0,6.897825
,2023-01-08,30965.0,UTE SAO FRANCISCO EI CL 514,Consumidor Livre,SUDESTE,24.0,5.196048
,2023-01-09,30965.0,UTE SAO FRANCISCO EI CL 514,Consumidor Livre,SUDESTE,24.0,7.552876
,2023-01-10,30965.0,UTE SAO FRANCISCO EI CL 514,Consumidor Livre,SUDESTE,24.0,8.454418
,2023-01-11,30965.0,UTE SAO FRANCISCO EI CL 514,Consumidor Livre,SUDESTE,24.0,8.579179
,2023-01-12,30965.0,UTE SAO FRANCISCO EI CL 514,Consumidor Livre,SUDESTE,24.0,8.523214
,2023-01-13,30965.0,UTE SAO FRANCISCO EI CL 514,Consumidor Livre,SUDESTE,24.0,8.446508999999999
,2023-01-14,30965.0,UTE SAO FRANCISCO EI CL 514,Consumidor Livre,SUDESTE,24.0,7.048159
,2023-01-15,30965.0,UTE SAO FRANCISCO EI CL 514,Consumidor Livre,SUDESTE,24.0,5.112618
,2023-01-16,30965.0,UTE SAO FRANCISCO EI CL 514,Consumidor Livre,SUDESTE,24.0,7.902713
,2023-01-17,30965.0,UTE SAO FRANCISCO EI CL 514,Consumidor Livre,SUDESTE,24.0,8.385127
,2023-01-18,30965.0,UTE SAO FRANCISCO EI CL 514,Consumidor Livre,SUDESTE,24.0,8.586466999999999
,2023-01-19,30965.0,UTE SAO FRANCISCO EI CL 514,Consumidor Livre,SUDESTE,24.0,9.047063
,2023-01-20,30965.0,UTE SAO FRANCISCO EI CL 514,Consumidor Livre,SUDESTE,24.0,8.968683
,2023-01-21,30965.0,UTE SAO FRANCISCO EI CL 514,Consumidor Livre,SUDESTE,24.0,7.562036
,2023-01-22,30965.0,UTE SAO FRANCISCO EI CL 514,Consumidor Livre,SUDESTE,24.0,5.239814
,2023-01-23,30965.0,UTE SAO FRANCISCO EI CL 514,Consumidor Livre,SUDESTE,24.0,8.069852
,2023-01-24,30965.0,UTE SAO FRANCISCO EI CL 514,Consumidor Livre,SUDESTE,24.0,9.653592
,2023-01-25,30965.0,UTE SAO FRANCISCO EI CL 514,Consumidor Livre,SUDESTE,24.0,9.604696
,2023-01-26,30965.0,UTE SAO FRANCISCO EI CL 514,Consumidor Livre,SUDESTE,24.0,9.306127
,2023-01-27,30965.0,UTE SAO FRANCISCO EI CL 514,Consumidor Livre,SUDESTE,24.0,9.020163
,2023-01-28,30965.0,UTE SAO FRANCISCO EI CL 514,Consumidor Livre,SUDESTE,24.0,8.107776
,2023-01-29,30965.0,UTE SAO FRANCISCO EI CL 514,Consumidor Livre,SUDESTE,24.0,5.25124
,2023-01-30,30965.0,UTE SAO FRANCISCO EI CL 514,Consumidor Livre,SUDESTE,24.0,8.280118
,2023-01-31,30965.0,UTE SAO FRANCISCO EI CL 514,Consumidor Livre,SUDESTE,24.0,9.189241
,2023-02-01,30965.0,UTE SAO FRANCISCO EI CL 514,Consumidor Livre,SUDESTE,24.0,9.197811
,2023-02-02,30965.0,UTE SAO FRANCISCO EI CL 514,Consumidor Livre,SUDESTE,24.0,9.341595
,2023-02-03,30965.0,UTE SAO FRANCISCO EI CL 514,Consumidor Livre,SUDESTE,24.0,8.937355
,2023-02-04,30965.0,UTE SAO FRANCISCO EI CL 514,Consumidor Livre,SUDESTE,24.0,7.283062
,2023-02-05,30965.0,UTE SAO FRANCISCO EI CL 514,Consumidor Livre,SUDESTE,24.0,5.441664
,2023-02-06,30965.0,UTE SAO FRANCISCO EI CL 514,Consumidor Livre,SUDESTE,24.0,8.933451
,2023-02-07,30965.0,UTE SAO FRANCISCO EI CL 514,Consumidor Livre,SUDESTE,24.0,9.469561
,2023-02-08,30965.0,UTE SAO FRANCISCO EI CL 514,Consumidor Livre,SUDESTE,24.0,9.626306
,2023-02-09,30965.0,UTE SAO FRANCISCO EI CL 514,Consumidor Livre,SUDESTE,24.0,9.282701
,2023-02-10,30965.0,UTE SAO FRANCISCO EI CL 514,Consumidor Livre,SUDESTE,24.0,8.954457
,2023-02-11,30965.0,UTE SAO FRANCISCO EI CL 514,Consumidor Livre,SUDESTE,24.0,7.383383
,2023-02-12,30965.0,UTE SAO FRANCISCO EI CL 514,Consumidor Livre,SUDESTE,24.0,5.316557
,2023-02-13,30965.0,UTE SAO FRANCISCO EI CL 514,Consumidor Livre,SUDESTE,24.0,7.897797
,2023-02-14,30965.0,UTE SAO FRANCISCO EI CL 514,Consumidor Livre,SUDESTE,24.0,8.958052
,2023-02-15,30965.0,UTE SAO FRANCISCO EI CL 514,Consumidor Livre,SUDESTE,24.0,9.135101
,2023-02-16,30965.0,UTE SAO FRANCISCO EI CL 514,Consumidor Livre,SUDESTE,24.0,9.127575
,2023-02-17,30965.0,UTE SAO FRANCISCO EI CL 514,Consumidor Livre,SUDESTE,24.0,8.850624999999999
,2023-02-18,30965.0,UTE SAO FRANCISCO EI CL 514,Consumidor Livre,SUDESTE,24.0,7.205842
,2023-02-19,30965.0,UTE SAO FRANCISCO EI CL 514,Consumidor Livre,SUDESTE,24.0,4.979197
,2023-02-20,30965.0,UTE SAO FRANCISCO EI CL 514,Consumidor Livre,SUDESTE,24.0,7.598101
,2023-02-21,30965.0,UTE SAO FRANCISCO EI CL 514,Consumidor Livre,SUDESTE,24.0,8.639618
,2023-02-22,30965.0,UTE SAO FRANCISCO EI CL 514,Consumidor Livre,SUDESTE,24.0,8.909883
,2023-02-23,30965.0,UTE SAO FRANCISCO EI CL 514,Consumidor Livre,SUDESTE,24.0,9.085256
,2023-02-24,30965.0,UTE SAO FRANCISCO EI CL 514,Consumidor Livre,SUDESTE,24.0,9.445143
,2023-02-25,30965.0,UTE SAO FRANCISCO EI CL 514,Consumidor Livre,SUDESTE,24.0,6.985663
,2023-02-26,30965.0,UTE SAO FRANCISCO EI CL 514,Consumidor Livre,SUDESTE,24.0,5.223676
,2023-02-27,30965.0,UTE SAO FRANCISCO EI CL 514,Consumidor Livre,SUDESTE,24.0,8.305131
,2023-02-28,30965.0,UTE SAO FRANCISCO EI CL 514,Consumidor Livre,SUDESTE,24.0,9.096543
,2023-03-01,30965.0,UTE SAO FRANCISCO EI CL 514,Consumidor Livre,SUDESTE,24.0,9.088616
,2023-03-02,30965.0,UTE SAO FRANCISCO EI CL 514,Consumidor Livre,SUDESTE,24.0,9.347805
,2023-03-03,30965.0,UTE SAO FRANCISCO EI CL 514,Consumidor Livre,SUDESTE,24.0,9.189802
,2023-03-04,30965.0,UTE SAO FRANCISCO EI CL 514,Consumidor Livre,SUDESTE,24.0,7.58874
,2023-03-05,30965.0,UTE SAO FRANCISCO EI CL 514,Consumidor Livre,SUDESTE,24.0,5.542724
,2023-03-06,30965.0,UTE SAO FRANCISCO EI CL 514,Consumidor Livre,SUDESTE,24.0,9.185126
,2023-03-07,30965.0,UTE SAO FRANCISCO EI CL 514,Consumidor Livre,SUDESTE,24.0,9.720119
,2023-03-08,30965.0,UTE SAO FRANCISCO EI CL 514,Consumidor Livre,SUDESTE,24.0,9.628982
,2023-03-09,30965.0,UTE SAO FRANCISCO EI CL 514,Consumidor Livre,SUDESTE,24.0,9.033792
,2023-03-10,30965.0,UTE SAO FRANCISCO EI CL 514,Consumidor Livre,SUDESTE,24.0,9.204591
,2023-03-11,30965.0,UTE SAO FRANCISCO EI CL 514,Consumidor Livre,SUDESTE,24.0,6.850731
,2023-03-12,30965.0,UTE SAO FRANCISCO EI CL 514,Consumidor Livre,SUDESTE,24.0,3.690331
,2023-03-13,30965.0,UTE SAO FRANCISCO EI CL 514,Consumidor Livre,SUDESTE,24.0,8.400082
,2023-03-14,30965.0,UTE SAO FRANCISCO EI CL 514,Consumidor Livre,SUDESTE,24.0,8.557917
,2023-03-15,30965.0,UTE SAO FRANCISCO EI CL 514,Consumidor Livre,SUDESTE,24.0,8.426675
,2023-03-16,30965.0,UTE SAO FRANCISCO EI CL 514,Consumidor Livre,SUDESTE,24.0,8.485068
,2023-03-17,30965.0,UTE SAO FRANCISCO EI CL 514,Consumidor Livre,SUDESTE,24.0,8.319969
,2023-03-18,30965.0,UTE SAO FRANCISCO EI CL 514,Consumidor Livre,SUDESTE,24.0,7.486242
,2023-03-19,30965.0,UTE SAO FRANCISCO EI CL 514,Consumidor Livre,SUDESTE,24.0,5.498389
,2023-03-20,30965.0,UTE SAO FRANCISCO EI CL 514,Consumidor Livre,SUDESTE,24.0,8.50953
,2023-03-21,30965.0,UTE SAO FRANCISCO EI CL 514,Consumidor Livre,SUDESTE,24.0,9.467765
,2023-03-22,30965.0,UTE SAO FRANCISCO EI CL 514,Consumidor Livre,SUDESTE,24.0,9.241578
,2023-03-23,30965.0,UTE SAO FRANCISCO EI CL 514,Consumidor Livre,SUDESTE,24.0,9.076398
,2023-03-24,30965.0,UTE SAO FRANCISCO EI CL 514,Consumidor Livre,SUDESTE,24.0,9.174813
,2023-03-25,30965.0,UTE SAO FRANCISCO EI CL 514,Consumidor Livre,SUDESTE,24.0,8.284533
,2023-03-26,30965.0,UTE SAO FRANCISCO EI CL 514,Consumidor Livre,SUDESTE,24.0,6.59793
,2023-03-27,30965.0,UTE SAO FRANCISCO EI CL 514,Consumidor Livre,SUDESTE,24.0,9.514596
,2023-03-28,30965.0,UTE SAO FRANCISCO EI CL 514,Consumidor Livre,SUDESTE,24.0,10.043376
,2023-03-29,30965.0,UTE SAO FRANCISCO EI CL 514,Consumidor Livre,SUDESTE,24.0,9.920764
,2023-03-30,30965.0,UTE SAO FRANCISCO EI CL 514,Consumidor Livre,SUDESTE,24.0,10.075423
,2023-03-31,30965.0,UTE SAO FRANCISCO EI CL 514,Consumidor Livre,SUDESTE,24.0,10.004591
,2023-04-01,30965.0,UTE SAO FRANCISCO EI CL 514,Consumidor Livre,SUDESTE,24.0,9.02312
,2023-04-02,30965.0,UTE SAO FRANCISCO EI CL 514,Consumidor Livre,SUDESTE,24.0,7.618628
,2023-04-03,30965.0,UTE SAO FRANCISCO EI CL 514,Consumidor Livre,SUDESTE,24.0,10.377268
,2023-04-04,30965.0,UTE SAO FRANCISCO EI CL 514,Consumidor Livre,SUDESTE,24.0,10.485256
,2023-04-05,30965.0,UTE SAO FRANCISCO EI CL 514,Consumidor Livre,SUDESTE,24.0,11.363325
,2023-04-06,30965.0,UTE SAO FRANCISCO EI CL 514,Consumidor Livre,SUDESTE,24.0,28.703706
,2023-04-07,30965.0,UTE SAO FRANCISCO EI CL 514,Consumidor Livre,SUDESTE,24.0,10.269938
,2023-04-08,30965.0,UTE SAO FRANCISCO EI CL 514,Consumidor Livre,SUDESTE,24.0,9.966996
,2023-04-09,30965.0,UTE SAO FRANCISCO EI CL 514,Consumidor Livre,SUDESTE,24.0,7.509685
,2023-04-10,30965.0,UTE SAO FRANCISCO EI CL 514,Consumidor Livre,SUDESTE,24.0,11.550942
,2023-04-11,30965.0,UTE SAO FRANCISCO EI CL 514,Consumidor Livre,SUDESTE,24.0,13.434714
,2023-04-12,30965.0,UTE SAO FRANCISCO EI CL 514,Consumidor Livre,SUDESTE,24.0,35.391331
,2023-04-13,30965.0,UTE SAO FRANCISCO EI CL 514,Consumidor Livre,SUDESTE,24.0,16.321868
,2023-04-14,30965.0,UTE SAO FRANCISCO EI CL 514,Consumidor Livre,SUDESTE,24.0,11.104507
,2023-04-15,30965.0,UTE SAO FRANCISCO EI CL 514,Consumidor Livre,SUDESTE,24.0,8.597089
,2023-04-16,30965.0,UTE SAO FRANCISCO EI CL 514,Consumidor Livre,SUDESTE,24.0,6.455888
,2023-04-17,30965.0,UTE SAO FRANCISCO EI CL 514,Consumidor Livre,SUDESTE,24.0,10.493764
,2023-04-18,30965.0,UTE SAO FRANCISCO EI CL 514,Consumidor Livre,SUDESTE,24.0,11.216418
,2023-04-19,30965.0,UTE SAO FRANCISCO EI CL 514,Consumidor Livre,SUDESTE,24.0,12.595555
,2023-04-20,30965.0,UTE SAO FRANCISCO EI CL 514,Consumidor Livre,SUDESTE,24.0,10.337877
,2023-04-21,30965.0,UTE SAO FRANCISCO EI CL 514,Consumidor Livre,SUDESTE,24.0,8.372371000000001
,2023-04-22,30965.0,UTE SAO FRANCISCO EI CL 514,Consumidor Livre,SUDESTE,24.0,8.56098
,2023-04-23,30965.0,UTE SAO FRANCISCO EI CL 514,Consumidor Livre,SUDESTE,24.0,6.239087
,2023-04-24,30965.0,UTE SAO FRANCISCO EI CL 514,Consumidor Livre,SUDESTE,24.0,9.470299
,2023-04-25,30965.0,UTE SAO FRANCISCO EI CL 514,Consumidor Livre,SUDESTE,24.0,10.319717
,2023-04-26,30965.0,UTE SAO FRANCISCO EI CL 514,Consumidor Livre,SUDESTE,24.0,11.040489
,2023-04-27,30965.0,UTE SAO FRANCISCO EI CL 514,Consumidor Livre,SUDESTE,24.0,11.426022
,2023-04-28,30965.0,UTE SAO FRANCISCO EI CL 514,Consumidor Livre,SUDESTE,24.0,11.416015
,2023-04-29,30965.0,UTE SAO FRANCISCO EI CL 514,Consumidor Livre,SUDESTE,24.0,11.900795
,2023-04-30,30965.0,UTE SAO FRANCISCO EI CL 514,Consumidor Livre,SUDESTE,24.0,10.272487
,2023-05-01,30965.0,UTE SAO FRANCISCO EI CL 514,Consumidor Livre,SUDESTE,24.0,16.922672
,2023-05-02,30965.0,UTE SAO FRANCISCO EI CL 514,Consumidor Livre,SUDESTE,24.0,17.469183
,2023-05-03,30965.0,UTE SAO FRANCISCO EI CL 514,Consumidor Livre,SUDESTE,24.0,0.0
,2023-05-04,30965.0,UTE SAO FRANCISCO EI CL 514,Consumidor Livre,SUDESTE,24.0,0.0
,2023-05-05,30965.0,UTE SAO FRANCISCO EI CL 514,Consumidor Livre,SUDESTE,24.0,0.0
,2023-05-06,30965.0,UTE SAO FRANCISCO EI CL 514,Consumidor Livre,SUDESTE,24.0,0.0
,2023-05-07,30965.0,UTE SAO FRANCISCO EI CL 514,Consumidor Livre,SUDESTE,24.0,0.0
,2023-05-08,30965.0,UTE SAO FRANCISCO EI CL 514,Consumidor Livre,SUDESTE,24.0,0.0
,2023-05-09,30965.0,UTE SAO FRANCISCO EI CL 514,Consumidor Livre,SUDESTE,24.0,0.0
,2023-05-10,30965.0,UTE SAO FRANCISCO EI CL 514,Consumidor Livre,SUDESTE,24.0,0.0
,2023-05-11,30965.0,UTE SAO FRANCISCO EI CL 514,Consumidor Livre,SUDESTE,24.0,0.0
,2023-05-12,30965.0,UTE SAO FRANCISCO EI CL 514,Consumidor Livre,SUDESTE,24.0,0.0
,2023-05-13,30965.0,UTE SAO FRANCISCO EI CL 514,Consumidor Livre,SUDESTE,24.0,0.0
,2023-05-14,30965.0,UTE SAO FRANCISCO EI CL 514,Consumidor Livre,SUDESTE,24.0,0.0
,2023-05-15,30965.0,UTE SAO FRANCISCO EI CL 514,Consumidor Livre,SUDESTE,24.0,2.837
,2023-05-16,30965.0,UTE SAO FRANCISCO EI CL 514,Consumidor Livre,SUDESTE,24.0,0.0
,2023-05-17,30965.0,UTE SAO FRANCISCO EI CL 514,Consumidor Livre,SUDESTE,24.0,0.0
,2023-05-18,30965.0,UTE SAO FRANCISCO EI CL 514,Consumidor Livre,SUDESTE,24.0,0.0
,2023-05-19,30965.0,UTE SAO FRANCISCO EI CL 514,Consumidor Livre,SUDESTE,24.0,0.0
,2023-05-20,30965.0,UTE SAO FRANCISCO EI CL 514,Consumidor Livre,SUDESTE,24.0,0.0
,2023-05-21,30965.0,UTE SAO FRANCISCO EI CL 514,Consumidor Livre,SUDESTE,24.0,0.0
,2023-05-22,30965.0,UTE SAO FRANCISCO EI CL 514,Consumidor Livre,SUDESTE,24.0,0.0
,2023-05-23,30965.0,UTE SAO FRANCISCO EI CL 514,Consumidor Livre,SUDESTE,24.0,0.0
,2023-05-24,30965.0,UTE SAO FRANCISCO EI CL 514,Consumidor Livre,SUDESTE,24.0,0.0
,2023-05-25,30965.0,UTE SAO FRANCISCO EI CL 514,Consumidor Livre,SUDESTE,24.0,0.0
,2023-05-26,30965.0,UTE SAO FRANCISCO EI CL 514,Consumidor Livre,SUDESTE,24.0,0.0
,2023-05-27,30965.0,UTE SAO FRANCISCO EI CL 514,Consumidor Livre,SUDESTE,24.0,0.0
,2023-05-28,30965.0,UTE SAO FRANCISCO EI CL 514,Consumidor Livre,SUDESTE,24.0,0.0
,2023-05-29,30965.0,UTE SAO FRANCISCO EI CL 514,Consumidor Livre,SUDESTE,24.0,0.0
,2023-05-30,30965.0,UTE SAO FRANCISCO EI CL 514,Consumidor Livre,SUDESTE,24.0,0.0
,2023-05-31,30965.0,UTE SAO FRANCISCO EI CL 514,Consumidor Livre,SUDESTE,24.0,20.343615
,2023-06-01,30965.0,UTE SAO FRANCISCO EI CL 514,Consumidor Livre,SUDESTE,24.0,24.482212
,2023-06-02,30965.0,UTE SAO FRANCISCO EI CL 514,Consumidor Livre,SUDESTE,24.0,21.178409
,2023-06-03,30965.0,UTE SAO FRANCISCO EI CL 514,Consumidor Livre,SUDESTE,24.0,0.0
,2023-06-04,30965.0,UTE SAO FRANCISCO EI CL 514,Consumidor Livre,SUDESTE,24.0,0.0
,2023-06-05,30965.0,UTE SAO FRANCISCO EI CL 514,Consumidor Livre,SUDESTE,24.0,0.0
,2023-06-06,30965.0,UTE SAO FRANCISCO EI CL 514,Consumidor Livre,SUDESTE,24.0,0.0
,2023-06-07,30965.0,UTE SAO FRANCISCO EI CL 514,Consumidor Livre,SUDESTE,24.0,0.0
,2023-06-08,30965.0,UTE SAO FRANCISCO EI CL 514,Consumidor Livre,SUDESTE,24.0,0.033809
,2023-06-09,30965.0,UTE SAO FRANCISCO EI CL 514,Consumidor Livre,SUDESTE,24.0,0.0
,2023-06-10,30965.0,UTE SAO FRANCISCO EI CL 514,Consumidor Livre,SUDESTE,24.0,0.0084
,2023-06-11,30965.0,UTE SAO FRANCISCO EI CL 514,Consumidor Livre,SUDESTE,24.0,0.0
,2023-06-12,30965.0,UTE SAO FRANCISCO EI CL 514,Consumidor Livre,SUDESTE,24.0,0.0
,2023-06-13,30965.0,UTE SAO FRANCISCO EI CL 514,Consumidor Livre,SUDESTE,24.0,0.0
,2023-06-14,30965.0,UTE SAO FRANCISCO EI CL 514,Consumidor Livre,SUDESTE,24.0,0.0
,2023-06-15,30965.0,UTE SAO FRANCISCO EI CL 514,Consumidor Livre,SUDESTE,24.0,21.82516
,2023-06-16,30965.0,UTE SAO FRANCISCO EI CL 514,Consumidor Livre,SUDESTE,24.0,26.491132
,2023-06-17,30965.0,UTE SAO FRANCISCO EI CL 514,Consumidor Livre,SUDESTE,24.0,21.142914
,2023-06-18,30965.0,UTE SAO FRANCISCO EI CL 514,Consumidor Livre,SUDESTE,24.0,23.170288
,2023-06-19,30965.0,UTE SAO FRANCISCO EI CL 514,Consumidor Livre,SUDESTE,24.0,0.0
,2023-06-20,30965.0,UTE SAO FRANCISCO EI CL 514,Consumidor Livre,SUDESTE,24.0,0.0
,2023-06-21,30965.0,UTE SAO FRANCISCO EI CL 514,Consumidor Livre,SUDESTE,24.0,0.0
,2023-06-22,30965.0,UTE SAO FRANCISCO EI CL 514,Consumidor Livre,SUDESTE,24.0,0.0
,2023-06-23,30965.0,UTE SAO FRANCISCO EI CL 514,Consumidor Livre,SUDESTE,24.0,0.0
,2023-06-24,30965.0,UTE SAO FRANCISCO EI CL 514,Consumidor Livre,SUDESTE,24.0,0.0
,2023-06-25,30965.0,UTE SAO FRANCISCO EI CL 514,Consumidor Livre,SUDESTE,24.0,0.0091
,2023-06-26,30965.0,UTE SAO FRANCISCO EI CL 514,Consumidor Livre,SUDESTE,24.0,0.0
,2023-06-27,30965.0,UTE SAO FRANCISCO EI CL 514,Consumidor Livre,SUDESTE,24.0,0.0
,2023-06-28,30965.0,UTE SAO FRANCISCO EI CL 514,Consumidor Livre,SUDESTE,24.0,0.0
,2023-06-29,30965.0,UTE SAO FRANCISCO EI CL 514,Consumidor Livre,SUDESTE,24.0,0.0
,2023-06-30,30965.0,UTE SAO FRANCISCO EI CL 514,Consumidor Livre,SUDESTE,24.0,0.0
,2023-07-01,30965.0,UTE SAO FRANCISCO EI CL 514,Consumidor Livre,SUDESTE,24.0,0.0
,2023-07-02,30965.0,UTE SAO FRANCISCO EI CL 514,Consumidor Livre,SUDESTE,24.0,0.0
,2023-07-03,30965.0,UTE SAO FRANCISCO EI CL 514,Consumidor Livre,SUDESTE,24.0,0.0
,2023-07-04,30965.0,UTE SAO FRANCISCO EI CL 514,Consumidor Livre,SUDESTE,24.0,0.0
,2023-07-05,30965.0,UTE SAO FRANCISCO EI CL 514,Consumidor Livre,SUDESTE,24.0,0.0
,2023-07-06,30965.0,UTE SAO FRANCISCO EI CL 514,Consumidor Livre,SUDESTE,24.0,0.0
,2023-07-07,30965.0,UTE SAO FRANCISCO EI CL 514,Consumidor Livre,SUDESTE,24.0,0.0
,2023-07-08,30965.0,UTE SAO FRANCISCO EI CL 514,Consumidor Livre,SUDESTE,24.0,0.0
,2023-07-09,30965.0,UTE SAO FRANCISCO EI CL 514,Consumidor Livre,SUDESTE,24.0,0.0
,2023-07-10,30965.0,UTE SAO FRANCISCO EI CL 514,Consumidor Livre,SUDESTE,24.0,0.0
,2023-07-11,30965.0,UTE SAO FRANCISCO EI CL 514,Consumidor Livre,SUDESTE,24.0,0.0
,2023-07-12,30965.0,UTE SAO FRANCISCO EI CL 514,Consumidor Livre,SUDESTE,24.0,0.0
,2023-07-13,30965.0,UTE SAO FRANCISCO EI CL 514,Consumidor Livre,SUDESTE,24.0,0.0
,2023-07-14,30965.0,UTE SAO FRANCISCO EI CL 514,Consumidor Livre,SUDESTE,24.0,0.0
,2023-07-15,30965.0,UTE SAO FRANCISCO EI CL 514,Consumidor Livre,SUDESTE,24.0,0.0
,2023-07-16,30965.0,UTE SAO FRANCISCO EI CL 514,Consumidor Livre,SUDESTE,24.0,0.0
,2023-07-17,30965.0,UTE SAO FRANCISCO EI CL 514,Consumidor Livre,SUDESTE,24.0,0.0
,2023-07-18,30965.0,UTE SAO FRANCISCO EI CL 514,Consumidor Livre,SUDESTE,24.0,0.0
,2023-07-19,30965.0,UTE SAO FRANCISCO EI CL 514,Consumidor Livre,SUDESTE,24.0,0.0
,2023-07-20,30965.0,UTE SAO FRANCISCO EI CL 514,Consumidor Livre,SUDESTE,24.0,0.0
,2023-07-21,30965.0,UTE SAO FRANCISCO EI CL 514,Consumidor Livre,SUDESTE,24.0,0.0
,2023-07-22,30965.0,UTE SAO FRANCISCO EI CL 514,Consumidor Livre,SUDESTE,24.0,0.0
,2023-07-23,30965.0,UTE SAO FRANCISCO EI CL 514,Consumidor Livre,SUDESTE,24.0,0.0
,2023-07-24,30965.0,UTE SAO FRANCISCO EI CL 514,Consumidor Livre,SUDESTE,24.0,0.0
,2023-07-25,30965.0,UTE SAO FRANCISCO EI CL 514,Consumidor Livre,SUDESTE,24.0,0.0
,2023-07-26,30965.0,UTE SAO FRANCISCO EI CL 514,Consumidor Livre,SUDESTE,24.0,0.0
,2023-07-27,30965.0,UTE SAO FRANCISCO EI CL 514,Consumidor Livre,SUDESTE,24.0,0.0
,2023-07-28,30965.0,UTE SAO FRANCISCO EI CL 514,Consumidor Livre,SUDESTE,24.0,0.0
,2023-07-29,30965.0,UTE SAO FRANCISCO EI CL 514,Consumidor Livre,SUDESTE,24.0,0.0
,2023-07-30,30965.0,UTE SAO FRANCISCO EI CL 514,Consumidor Livre,SUDESTE,24.0,0.0
,2023-07-31,30965.0,UTE SAO FRANCISCO EI CL 514,Consumidor Livre,SUDESTE,24.0,0.0
,2023-08-01,30965.0,UTE SAO FRANCISCO EI CL 514,Consumidor Livre,SUDESTE,24.0,0.0
,2023-08-02,30965.0,UTE SAO FRANCISCO EI CL 514,Consumidor Livre,SUDESTE,24.0,0.0
,2023-08-03,30965.0,UTE SAO FRANCISCO EI CL 514,Consumidor Livre,SUDESTE,24.0,0.0
,2023-08-04,30965.0,UTE SAO FRANCISCO EI CL 514,Consumidor Livre,SUDESTE,24.0,0.0
,2023-08-05,30965.0,UTE SAO FRANCISCO EI CL 514,Consumidor Livre,SUDESTE,24.0,0.0
,2023-08-06,30965.0,UTE SAO FRANCISCO EI CL 514,Consumidor Livre,SUDESTE,24.0,0.0
,2023-08-07,30965.0,UTE SAO FRANCISCO EI CL 514,Consumidor Livre,SUDESTE,24.0,0.0
,2023-08-08,30965.0,UTE SAO FRANCISCO EI CL 514,Consumidor Livre,SUDESTE,24.0,0.0
,2023-08-09,30965.0,UTE SAO FRANCISCO EI CL 514,Consumidor Livre,SUDESTE,24.0,0.0
,2023-08-10,30965.0,UTE SAO FRANCISCO EI CL 514,Consumidor Livre,SUDESTE,24.0,0.0
,2023-08-11,30965.0,UTE SAO FRANCISCO EI CL 514,Consumidor Livre,SUDESTE,24.0,0.0
,2023-08-12,30965.0,UTE SAO FRANCISCO EI CL 514,Consumidor Livre,SUDESTE,24.0,0.0
,2023-08-13,30965.0,UTE SAO FRANCISCO EI CL 514,Consumidor Livre,SUDESTE,24.0,0.0
,2023-08-14,30965.0,UTE SAO FRANCISCO EI CL 514,Consumidor Livre,SUDESTE,24.0,0.0
,2023-08-15,30965.0,UTE SAO FRANCISCO EI CL 514,Consumidor Livre,SUDESTE,24.0,0.0072
,2023-08-16,30965.0,UTE SAO FRANCISCO EI CL 514,Consumidor Livre,SUDESTE,24.0,0.0
,2023-08-17,30965.0,UTE SAO FRANCISCO EI CL 514,Consumidor Livre,SUDESTE,24.0,0.0
,2023-08-18,30965.0,UTE SAO FRANCISCO EI CL 514,Consumidor Livre,SUDESTE,24.0,0.0
,2023-08-19,30965.0,UTE SAO FRANCISCO EI CL 514,Consumidor Livre,SUDESTE,24.0,0.0
,2023-08-20,30965.0,UTE SAO FRANCISCO EI CL 514,Consumidor Livre,SUDESTE,24.0,0.0
,2023-08-21,30965.0,UTE SAO FRANCISCO EI CL 514,Consumidor Livre,SUDESTE,24.0,0.0
,2023-08-22,30965.0,UTE SAO FRANCISCO EI CL 514,Consumidor Livre,SUDESTE,24.0,0.0
,2023-08-23,30965.0,UTE SAO FRANCISCO EI CL 514,Consumidor Livre,SUDESTE,24.0,0.0
,2023-08-24,30965.0,UTE SAO FRANCISCO EI CL 514,Consumidor Livre,SUDESTE,24.0,0.0
,2023-08-25,30965.0,UTE SAO FRANCISCO EI CL 514,Consumidor Livre,SUDESTE,24.0,0.0
,2023-08-26,30965.0,UTE SAO FRANCISCO EI CL 514,Consumidor Livre,SUDESTE,24.0,0.0
,2023-08-27,30965.0,UTE SAO FRANCISCO EI CL 514,Consumidor Livre,SUDESTE,24.0,0.0
,2023-08-28,30965.0,UTE SAO FRANCISCO EI CL 514,Consumidor Livre,SUDESTE,24.0,0.0
,2023-08-29,30965.0,UTE SAO FRANCISCO EI CL 514,Consumidor Livre,SUDESTE,24.0,0.0
,2023-08-30,30965.0,UTE SAO FRANCISCO EI CL 514,Consumidor Livre,SUDESTE,24.0,0.0
,2023-08-31,30965.0,UTE SAO FRANCISCO EI CL 514,Consumidor Livre,SUDESTE,24.0,18.778585
,2023-09-01,30965.0,UTE SAO FRANCISCO EI CL 514,Consumidor Livre,SUDESTE,24.0,12.435816
,2023-09-02,30965.0,UTE SAO FRANCISCO EI CL 514,Consumidor Livre,SUDESTE,24.0,0.0
,2023-09-03,30965.0,UTE SAO FRANCISCO EI CL 514,Consumidor Livre,SUDESTE,24.0,0.0
,2023-09-04,30965.0,UTE SAO FRANCISCO EI CL 514,Consumidor Livre,SUDESTE,24.0,0.0
,2023-09-05,30965.0,UTE SAO FRANCISCO EI CL 514,Consumidor Livre,SUDESTE,24.0,0.0
,2023-09-06,30965.0,UTE SAO FRANCISCO EI CL 514,Consumidor Livre,SUDESTE,24.0,0.0
,2023-09-07,30965.0,UTE SAO FRANCISCO EI CL 514,Consumidor Livre,SUDESTE,24.0,0.0
,2023-09-08,30965.0,UTE SAO FRANCISCO EI CL 514,Consumidor Livre,SUDESTE,24.0,0.0
,2023-09-09,30965.0,UTE SAO FRANCISCO EI CL 514,Consumidor Livre,SUDESTE,24.0,0.0
,2023-09-10,30965.0,UTE SAO FRANCISCO EI CL 514,Consumidor Livre,SUDESTE,24.0,0.0
,2023-09-11,30965.0,UTE SAO FRANCISCO EI CL 514,Consumidor Livre,SUDESTE,24.0,0.0
,2023-09-12,30965.0,UTE SAO FRANCISCO EI CL 514,Consumidor Livre,SUDESTE,24.0,0.0
,2023-09-13,30965.0,UTE SAO FRANCISCO EI CL 514,Consumidor Livre,SUDESTE,24.0,0.0
,2023-09-14,30965.0,UTE SAO FRANCISCO EI CL 514,Consumidor Livre,SUDESTE,24.0,0.0
,2023-09-15,30965.0,UTE SAO FRANCISCO EI CL 514,Consumidor Livre,SUDESTE,24.0,0.0
,2023-09-16,30965.0,UTE SAO FRANCISCO EI CL 514,Consumidor Livre,SUDESTE,24.0,0.0
,2023-09-17,30965.0,UTE SAO FRANCISCO EI CL 514,Consumidor Livre,SUDESTE,24.0,0.0
,2023-09-18,30965.0,UTE SAO FRANCISCO EI CL 514,Consumidor Livre,SUDESTE,24.0,0.0
,2023-09-19,30965.0,UTE SAO FRANCISCO EI CL 514,Consumidor Livre,SUDESTE,24.0,0.0
,2023-09-20,30965.0,UTE SAO FRANCISCO EI CL 514,Consumidor Livre,SUDESTE,24.0,0.0
,2023-09-21,30965.0,UTE SAO FRANCISCO EI CL 514,Consumidor Livre,SUDESTE,24.0,0.0
,2023-09-22,30965.0,UTE SAO FRANCISCO EI CL 514,Consumidor Livre,SUDESTE,24.0,0.0
,2023-09-23,30965.0,UTE SAO FRANCISCO EI CL 514,Consumidor Livre,SUDESTE,24.0,0.0
,2023-09-24,30965.0,UTE SAO FRANCISCO EI CL 514,Consumidor Livre,SUDESTE,24.0,0.0
,2023-09-25,30965.0,UTE SAO FRANCISCO EI CL 514,Consumidor Livre,SUDESTE,24.0,0.0
,2023-09-26,30965.0,UTE SAO FRANCISCO EI CL 514,Consumidor Livre,SUDESTE,24.0,0.0
,2023-09-27,30965.0,UTE SAO FRANCISCO EI CL 514,Consumidor Livre,SUDESTE,24.0,0.0
,2023-09-28,30965.0,UTE SAO FRANCISCO EI CL 514,Consumidor Livre,SUDESTE,24.0,0.0
,2023-09-29,30965.0,UTE SAO FRANCISCO EI CL 514,Consumidor Livre,SUDESTE,24.0,0.0
,2023-09-30,30965.0,UTE SAO FRANCISCO EI CL 514,Consumidor Livre,SUDESTE,24.0,2.2512
,2023-10-01,30965.0,UTE SAO FRANCISCO EI CL 514,Consumidor Livre,SUDESTE,24.0,0.0
,2023-10-02,30965.0,UTE SAO FRANCISCO EI CL 514,Consumidor Livre,SUDESTE,24.0,0.0
,2023-10-03,30965.0,UTE SAO FRANCISCO EI CL 514,Consumidor Livre,SUDESTE,24.0,0.0
,2023-10-04,30965.0,UTE SAO FRANCISCO EI CL 514,Consumidor Livre,SUDESTE,24.0,0.0
,2023-10-05,30965.0,UTE SAO FRANCISCO EI CL 514,Consumidor Livre,SUDESTE,24.0,0.0
,2023-10-06,30965.0,UTE SAO FRANCISCO EI CL 514,Consumidor Livre,SUDESTE,24.0,0.0
,2023-10-07,30965.0,UTE SAO FRANCISCO EI CL 514,Consumidor Livre,SUDESTE,24.0,0.0
,2023-10-08,30965.0,UTE SAO FRANCISCO EI CL 514,Consumidor Livre,SUDESTE,24.0,0.0
,2023-10-09,30965.0,UTE SAO FRANCISCO EI CL 514,Consumidor Livre,SUDESTE,24.0,24.890035
,2023-10-10,30965.0,UTE SAO FRANCISCO EI CL 514,Consumidor Livre,SUDESTE,24.0,29.998189
,2023-10-11,30965.0,UTE SAO FRANCISCO EI CL 514,Consumidor Livre,SUDESTE,24.0,0.0
,2023-10-12,30965.0,UTE SAO FRANCISCO EI CL 514,Consumidor Livre,SUDESTE,24.0,0.0
,2023-10-13,30965.0,UTE SAO FRANCISCO EI CL 514,Consumidor Livre,SUDESTE,24.0,21.952178
,2023-10-14,30965.0,UTE SAO FRANCISCO EI CL 514,Consumidor Livre,SUDESTE,24.0,11.066028
,2023-10-15,30965.0,UTE SAO FRANCISCO EI CL 514,Consumidor Livre,SUDESTE,24.0,0.0
,2023-10-16,30965.0,UTE SAO FRANCISCO EI CL 514,Consumidor Livre,SUDESTE,24.0,0.0
,2023-10-17,30965.0,UTE SAO FRANCISCO EI CL 514,Consumidor Livre,SUDESTE,24.0,0.0
,2023-10-18,30965.0,UTE SAO FRANCISCO EI CL 514,Consumidor Livre,SUDESTE,24.0,0.0
,2023-10-19,30965.0,UTE SAO FRANCISCO EI CL 514,Consumidor Livre,SUDESTE,24.0,0.0
,2023-10-20,30965.0,UTE SAO FRANCISCO EI CL 514,Consumidor Livre,SUDESTE,24.0,0.0
,2023-10-21,30965.0,UTE SAO FRANCISCO EI CL 514,Consumidor Livre,SUDESTE,24.0,0.0
,2023-10-22,30965.0,UTE SAO FRANCISCO EI CL 514,Consumidor Livre,SUDESTE,24.0,0.0
,2023-10-23,30965.0,UTE SAO FRANCISCO EI CL 514,Consumidor Livre,SUDESTE,24.0,0.0
,2023-10-24,30965.0,UTE SAO FRANCISCO EI CL 514,Consumidor Livre,SUDESTE,24.0,0.0
,2023-10-25,30965.0,UTE SAO FRANCISCO EI CL 514,Consumidor Livre,SUDESTE,24.0,0.0
,2023-10-26,30965.0,UTE SAO FRANCISCO EI CL 514,Consumidor Livre,SUDESTE,24.0,0.0
,2023-10-27,30965.0,UTE SAO FRANCISCO EI CL 514,Consumidor Livre,SUDESTE,24.0,5.231348
,2023-10-28,30965.0,UTE SAO FRANCISCO EI CL 514,Consumidor Livre,SUDESTE,24.0,22.34368
,2023-10-29,30965.0,UTE SAO FRANCISCO EI CL 514,Consumidor Livre,SUDESTE,24.0,27.002853
,2023-10-30,30965.0,UTE SAO FRANCISCO EI CL 514,Consumidor Livre,SUDESTE,24.0,24.496363
,2023-10-31,30965.0,UTE SAO FRANCISCO EI CL 514,Consumidor Livre,SUDESTE,24.0,1.9572
,2023-11-01,30965.0,UTE SAO FRANCISCO EI CL 514,Consumidor Livre,SUDESTE,24.0,0.0
,2023-11-02,30965.0,UTE SAO FRANCISCO EI CL 514,Consumidor Livre,SUDESTE,24.0,0.0
,2023-11-03,30965.0,UTE SAO FRANCISCO EI CL 514,Consumidor Livre,SUDESTE,24.0,0.0
,2023-11-04,30965.0,UTE SAO FRANCISCO EI CL 514,Consumidor Livre,SUDESTE,24.0,0.0
,2023-11-05,30965.0,UTE SAO FRANCISCO EI CL 514,Consumidor Livre,SUDESTE,24.0,0.0
,2023-11-06,30965.0,UTE SAO FRANCISCO EI CL 514,Consumidor Livre,SUDESTE,24.0,0.0
,2023-11-07,30965.0,UTE SAO FRANCISCO EI CL 514,Consumidor Livre,SUDESTE,24.0,0.0
,2023-11-08,30965.0,UTE SAO FRANCISCO EI CL 514,Consumidor Livre,SUDESTE,24.0,0.0
,2023-11-09,30965.0,UTE SAO FRANCISCO EI CL 514,Consumidor Livre,SUDESTE,24.0,3.653223
,2023-11-10,30965.0,UTE SAO FRANCISCO EI CL 514,Consumidor Livre,SUDESTE,24.0,0.0
,2023-11-11,30965.0,UTE SAO FRANCISCO EI CL 514,Consumidor Livre,SUDESTE,24.0,0.0
,2023-11-12,30965.0,UTE SAO FRANCISCO EI CL 514,Consumidor Livre,SUDESTE,24.0,0.0
,2023-11-13,30965.0,UTE SAO FRANCISCO EI CL 514,Consumidor Livre,SUDESTE,24.0,0.0
,2023-11-14,30965.0,UTE SAO FRANCISCO EI CL 514,Consumidor Livre,SUDESTE,24.0,0.0
,2023-11-15,30965.0,UTE SAO FRANCISCO EI CL 514,Consumidor Livre,SUDESTE,24.0,0.0
,2023-11-16,30965.0,UTE SAO FRANCISCO EI CL 514,Consumidor Livre,SUDESTE,24.0,0.0
,2023-11-17,30965.0,UTE SAO FRANCISCO EI CL 514,Consumidor Livre,SUDESTE,24.0,0.0
,2023-11-18,30965.0,UTE SAO FRANCISCO EI CL 514,Consumidor Livre,SUDESTE,24.0,0.0
,2023-11-19,30965.0,UTE SAO FRANCISCO EI CL 514,Consumidor Livre,SUDESTE,24.0,0.0
,2023-11-20,30965.0,UTE SAO FRANCISCO EI CL 514,Consumidor Livre,SUDESTE,24.0,0.0
,2023-11-21,30965.0,UTE SAO FRANCISCO EI CL 514,Consumidor Livre,SUDESTE,24.0,0.0
,2023-11-22,30965.0,UTE SAO FRANCISCO EI CL 514,Consumidor Livre,SUDESTE,24.0,0.0
,2023-11-23,30965.0,UTE SAO FRANCISCO EI CL 514,Consumidor Livre,SUDESTE,24.0,0.0
,2023-11-24,30965.0,UTE SAO FRANCISCO EI CL 514,Consumidor Livre,SUDESTE,24.0,8.783212
,2023-11-25,30965.0,UTE SAO FRANCISCO EI CL 514,Consumidor Livre,SUDESTE,24.0,0.0
,2023-11-26,30965.0,UTE SAO FRANCISCO EI CL 514,Consumidor Livre,SUDESTE,24.0,0.0
,2023-11-27,30965.0,UTE SAO FRANCISCO EI CL 514,Consumidor Livre,SUDESTE,24.0,0.0
,2023-11-28,30965.0,UTE SAO FRANCISCO EI CL 514,Consumidor Livre,SUDESTE,24.0,0.0
,2023-11-29,30965.0,UTE SAO FRANCISCO EI CL 514,Consumidor Livre,SUDESTE,24.0,15.772346
,2023-11-30,30965.0,UTE SAO FRANCISCO EI CL 514,Consumidor Livre,SUDESTE,24.0,25.7427
,2023-12-01,30965.0,UTE SAO FRANCISCO EI CL 514,Consumidor Livre,SUDESTE,24.0,0.0
,2023-12-02,30965.0,UTE SAO FRANCISCO EI CL 514,Consumidor Livre,SUDESTE,24.0,0.0
,2023-12-03,30965.0,UTE SAO FRANCISCO EI CL 514,Consumidor Livre,SUDESTE,24.0,0.0
,2023-12-04,30965.0,UTE SAO FRANCISCO EI CL 514,Consumidor Livre,SUDESTE,24.0,0.0
,2023-12-05,30965.0,UTE SAO FRANCISCO EI CL 514,Consumidor Livre,SUDESTE,24.0,0.0
,2023-12-06,30965.0,UTE SAO FRANCISCO EI CL 514,Consumidor Livre,SUDESTE,24.0,0.0
,2023-12-07,30965.0,UTE SAO FRANCISCO EI CL 514,Consumidor Livre,SUDESTE,24.0,12.416854
,2023-12-08,30965.0,UTE SAO FRANCISCO EI CL 514,Consumidor Livre,SUDESTE,24.0,20.746132
,2023-12-09,30965.0,UTE SAO FRANCISCO EI CL 514,Consumidor Livre,SUDESTE,24.0,12.359755
,2023-12-10,30965.0,UTE SAO FRANCISCO EI CL 514,Consumidor Livre,SUDESTE,24.0,8.970331
,2023-12-11,30965.0,UTE SAO FRANCISCO EI CL 514,Consumidor Livre,SUDESTE,24.0,12.852296
,2023-12-12,30965.0,UTE SAO FRANCISCO EI CL 514,Consumidor Livre,SUDESTE,24.0,14.472546
,2023-12-13,30965.0,UTE SAO FRANCISCO EI CL 514,Consumidor Livre,SUDESTE,24.0,13.576183
,2023-12-14,30965.0,UTE SAO FRANCISCO EI CL 514,Consumidor Livre,SUDESTE,24.0,12.720996
,2023-12-15,30965.0,UTE SAO FRANCISCO EI CL 514,Consumidor Livre,SUDESTE,24.0,12.314994
,2023-12-16,30965.0,UTE SAO FRANCISCO EI CL 514,Consumidor Livre,SUDESTE,24.0,10.01718
,2023-12-17,30965.0,UTE SAO FRANCISCO EI CL 514,Consumidor Livre,SUDESTE,24.0,7.688519
,2023-12-18,30965.0,UTE SAO FRANCISCO EI CL 514,Consumidor Livre,SUDESTE,24.0,10.735405
,2023-12-19,30965.0,UTE SAO FRANCISCO EI CL 514,Consumidor Livre,SUDESTE,24.0,11.497821
,2023-12-20,30965.0,UTE SAO FRANCISCO EI CL 514,Consumidor Livre,SUDESTE,24.0,11.058348
,2023-12-21,30965.0,UTE SAO FRANCISCO EI CL 514,Consumidor Livre,SUDESTE,24.0,10.860358
,2023-12-22,30965.0,UTE SAO FRANCISCO EI CL 514,Consumidor Livre,SUDESTE,24.0,10.357399
,2023-12-23,30965.0,UTE SAO FRANCISCO EI CL 514,Consumidor Livre,SUDESTE,24.0,7.606505
,2023-12-24,30965.0,UTE SAO FRANCISCO EI CL 514,Consumidor Livre,SUDESTE,24.0,6.133361
,2023-12-25,30965.0,UTE SAO FRANCISCO EI CL 514,Consumidor Livre,SUDESTE,24.0,5.390703
,2023-12-26,30965.0,UTE SAO FRANCISCO EI CL 514,Consumidor Livre,SUDESTE,24.0,8.998921
,2023-12-27,30965.0,UTE SAO FRANCISCO EI CL 514,Consumidor Livre,SUDESTE,24.0,9.69383
,2023-12-28,30965.0,UTE SAO FRANCISCO EI CL 514,Consumidor Livre,SUDESTE,24.0,9.456669
,2023-12-29,30965.0,UTE SAO FRANCISCO EI CL 514,Consumidor Livre,SUDESTE,24.0,9.209792
,2023-12-30,30965.0,UTE SAO FRANCISCO EI CL 514,Consumidor Livre,SUDESTE,24.0,5.917742
,2023-12-31,30965.0,UTE SAO FRANCISCO EI CL 514,Consumidor Livre,SUDESTE,24.0,4.855217
,2024-01-01,30965.0,UTE SAO FRANCISCO EI CL 514,Consumidor Livre,SUDESTE,24.0,4.750027
,2024-01-02,30965.0,UTE SAO FRANCISCO EI CL 514,Consumidor Livre,SUDESTE,24.0,8.028185
,2024-01-03,30965.0,UTE SAO FRANCISCO EI CL 514,Consumidor Livre,SUDESTE,24.0,8.996237
,2024-01-04,30965.0,UTE SAO FRANCISCO EI CL 514,Consumidor Livre,SUDESTE,24.0,8.828712
,2024-01-05,30965.0,UTE SAO FRANCISCO EI CL 514,Consumidor Livre,SUDESTE,24.0,9.027129
,2024-01-06,30965.0,UTE SAO FRANCISCO EI CL 514,Consumidor Livre,SUDESTE,24.0,7.968508
,2024-01-07,30965.0,UTE SAO FRANCISCO EI CL 514,Consumidor Livre,SUDESTE,24.0,5.772976
,2024-01-08,30965.0,UTE SAO FRANCISCO EI CL 514,Consumidor Livre,SUDESTE,24.0,8.182876
,2024-01-09,30965.0,UTE SAO FRANCISCO EI CL 514,Consumidor Livre,SUDESTE,24.0,9.049397
,2024-01-10,30965.0,UTE SAO FRANCISCO EI CL 514,Consumidor Livre,SUDESTE,24.0,9.073846
,2024-01-11,30965.0,UTE SAO FRANCISCO EI CL 514,Consumidor Livre,SUDESTE,24.0,9.21902
,2024-01-12,30965.0,UTE SAO FRANCISCO EI CL 514,Consumidor Livre,SUDESTE,24.0,8.886944999999999
,2024-01-13,30965.0,UTE SAO FRANCISCO EI CL 514,Consumidor Livre,SUDESTE,24.0,7.992787
,2024-01-14,30965.0,UTE SAO FRANCISCO EI CL 514,Consumidor Livre,SUDESTE,24.0,5.741944
,2024-01-15,30965.0,UTE SAO FRANCISCO EI CL 514,Consumidor Livre,SUDESTE,24.0,8.600616
,2024-01-16,30965.0,UTE SAO FRANCISCO EI CL 514,Consumidor Livre,SUDESTE,24.0,10.710914
,2024-01-17,30965.0,UTE SAO FRANCISCO EI CL 514,Consumidor Livre,SUDESTE,24.0,10.459861
,2024-01-18,30965.0,UTE SAO FRANCISCO EI CL 514,Consumidor Livre,SUDESTE,24.0,10.762832
,2024-01-19,30965.0,UTE SAO FRANCISCO EI CL 514,Consumidor Livre,SUDESTE,24.0,10.191382
,2024-01-20,30965.0,UTE SAO FRANCISCO EI CL 514,Consumidor Livre,SUDESTE,24.0,8.484369000000001
,2024-01-21,30965.0,UTE SAO FRANCISCO EI CL 514,Consumidor Livre,SUDESTE,24.0,6.059358
,2024-01-22,30965.0,UTE SAO FRANCISCO EI CL 514,Consumidor Livre,SUDESTE,24.0,9.456246
,2024-01-23,30965.0,UTE SAO FRANCISCO EI CL 514,Consumidor Livre,SUDESTE,24.0,11.212918
,2024-01-24,30965.0,UTE SAO FRANCISCO EI CL 514,Consumidor Livre,SUDESTE,24.0,10.885941
,2024-01-25,30965.0,UTE SAO FRANCISCO EI CL 514,Consumidor Livre,SUDESTE,24.0,10.551875
,2024-01-26,30965.0,UTE SAO FRANCISCO EI CL 514,Consumidor Livre,SUDESTE,24.0,10.058127
,2024-01-27,30965.0,UTE SAO FRANCISCO EI CL 514,Consumidor Livre,SUDESTE,24.0,9.448085
,2024-01-28,30965.0,UTE SAO FRANCISCO EI CL 514,Consumidor Livre,SUDESTE,24.0,6.771276
,2024-01-29,30965.0,UTE SAO FRANCISCO EI CL 514,Consumidor Livre,SUDESTE,24.0,9.338341
,2024-01-30,30965.0,UTE SAO FRANCISCO EI CL 514,Consumidor Livre,SUDESTE,24.0,10.845362
,2024-01-31,30965.0,UTE SAO FRANCISCO EI CL 514,Consumidor Livre,SUDESTE,24.0,10.823765
,2024-02-01,30965.0,UTE SAO FRANCISCO EI CL 514,Consumidor Livre,SUDESTE,24.0,10.610218
,2024-02-02,30965.0,UTE SAO FRANCISCO EI CL 514,Consumidor Livre,SUDESTE,24.0,9.894077
,2024-02-03,30965.0,UTE SAO FRANCISCO EI CL 514,Consumidor Livre,SUDESTE,24.0,8.401978
,2024-02-04,30965.0,UTE SAO FRANCISCO EI CL 514,Consumidor Livre,SUDESTE,24.0,5.994652
,2024-02-05,30965.0,UTE SAO FRANCISCO EI CL 514,Consumidor Livre,SUDESTE,24.0,9.507731
,2024-02-06,30965.0,UTE SAO FRANCISCO EI CL 514,Consumidor Livre,SUDESTE,24.0,10.867221
,2024-02-07,30965.0,UTE SAO FRANCISCO EI CL 514,Consumidor Livre,SUDESTE,24.0,10.356936
,2024-02-08,30965.0,UTE SAO FRANCISCO EI CL 514,Consumidor Livre,SUDESTE,24.0,11.133523
,2024-02-09,30965.0,UTE SAO FRANCISCO EI CL 514,Consumidor Livre,SUDESTE,24.0,10.860483
,2024-02-10,30965.0,UTE SAO FRANCISCO EI CL 514,Consumidor Livre,SUDESTE,24.0,9.291221
,2024-02-11,30965.0,UTE SAO FRANCISCO EI CL 514,Consumidor Livre,SUDESTE,24.0,6.546404
,2024-02-12,30965.0,UTE SAO FRANCISCO EI CL 514,Consumidor Livre,SUDESTE,24.0,9.534882
,2024-02-13,30965.0,UTE SAO FRANCISCO EI CL 514,Consumidor Livre,SUDESTE,24.0,10.859038
,2024-02-14,30965.0,UTE SAO FRANCISCO EI CL 514,Consumidor Livre,SUDESTE,24.0,11.134492
,2024-02-15,30965.0,UTE SAO FRANCISCO EI CL 514,Consumidor Livre,SUDESTE,24.0,10.626165
,2024-02-16,30965.0,UTE SAO FRANCISCO EI CL 514,Consumidor Livre,SUDESTE,24.0,10.619336
,2024-02-17,30965.0,UTE SAO FRANCISCO EI CL 514,Consumidor Livre,SUDESTE,24.0,8.721573
,2024-02-18,30965.0,UTE SAO FRANCISCO EI CL 514,Consumidor Livre,SUDESTE,24.0,6.682506
,2024-02-19,30965.0,UTE SAO FRANCISCO EI CL 514,Consumidor Livre,SUDESTE,24.0,10.063939
,2024-02-20,30965.0,UTE SAO FRANCISCO EI CL 514,Consumidor Livre,SUDESTE,24.0,10.70129
,2024-02-21,30965.0,UTE SAO FRANCISCO EI CL 514,Consumidor Livre,SUDESTE,24.0,10.381335
,2024-02-22,30965.0,UTE SAO FRANCISCO EI CL 514,Consumidor Livre,SUDESTE,24.0,9.951474
,2024-02-23,30965.0,UTE SAO FRANCISCO EI CL 514,Consumidor Livre,SUDESTE,24.0,9.935715
,2024-02-24,30965.0,UTE SAO FRANCISCO EI CL 514,Consumidor Livre,SUDESTE,24.0,8.759429
,2024-02-25,30965.0,UTE SAO FRANCISCO EI CL 514,Consumidor Livre,SUDESTE,24.0,6.861965
,2024-02-26,30965.0,UTE SAO FRANCISCO EI CL 514,Consumidor Livre,SUDESTE,24.0,9.511854
,2024-02-27,30965.0,UTE SAO FRANCISCO EI CL 514,Consumidor Livre,SUDESTE,24.0,9.515605
,2024-02-28,30965.0,UTE SAO FRANCISCO EI CL 514,Consumidor Livre,SUDESTE,24.0,9.642473
,2024-02-29,30965.0,UTE SAO FRANCISCO EI CL 514,Consumidor Livre,SUDESTE,24.0,10.169837
202403.0,2024-03-01,30965.0,UTE SAO FRANCISCO EI CL 514,Consumidor Livre,SUDESTE,24.0,10.656057
202403.0,2024-03-01,30965.0,UTE SAO FRANCISCO EI CL 514,Consumidor Livre,SUDESTE,24.0,10.656057
,2024-03-01,,UTE SAO FRANCISCO EI CL 514,,,24.0,10.656057
202403.0,2024-03-02,30965.0,UTE SAO FRANCISCO EI CL 514,Consumidor Livre,SUDESTE,24.0,9.409633
202403.0,2024-03-02,30965.0,UTE SAO FRANCISCO EI CL 514,Consumidor Livre,SUDESTE,24.0,9.409633
,2024-03-02,,UTE SAO FRANCISCO EI CL 514,,,24.0,9.409633
202403.0,2024-03-03,30965.0,UTE SAO FRANCISCO EI CL 514,Consumidor Livre,SUDESTE,24.0,7.228243
202403.0,2024-03-03,30965.0,UTE SAO FRANCISCO EI CL 514,Consumidor Livre,SUDESTE,24.0,7.228243
,2024-03-03,,UTE SAO FRANCISCO EI CL 514,,,24.0,7.228243
202403.0,2024-03-04,30965.0,UTE SAO FRANCISCO EI CL 514,Consumidor Livre,SUDESTE,24.0,9.551542
202403.0,2024-03-04,30965.0,UTE SAO FRANCISCO EI CL 514,Consumidor Livre,SUDESTE,24.0,9.551542
,2024-03-04,,UTE SAO FRANCISCO EI CL 514,,,24.0,9.551542
202403.0,2024-03-05,30965.0,UTE SAO FRANCISCO EI CL 514,Consumidor Livre,SUDESTE,24.0,10.938106
202403.0,2024-03-05,30965.0,UTE SAO FRANCISCO EI CL 514,Consumidor Livre,SUDESTE,24.0,10.938106
,2024-03-05,,UTE SAO FRANCISCO EI CL 514,,,24.0,10.938106
202403.0,2024-03-06,30965.0,UTE SAO FRANCISCO EI CL 514,Consumidor Livre,SUDESTE,24.0,10.91774
202403.0,2024-03-06,30965.0,UTE SAO FRANCISCO EI CL 514,Consumidor Livre,SUDESTE,24.0,10.91774
,2024-03-06,,UTE SAO FRANCISCO EI CL 514,,,24.0,10.91774
202403.0,2024-03-07,30965.0,UTE SAO FRANCISCO EI CL 514,Consumidor Livre,SUDESTE,24.0,11.189196
202403.0,2024-03-07,30965.0,UTE SAO FRANCISCO EI CL 514,Consumidor Livre,SUDESTE,24.0,11.189196
,2024-03-07,,UTE SAO FRANCISCO EI CL 514,,,24.0,11.189196
202403.0,2024-03-08,30965.0,UTE SAO FRANCISCO EI CL 514,Consumidor Livre,SUDESTE,24.0,10.735656
202403.0,2024-03-08,30965.0,UTE SAO FRANCISCO EI CL 514,Consumidor Livre,SUDESTE,24.0,10.735656
,2024-03-08,,UTE SAO FRANCISCO EI CL 514,,,24.0,10.735656
202403.0,2024-03-09,30965.0,UTE SAO FRANCISCO EI CL 514,Consumidor Livre,SUDESTE,24.0,8.043194
202403.0,2024-03-09,30965.0,UTE SAO FRANCISCO EI CL 514,Consumidor Livre,SUDESTE,24.0,8.043194
,2024-03-09,,UTE SAO FRANCISCO EI CL 514,,,24.0,8.043194
202403.0,2024-03-10,30965.0,UTE SAO FRANCISCO EI CL 514,Consumidor Livre,SUDESTE,24.0,4.025468
202403.0,2024-03-10,30965.0,UTE SAO FRANCISCO EI CL 514,Consumidor Livre,SUDESTE,24.0,4.025468
,2024-03-10,,UTE SAO FRANCISCO EI CL 514,,,24.0,4.025468
202403.0,2024-03-11,30965.0,UTE SAO FRANCISCO EI CL 514,Consumidor Livre,SUDESTE,24.0,9.536702
202403.0,2024-03-11,30965.0,UTE SAO FRANCISCO EI CL 514,Consumidor Livre,SUDESTE,24.0,9.536702
,2024-03-11,,UTE SAO FRANCISCO EI CL 514,,,24.0,9.536702
202403.0,2024-03-12,30965.0,UTE SAO FRANCISCO EI CL 514,Consumidor Livre,SUDESTE,24.0,11.049384
202403.0,2024-03-12,30965.0,UTE SAO FRANCISCO EI CL 514,Consumidor Livre,SUDESTE,24.0,11.049384
,2024-03-12,,UTE SAO FRANCISCO EI CL 514,,,24.0,11.049384
202403.0,2024-03-13,30965.0,UTE SAO FRANCISCO EI CL 514,Consumidor Livre,SUDESTE,24.0,10.683162
202403.0,2024-03-13,30965.0,UTE SAO FRANCISCO EI CL 514,Consumidor Livre,SUDESTE,24.0,10.683162
,2024-03-13,,UTE SAO FRANCISCO EI CL 514,,,24.0,10.683162
202403.0,2024-03-14,30965.0,UTE SAO FRANCISCO EI CL 514,Consumidor Livre,SUDESTE,24.0,10.307901
202403.0,2024-03-14,30965.0,UTE SAO FRANCISCO EI CL 514,Consumidor Livre,SUDESTE,24.0,10.307901
,2024-03-14,,UTE SAO FRANCISCO EI CL 514,,,24.0,10.307901
202403.0,2024-03-15,30965.0,UTE SAO FRANCISCO EI CL 514,Consumidor Livre,SUDESTE,24.0,10.187319
202403.0,2024-03-15,30965.0,UTE SAO FRANCISCO EI CL 514,Consumidor Livre,SUDESTE,24.0,10.187319
,2024-03-15,,UTE SAO FRANCISCO EI CL 514,,,24.0,10.187319
202403.0,2024-03-16,30965.0,UTE SAO FRANCISCO EI CL 514,Consumidor Livre,SUDESTE,24.0,8.382138
202403.0,2024-03-16,30965.0,UTE SAO FRANCISCO EI CL 514,Consumidor Livre,SUDESTE,24.0,8.382138
,2024-03-16,,UTE SAO FRANCISCO EI CL 514,,,24.0,8.382138
202403.0,2024-03-17,30965.0,UTE SAO FRANCISCO EI CL 514,Consumidor Livre,SUDESTE,24.0,6.063612
202403.0,2024-03-17,30965.0,UTE SAO FRANCISCO EI CL 514,Consumidor Livre,SUDESTE,24.0,6.063612
,2024-03-17,,UTE SAO FRANCISCO EI CL 514,,,24.0,6.063612
202403.0,2024-03-18,30965.0,UTE SAO FRANCISCO EI CL 514,Consumidor Livre,SUDESTE,24.0,9.458111
202403.0,2024-03-18,30965.0,UTE SAO FRANCISCO EI CL 514,Consumidor Livre,SUDESTE,24.0,9.458111
,2024-03-18,,UTE SAO FRANCISCO EI CL 514,,,24.0,9.458111
202403.0,2024-03-19,30965.0,UTE SAO FRANCISCO EI CL 514,Consumidor Livre,SUDESTE,24.0,10.710233
202403.0,2024-03-19,30965.0,UTE SAO FRANCISCO EI CL 514,Consumidor Livre,SUDESTE,24.0,10.710233
,2024-03-19,,UTE SAO FRANCISCO EI CL 514,,,24.0,10.710233
202403.0,2024-03-20,30965.0,UTE SAO FRANCISCO EI CL 514,Consumidor Livre,SUDESTE,24.0,10.224074
202403.0,2024-03-20,30965.0,UTE SAO FRANCISCO EI CL 514,Consumidor Livre,SUDESTE,24.0,10.224074
,2024-03-20,,UTE SAO FRANCISCO EI CL 514,,,24.0,10.224074
202403.0,2024-03-21,30965.0,UTE SAO FRANCISCO EI CL 514,Consumidor Livre,SUDESTE,24.0,10.587675
202403.0,2024-03-21,30965.0,UTE SAO FRANCISCO EI CL 514,Consumidor Livre,SUDESTE,24.0,10.587675
,2024-03-21,,UTE SAO FRANCISCO EI CL 514,,,24.0,10.587675
202403.0,2024-03-22,30965.0,UTE SAO FRANCISCO EI CL 514,Consumidor Livre,SUDESTE,24.0,11.58504
202403.0,2024-03-22,30965.0,UTE SAO FRANCISCO EI CL 514,Consumidor Livre,SUDESTE,24.0,11.58504
,2024-03-22,,UTE SAO FRANCISCO EI CL 514,,,24.0,11.58504
202403.0,2024-03-23,30965.0,UTE SAO FRANCISCO EI CL 514,Consumidor Livre,SUDESTE,24.0,9.373483
202403.0,2024-03-23,30965.0,UTE SAO FRANCISCO EI CL 514,Consumidor Livre,SUDESTE,24.0,9.373483
,2024-03-23,,UTE SAO FRANCISCO EI CL 514,,,24.0,9.373483
202403.0,2024-03-24,30965.0,UTE SAO FRANCISCO EI CL 514,Consumidor Livre,SUDESTE,24.0,6.010481
202403.0,2024-03-24,30965.0,UTE SAO FRANCISCO EI CL 514,Consumidor Livre,SUDESTE,24.0,6.010481
,2024-03-24,,UTE SAO FRANCISCO EI CL 514,,,24.0,6.010481
202403.0,2024-03-25,30965.0,UTE SAO FRANCISCO EI CL 514,Consumidor Livre,SUDESTE,24.0,9.045924
202403.0,2024-03-25,30965.0,UTE SAO FRANCISCO EI CL 514,Consumidor Livre,SUDESTE,24.0,9.045924
,2024-03-25,,UTE SAO FRANCISCO EI CL 514,,,24.0,9.045924
202403.0,2024-03-26,30965.0,UTE SAO FRANCISCO EI CL 514,Consumidor Livre,SUDESTE,24.0,10.943305
202403.0,2024-03-26,30965.0,UTE SAO FRANCISCO EI CL 514,Consumidor Livre,SUDESTE,24.0,10.943305
,2024-03-26,,UTE SAO FRANCISCO EI CL 514,,,24.0,10.943305
202403.0,2024-03-27,30965.0,UTE SAO FRANCISCO EI CL 514,Consumidor Livre,SUDESTE,24.0,10.858147
202403.0,2024-03-27,30965.0,UTE SAO FRANCISCO EI CL 514,Consumidor Livre,SUDESTE,24.0,10.858147
,2024-03-27,,UTE SAO FRANCISCO EI CL 514,,,24.0,10.858147
202403.0,2024-03-28,30965.0,UTE SAO FRANCISCO EI CL 514,Consumidor Livre,SUDESTE,24.0,11.024784
202403.0,2024-03-28,30965.0,UTE SAO FRANCISCO EI CL 514,Consumidor Livre,SUDESTE,24.0,11.024784
,2024-03-28,,UTE SAO FRANCISCO EI CL 514,,,24.0,11.024784
202403.0,2024-03-29,30965.0,UTE SAO FRANCISCO EI CL 514,Consumidor Livre,SUDESTE,24.0,8.411039
202403.0,2024-03-29,30965.0,UTE SAO FRANCISCO EI CL 514,Consumidor Livre,SUDESTE,24.0,8.411039
,2024-03-29,,UTE SAO FRANCISCO EI CL 514,,,24.0,8.411039
202403.0,2024-03-30,30965.0,UTE SAO FRANCISCO EI CL 514,Consumidor Livre,SUDESTE,24.0,8.698787
202403.0,2024-03-30,30965.0,UTE SAO FRANCISCO EI CL 514,Consumidor Livre,SUDESTE,24.0,8.698787
,2024-03-30,,UTE SAO FRANCISCO EI CL 514,,,24.0,8.698787
202403.0,2024-03-31,30965.0,UTE SAO FRANCISCO EI CL 514,Consumidor Livre,SUDESTE,24.0,6.345036
202403.0,2024-03-31,30965.0,UTE SAO FRANCISCO EI CL 514,Consumidor Livre,SUDESTE,24.0,6.345036
,2024-03-31,,UTE SAO FRANCISCO EI CL 514,,,24.0,6.345036
202404.0,2024-04-01,30965.0,UTE SAO FRANCISCO EI CL 514,Consumidor Livre,SUDESTE,24.0,10.238744
202404.0,2024-04-01,30965.0,UTE SAO FRANCISCO EI CL 514,Consumidor Livre,SUDESTE,24.0,10.238744
,2024-04-01,,UTE SAO FRANCISCO EI CL 514,,,24.0,10.238744
202404.0,2024-04-02,30965.0,UTE SAO FRANCISCO EI CL 514,Consumidor Livre,SUDESTE,24.0,11.322932
202404.0,2024-04-02,30965.0,UTE SAO FRANCISCO EI CL 514,Consumidor Livre,SUDESTE,24.0,11.322932
,2024-04-02,,UTE SAO FRANCISCO EI CL 514,,,24.0,11.322932
202404.0,2024-04-03,30965.0,UTE SAO FRANCISCO EI CL 514,Consumidor Livre,SUDESTE,24.0,35.016776
202404.0,2024-04-03,30965.0,UTE SAO FRANCISCO EI CL 514,Consumidor Livre,SUDESTE,24.0,35.016776
,2024-04-03,,UTE SAO FRANCISCO EI CL 514,,,24.0,35.016776
202404.0,2024-04-04,30965.0,UTE SAO FRANCISCO EI CL 514,Consumidor Livre,SUDESTE,24.0,12.038419
202404.0,2024-04-04,30965.0,UTE SAO FRANCISCO EI CL 514,Consumidor Livre,SUDESTE,24.0,12.038419
,2024-04-04,,UTE SAO FRANCISCO EI CL 514,,,24.0,12.038419
202404.0,2024-04-05,30965.0,UTE SAO FRANCISCO EI CL 514,Consumidor Livre,SUDESTE,24.0,11.289217
202404.0,2024-04-05,30965.0,UTE SAO FRANCISCO EI CL 514,Consumidor Livre,SUDESTE,24.0,11.289217
,2024-04-05,,UTE SAO FRANCISCO EI CL 514,,,24.0,11.289217
202404.0,2024-04-06,30965.0,UTE SAO FRANCISCO EI CL 514,Consumidor Livre,SUDESTE,24.0,9.28667
202404.0,2024-04-06,30965.0,UTE SAO FRANCISCO EI CL 514,Consumidor Livre,SUDESTE,24.0,9.28667
,2024-04-06,,UTE SAO FRANCISCO EI CL 514,,,24.0,9.28667
202404.0,2024-04-07,30965.0,UTE SAO FRANCISCO EI CL 514,Consumidor Livre,SUDESTE,24.0,4.748917
202404.0,2024-04-07,30965.0,UTE SAO FRANCISCO EI CL 514,Consumidor Livre,SUDESTE,24.0,4.748917
,2024-04-07,,UTE SAO FRANCISCO EI CL 514,,,24.0,4.748917
202404.0,2024-04-08,30965.0,UTE SAO FRANCISCO EI CL 514,Consumidor Livre,SUDESTE,24.0,9.946607
202404.0,2024-04-08,30965.0,UTE SAO FRANCISCO EI CL 514,Consumidor Livre,SUDESTE,24.0,9.946607
,2024-04-08,,UTE SAO FRANCISCO EI CL 514,,,24.0,9.946607
202404.0,2024-04-09,30965.0,UTE SAO FRANCISCO EI CL 514,Consumidor Livre,SUDESTE,24.0,11.752903
202404.0,2024-04-09,30965.0,UTE SAO FRANCISCO EI CL 514,Consumidor Livre,SUDESTE,24.0,11.752903
,2024-04-09,,UTE SAO FRANCISCO EI CL 514,,,24.0,11.752903
202404.0,2024-04-10,30965.0,UTE SAO FRANCISCO EI CL 514,Consumidor Livre,SUDESTE,24.0,12.247154
202404.0,2024-04-10,30965.0,UTE SAO FRANCISCO EI CL 514,Consumidor Livre,SUDESTE,24.0,12.247154
,2024-04-10,,UTE SAO FRANCISCO EI CL 514,,,24.0,12.247154
202404.0,2024-04-11,30965.0,UTE SAO FRANCISCO EI CL 514,Consumidor Livre,SUDESTE,24.0,35.821024
202404.0,2024-04-11,30965.0,UTE SAO FRANCISCO EI CL 514,Consumidor Livre,SUDESTE,24.0,35.821024
,2024-04-11,,UTE SAO FRANCISCO EI CL 514,,,24.0,35.821024
202404.0,2024-04-12,30965.0,UTE SAO FRANCISCO EI CL 514,Consumidor Livre,SUDESTE,24.0,13.739141
202404.0,2024-04-12,30965.0,UTE SAO FRANCISCO EI CL 514,Consumidor Livre,SUDESTE,24.0,13.739141
,2024-04-12,,UTE SAO FRANCISCO EI CL 514,,,24.0,13.739141
202404.0,2024-04-13,30965.0,UTE SAO FRANCISCO EI CL 514,Consumidor Livre,SUDESTE,24.0,10.35436
202404.0,2024-04-13,30965.0,UTE SAO FRANCISCO EI CL 514,Consumidor Livre,SUDESTE,24.0,10.35436
,2024-04-13,,UTE SAO FRANCISCO EI CL 514,,,24.0,10.35436
202404.0,2024-04-14,30965.0,UTE SAO FRANCISCO EI CL 514,Consumidor Livre,SUDESTE,24.0,8.087239
202404.0,2024-04-14,30965.0,UTE SAO FRANCISCO EI CL 514,Consumidor Livre,SUDESTE,24.0,8.087239
,2024-04-14,,UTE SAO FRANCISCO EI CL 514,,,24.0,8.087239
202404.0,2024-04-15,30965.0,UTE SAO FRANCISCO EI CL 514,Consumidor Livre,SUDESTE,24.0,12.562814
202404.0,2024-04-15,30965.0,UTE SAO FRANCISCO EI CL 514,Consumidor Livre,SUDESTE,24.0,12.562814
,2024-04-15,,UTE SAO FRANCISCO EI CL 514,,,24.0,12.562814
202404.0,2024-04-16,30965.0,UTE SAO FRANCISCO EI CL 514,Consumidor Livre,SUDESTE,24.0,40.984979
202404.0,2024-04-16,30965.0,UTE SAO FRANCISCO EI CL 514,Consumidor Livre,SUDESTE,24.0,40.984979
,2024-04-16,,UTE SAO FRANCISCO EI CL 514,,,24.0,40.984979
202404.0,2024-04-17,30965.0,UTE SAO FRANCISCO EI CL 514,Consumidor Livre,SUDESTE,24.0,29.425952
202404.0,2024-04-17,30965.0,UTE SAO FRANCISCO EI CL 514,Consumidor Livre,SUDESTE,24.0,29.425952
,2024-04-17,,UTE SAO FRANCISCO EI CL 514,,,24.0,29.425952
202404.0,2024-04-18,30965.0,UTE SAO FRANCISCO EI CL 514,Consumidor Livre,SUDESTE,24.0,13.701212
202404.0,2024-04-18,30965.0,UTE SAO FRANCISCO EI CL 514,Consumidor Livre,SUDESTE,24.0,13.701212
,2024-04-18,,UTE SAO FRANCISCO EI CL 514,,,24.0,13.701212
202404.0,2024-04-19,30965.0,UTE SAO FRANCISCO EI CL 514,Consumidor Livre,SUDESTE,24.0,0.0
202404.0,2024-04-19,30965.0,UTE SAO FRANCISCO EI CL 514,Consumidor Livre,SUDESTE,24.0,0.0
,2024-04-19,,UTE SAO FRANCISCO EI CL 514,,,24.0,0.0
202404.0,2024-04-20,30965.0,UTE SAO FRANCISCO EI CL 514,Consumidor Livre,SUDESTE,24.0,0.0
202404.0,2024-04-20,30965.0,UTE SAO FRANCISCO EI CL 514,Consumidor Livre,SUDESTE,24.0,0.0
,2024-04-20,,UTE SAO FRANCISCO EI CL 514,,,24.0,0.0
202404.0,2024-04-21,30965.0,UTE SAO FRANCISCO EI CL 514,Consumidor Livre,SUDESTE,24.0,0.0
202404.0,2024-04-21,30965.0,UTE SAO FRANCISCO EI CL 514,Consumidor Livre,SUDESTE,24.0,0.0
,2024-04-21,,UTE SAO FRANCISCO EI CL 514,,,24.0,0.0
202404.0,2024-04-22,30965.0,UTE SAO FRANCISCO EI CL 514,Consumidor Livre,SUDESTE,24.0,0.0
202404.0,2024-04-22,30965.0,UTE SAO FRANCISCO EI CL 514,Consumidor Livre,SUDESTE,24.0,0.0
,2024-04-22,,UTE SAO FRANCISCO EI CL 514,,,24.0,0.0
202404.0,2024-04-23,30965.0,UTE SAO FRANCISCO EI CL 514,Consumidor Livre,SUDESTE,24.0,0.0
202404.0,2024-04-23,30965.0,UTE SAO FRANCISCO EI CL 514,Consumidor Livre,SUDESTE,24.0,0.0
,2024-04-23,,UTE SAO FRANCISCO EI CL 514,,,24.0,0.0
202404.0,2024-04-24,30965.0,UTE SAO FRANCISCO EI CL 514,Consumidor Livre,SUDESTE,24.0,0.0
202404.0,2024-04-24,30965.0,UTE SAO FRANCISCO EI CL 514,Consumidor Livre,SUDESTE,24.0,0.0
,2024-04-24,,UTE SAO FRANCISCO EI CL 514,,,24.0,0.0
202404.0,2024-04-25,30965.0,UTE SAO FRANCISCO EI CL 514,Consumidor Livre,SUDESTE,24.0,0.0
202404.0,2024-04-25,30965.0,UTE SAO FRANCISCO EI CL 514,Consumidor Livre,SUDESTE,24.0,0.0
,2024-04-25,,UTE SAO FRANCISCO EI CL 514,,,24.0,0.0
202404.0,2024-04-26,30965.0,UTE SAO FRANCISCO EI CL 514,Consumidor Livre,SUDESTE,24.0,23.848804
202404.0,2024-04-26,30965.0,UTE SAO FRANCISCO EI CL 514,Consumidor Livre,SUDESTE,24.0,23.848804
,2024-04-26,,UTE SAO FRANCISCO EI CL 514,,,24.0,23.848804
202404.0,2024-04-27,30965.0,UTE SAO FRANCISCO EI CL 514,Consumidor Livre,SUDESTE,24.0,0.0
202404.0,2024-04-27,30965.0,UTE SAO FRANCISCO EI CL 514,Consumidor Livre,SUDESTE,24.0,0.0
,2024-04-27,,UTE SAO FRANCISCO EI CL 514,,,24.0,0.0
202404.0,2024-04-28,30965.0,UTE SAO FRANCISCO EI CL 514,Consumidor Livre,SUDESTE,24.0,0.0
202404.0,2024-04-28,30965.0,UTE SAO FRANCISCO EI CL 514,Consumidor Livre,SUDESTE,24.0,0.0
,2024-04-28,,UTE SAO FRANCISCO EI CL 514,,,24.0,0.0
202404.0,2024-04-29,30965.0,UTE SAO FRANCISCO EI CL 514,Consumidor Livre,SUDESTE,24.0,0.0
202404.0,2024-04-29,30965.0,UTE SAO FRANCISCO EI CL 514,Consumidor Livre,SUDESTE,24.0,0.0
,2024-04-29,,UTE SAO FRANCISCO EI CL 514,,,24.0,0.0
202404.0,2024-04-30,30965.0,UTE SAO FRANCISCO EI CL 514,Consumidor Livre,SUDESTE,24.0,0.0
202404.0,2024-04-30,30965.0,UTE SAO FRANCISCO EI CL 514,Consumidor Livre,SUDESTE,24.0,0.0
,2024-04-30,,UTE SAO FRANCISCO EI CL 514,,,24.0,0.0
202405.0,2024-05-01,30965.0,UTE SAO FRANCISCO EI CL 514,Consumidor Livre,SUDESTE,24.0,0.0
202405.0,2024-05-01,30965.0,UTE SAO FRANCISCO EI CL 514,Consumidor Livre,SUDESTE,24.0,0.0
,2024-05-01,,UTE SAO FRANCISCO EI CL 514,,,24.0,0.0
202405.0,2024-05-02,30965.0,UTE SAO FRANCISCO EI CL 514,Consumidor Livre,SUDESTE,24.0,0.0
202405.0,2024-05-02,30965.0,UTE SAO FRANCISCO EI CL 514,Consumidor Livre,SUDESTE,24.0,0.0
,2024-05-02,,UTE SAO FRANCISCO EI CL 514,,,24.0,0.0
202405.0,2024-05-03,30965.0,UTE SAO FRANCISCO EI CL 514,Consumidor Livre,SUDESTE,24.0,0.0
202405.0,2024-05-03,30965.0,UTE SAO FRANCISCO EI CL 514,Consumidor Livre,SUDESTE,24.0,0.0
,2024-05-03,,UTE SAO FRANCISCO EI CL 514,,,24.0,0.0
202405.0,2024-05-04,30965.0,UTE SAO FRANCISCO EI CL 514,Consumidor Livre,SUDESTE,24.0,0.0
202405.0,2024-05-04,30965.0,UTE SAO FRANCISCO EI CL 514,Consumidor Livre,SUDESTE,24.0,0.0
,2024-05-04,,UTE SAO FRANCISCO EI CL 514,,,24.0,0.0
202405.0,2024-05-05,30965.0,UTE SAO FRANCISCO EI CL 514,Consumidor Livre,SUDESTE,24.0,0.0
202405.0,2024-05-05,30965.0,UTE SAO FRANCISCO EI CL 514,Consumidor Livre,SUDESTE,24.0,0.0
,2024-05-05,,UTE SAO FRANCISCO EI CL 514,,,24.0,0.0
202405.0,2024-05-06,30965.0,UTE SAO FRANCISCO EI CL 514,Consumidor Livre,SUDESTE,24.0,0.0
202405.0,2024-05-06,30965.0,UTE SAO FRANCISCO EI CL 514,Consumidor Livre,SUDESTE,24.0,0.0
,2024-05-06,,UTE SAO FRANCISCO EI CL 514,,,24.0,0.0
202405.0,2024-05-07,30965.0,UTE SAO FRANCISCO EI CL 514,Consumidor Livre,SUDESTE,24.0,0.0
202405.0,2024-05-07,30965.0,UTE SAO FRANCISCO EI CL 514,Consumidor Livre,SUDESTE,24.0,0.0
,2024-05-07,,UTE SAO FRANCISCO EI CL 514,,,24.0,0.0
202405.0,2024-05-08,30965.0,UTE SAO FRANCISCO EI CL 514,Consumidor Livre,SUDESTE,24.0,0.0
202405.0,2024-05-08,30965.0,UTE SAO FRANCISCO EI CL 514,Consumidor Livre,SUDESTE,24.0,0.0
,2024-05-08,,UTE SAO FRANCISCO EI CL 514,,,24.0,0.0
202405.0,2024-05-09,30965.0,UTE SAO FRANCISCO EI CL 514,Consumidor Livre,SUDESTE,24.0,0.0
202405.0,2024-05-09,30965.0,UTE SAO FRANCISCO EI CL 514,Consumidor Livre,SUDESTE,24.0,0.0
,2024-05-09,,UTE SAO FRANCISCO EI CL 514,,,24.0,0.0
202405.0,2024-05-10,30965.0,UTE SAO FRANCISCO EI CL 514,Consumidor Livre,SUDESTE,24.0,0.0
202405.0,2024-05-10,30965.0,UTE SAO FRANCISCO EI CL 514,Consumidor Livre,SUDESTE,24.0,0.0
,2024-05-10,,UTE SAO FRANCISCO EI CL 514,,,24.0,0.0
202405.0,2024-05-11,30965.0,UTE SAO FRANCISCO EI CL 514,Consumidor Livre,SUDESTE,24.0,0.0
202405.0,2024-05-11,30965.0,UTE SAO FRANCISCO EI CL 514,Consumidor Livre,SUDESTE,24.0,0.0
,2024-05-11,,UTE SAO FRANCISCO EI CL 514,,,24.0,0.0
202405.0,2024-05-12,30965.0,UTE SAO FRANCISCO EI CL 514,Consumidor Livre,SUDESTE,24.0,0.0
202405.0,2024-05-12,30965.0,UTE SAO FRANCISCO EI CL 514,Consumidor Livre,SUDESTE,24.0,0.0
,2024-05-12,,UTE SAO FRANCISCO EI CL 514,,,24.0,0.0
202405.0,2024-05-13,30965.0,UTE SAO FRANCISCO EI CL 514,Consumidor Livre,SUDESTE,24.0,0.0
202405.0,2024-05-13,30965.0,UTE SAO FRANCISCO EI CL 514,Consumidor Livre,SUDESTE,24.0,0.0
,2024-05-13,,UTE SAO FRANCISCO EI CL 514,,,24.0,0.0
202405.0,2024-05-14,30965.0,UTE SAO FRANCISCO EI CL 514,Consumidor Livre,SUDESTE,24.0,0.0
202405.0,2024-05-14,30965.0,UTE SAO FRANCISCO EI CL 514,Consumidor Livre,SUDESTE,24.0,0.0
,2024-05-14,,UTE SAO FRANCISCO EI CL 514,,,24.0,0.0
202405.0,2024-05-15,30965.0,UTE SAO FRANCISCO EI CL 514,Consumidor Livre,SUDESTE,24.0,0.0
202405.0,2024-05-15,30965.0,UTE SAO FRANCISCO EI CL 514,Consumidor Livre,SUDESTE,24.0,0.0
,2024-05-15,,UTE SAO FRANCISCO EI CL 514,,,24.0,0.0
202405.0,2024-05-16,30965.0,UTE SAO FRANCISCO EI CL 514,Consumidor Livre,SUDESTE,24.0,0.0
202405.0,2024-05-16,30965.0,UTE SAO FRANCISCO EI CL 514,Consumidor Livre,SUDESTE,24.0,0.0
,2024-05-16,,UTE SAO FRANCISCO EI CL 514,,,24.0,0.0
202405.0,2024-05-17,30965.0,UTE SAO FRANCISCO EI CL 514,Consumidor Livre,SUDESTE,24.0,0.8216
202405.0,2024-05-17,30965.0,UTE SAO FRANCISCO EI CL 514,Consumidor Livre,SUDESTE,24.0,0.8216
,2024-05-17,,UTE SAO FRANCISCO EI CL 514,,,24.0,0.8216
202405.0,2024-05-18,30965.0,UTE SAO FRANCISCO EI CL 514,Consumidor Livre,SUDESTE,24.0,0.0
202405.0,2024-05-18,30965.0,UTE SAO FRANCISCO EI CL 514,Consumidor Livre,SUDESTE,24.0,0.0
,2024-05-18,,UTE SAO FRANCISCO EI CL 514,,,24.0,0.0
202405.0,2024-05-19,30965.0,UTE SAO FRANCISCO EI CL 514,Consumidor Livre,SUDESTE,24.0,0.0
202405.0,2024-05-19,30965.0,UTE SAO FRANCISCO EI CL 514,Consumidor Livre,SUDESTE,24.0,0.0
,2024-05-19,,UTE SAO FRANCISCO EI CL 514,,,24.0,0.0
202405.0,2024-05-20,30965.0,UTE SAO FRANCISCO EI CL 514,Consumidor Livre,SUDESTE,24.0,0.0
202405.0,2024-05-20,30965.0,UTE SAO FRANCISCO EI CL 514,Consumidor Livre,SUDESTE,24.0,0.0
,2024-05-20,,UTE SAO FRANCISCO EI CL 514,,,24.0,0.0
202405.0,2024-05-21,30965.0,UTE SAO FRANCISCO EI CL 514,Consumidor Livre,SUDESTE,24.0,0.0
202405.0,2024-05-21,30965.0,UTE SAO FRANCISCO EI CL 514,Consumidor Livre,SUDESTE,24.0,0.0
,2024-05-21,,UTE SAO FRANCISCO EI CL 514,,,24.0,0.0
202405.0,2024-05-22,30965.0,UTE SAO FRANCISCO EI CL 514,Consumidor Livre,SUDESTE,24.0,0.0
202405.0,2024-05-22,30965.0,UTE SAO FRANCISCO EI CL 514,Consumidor Livre,SUDESTE,24.0,0.0
,2024-05-22,,UTE SAO FRANCISCO EI CL 514,,,24.0,0.0
202405.0,2024-05-23,30965.0,UTE SAO FRANCISCO EI CL 514,Consumidor Livre,SUDESTE,24.0,0.0
202405.0,2024-05-23,30965.0,UTE SAO FRANCISCO EI CL 514,Consumidor Livre,SUDESTE,24.0,0.0
,2024-05-23,,UTE SAO FRANCISCO EI CL 514,,,24.0,0.0
202405.0,2024-05-24,30965.0,UTE SAO FRANCISCO EI CL 514,Consumidor Livre,SUDESTE,24.0,0.0
202405.0,2024-05-24,30965.0,UTE SAO FRANCISCO EI CL 514,Consumidor Livre,SUDESTE,24.0,0.0
,2024-05-24,,UTE SAO FRANCISCO EI CL 514,,,24.0,0.0
202405.0,2024-05-25,30965.0,UTE SAO FRANCISCO EI CL 514,Consumidor Livre,SUDESTE,24.0,0.0
202405.0,2024-05-25,30965.0,UTE SAO FRANCISCO EI CL 514,Consumidor Livre,SUDESTE,24.0,0.0
,2024-05-25,,UTE SAO FRANCISCO EI CL 514,,,24.0,0.0
202405.0,2024-05-26,30965.0,UTE SAO FRANCISCO EI CL 514,Consumidor Livre,SUDESTE,24.0,0.0
202405.0,2024-05-26,30965.0,UTE SAO FRANCISCO EI CL 514,Consumidor Livre,SUDESTE,24.0,0.0
,2024-05-26,,UTE SAO FRANCISCO EI CL 514,,,24.0,0.0
202405.0,2024-05-27,30965.0,UTE SAO FRANCISCO EI CL 514,Consumidor Livre,SUDESTE,24.0,0.0
202405.0,2024-05-27,30965.0,UTE SAO FRANCISCO EI CL 514,Consumidor Livre,SUDESTE,24.0,0.0
,2024-05-27,,UTE SAO FRANCISCO EI CL 514,,,24.0,0.0
202405.0,2024-05-28,30965.0,UTE SAO FRANCISCO EI CL 514,Consumidor Livre,SUDESTE,24.0,0.0
202405.0,2024-05-28,30965.0,UTE SAO FRANCISCO EI CL 514,Consumidor Livre,SUDESTE,24.0,0.0
,2024-05-28,,UTE SAO FRANCISCO EI CL 514,,,24.0,0.0
202405.0,2024-05-29,30965.0,UTE SAO FRANCISCO EI CL 514,Consumidor Livre,SUDESTE,24.0,0.0
202405.0,2024-05-29,30965.0,UTE SAO FRANCISCO EI CL 514,Consumidor Livre,SUDESTE,24.0,0.0
,2024-05-29,,UTE SAO FRANCISCO EI CL 514,,,24.0,0.0
202405.0,2024-05-30,30965.0,UTE SAO FRANCISCO EI CL 514,Consumidor Livre,SUDESTE,24.0,12.114821
202405.0,2024-05-30,30965.0,UTE SAO FRANCISCO EI CL 514,Consumidor Livre,SUDESTE,24.0,12.114821
,2024-05-30,,UTE SAO FRANCISCO EI CL 514,,,24.0,12.114821
202405.0,2024-05-31,30965.0,UTE SAO FRANCISCO EI CL 514,Consumidor Livre,SUDESTE,24.0,0.0
202405.0,2024-05-31,30965.0,UTE SAO FRANCISCO EI CL 514,Consumidor Livre,SUDESTE,24.0,0.0
,2024-05-31,,UTE SAO FRANCISCO EI CL 514,,,24.0,0.0
202406.0,2024-06-01,30965.0,UTE SAO FRANCISCO EI CL 514,Consumidor Livre,SUDESTE,24.0,0.0
202406.0,2024-06-01,30965.0,UTE SAO FRANCISCO EI CL 514,Consumidor Livre,SUDESTE,24.0,0.0
,2024-06-01,,UTE SAO FRANCISCO EI CL 514,,,24.0,0.0
202406.0,2024-06-02,30965.0,UTE SAO FRANCISCO EI CL 514,Consumidor Livre,SUDESTE,24.0,0.0
202406.0,2024-06-02,30965.0,UTE SAO FRANCISCO EI CL 514,Consumidor Livre,SUDESTE,24.0,0.0
,2024-06-02,,UTE SAO FRANCISCO EI CL 514,,,24.0,0.0
202406.0,2024-06-03,30965.0,UTE SAO FRANCISCO EI CL 514,Consumidor Livre,SUDESTE,24.0,0.0
202406.0,2024-06-03,30965.0,UTE SAO FRANCISCO EI CL 514,Consumidor Livre,SUDESTE,24.0,0.0
,2024-06-03,,UTE SAO FRANCISCO EI CL 514,,,24.0,0.0
202406.0,2024-06-04,30965.0,UTE SAO FRANCISCO EI CL 514,Consumidor Livre,SUDESTE,24.0,0.0
202406.0,2024-06-04,30965.0,UTE SAO FRANCISCO EI CL 514,Consumidor Livre,SUDESTE,24.0,0.0
,2024-06-04,,UTE SAO FRANCISCO EI CL 514,,,24.0,0.0
202406.0,2024-06-05,30965.0,UTE SAO FRANCISCO EI CL 514,Consumidor Livre,SUDESTE,24.0,0.0
202406.0,2024-06-05,30965.0,UTE SAO FRANCISCO EI CL 514,Consumidor Livre,SUDESTE,24.0,0.0
,2024-06-05,,UTE SAO FRANCISCO EI CL 514,,,24.0,0.0
202406.0,2024-06-06,30965.0,UTE SAO FRANCISCO EI CL 514,Consumidor Livre,SUDESTE,24.0,0.0
202406.0,2024-06-06,30965.0,UTE SAO FRANCISCO EI CL 514,Consumidor Livre,SUDESTE,24.0,0.0
,2024-06-06,,UTE SAO FRANCISCO EI CL 514,,,24.0,0.0
202406.0,2024-06-07,30965.0,UTE SAO FRANCISCO EI CL 514,Consumidor Livre,SUDESTE,24.0,0.0
202406.0,2024-06-07,30965.0,UTE SAO FRANCISCO EI CL 514,Consumidor Livre,SUDESTE,24.0,0.0
,2024-06-07,,UTE SAO FRANCISCO EI CL 514,,,24.0,0.0
202406.0,2024-06-08,30965.0,UTE SAO FRANCISCO EI CL 514,Consumidor Livre,SUDESTE,24.0,0.0
202406.0,2024-06-08,30965.0,UTE SAO FRANCISCO EI CL 514,Consumidor Livre,SUDESTE,24.0,0.0
,2024-06-08,,UTE SAO FRANCISCO EI CL 514,,,24.0,0.0
202406.0,2024-06-09,30965.0,UTE SAO FRANCISCO EI CL 514,Consumidor Livre,SUDESTE,24.0,0.0
202406.0,2024-06-09,30965.0,UTE SAO FRANCISCO EI CL 514,Consumidor Livre,SUDESTE,24.0,0.0
,2024-06-09,,UTE SAO FRANCISCO EI CL 514,,,24.0,0.0
202406.0,2024-06-10,30965.0,UTE SAO FRANCISCO EI CL 514,Consumidor Livre,SUDESTE,24.0,0.0
202406.0,2024-06-10,30965.0,UTE SAO FRANCISCO EI CL 514,Consumidor Livre,SUDESTE,24.0,0.0
,2024-06-10,,UTE SAO FRANCISCO EI CL 514,,,24.0,0.0
202406.0,2024-06-11,30965.0,UTE SAO FRANCISCO EI CL 514,Consumidor Livre,SUDESTE,24.0,0.0
202406.0,2024-06-11,30965.0,UTE SAO FRANCISCO EI CL 514,Consumidor Livre,SUDESTE,24.0,0.0
,2024-06-11,,UTE SAO FRANCISCO EI CL 514,,,24.0,0.0
202406.0,2024-06-12,30965.0,UTE SAO FRANCISCO EI CL 514,Consumidor Livre,SUDESTE,24.0,0.0
202406.0,2024-06-12,30965.0,UTE SAO FRANCISCO EI CL 514,Consumidor Livre,SUDESTE,24.0,0.0
,2024-06-12,,UTE SAO FRANCISCO EI CL 514,,,24.0,0.0
202406.0,2024-06-13,30965.0,UTE SAO FRANCISCO EI CL 514,Consumidor Livre,SUDESTE,24.0,0.0
202406.0,2024-06-13,30965.0,UTE SAO FRANCISCO EI CL 514,Consumidor Livre,SUDESTE,24.0,0.0
,2024-06-13,,UTE SAO FRANCISCO EI CL 514,,,24.0,0.0
202406.0,2024-06-14,30965.0,UTE SAO FRANCISCO EI CL 514,Consumidor Livre,SUDESTE,24.0,0.0
202406.0,2024-06-14,30965.0,UTE SAO FRANCISCO EI CL 514,Consumidor Livre,SUDESTE,24.0,0.0
,2024-06-14,,UTE SAO FRANCISCO EI CL 514,,,24.0,0.0
202406.0,2024-06-15,30965.0,UTE SAO FRANCISCO EI CL 514,Consumidor Livre,SUDESTE,24.0,0.0
202406.0,2024-06-15,30965.0,UTE SAO FRANCISCO EI CL 514,Consumidor Livre,SUDESTE,24.0,0.0
,2024-06-15,,UTE SAO FRANCISCO EI CL 514,,,24.0,0.0
202406.0,2024-06-16,30965.0,UTE SAO FRANCISCO EI CL 514,Consumidor Livre,SUDESTE,24.0,0.0
202406.0,2024-06-16,30965.0,UTE SAO FRANCISCO EI CL 514,Consumidor Livre,SUDESTE,24.0,0.0
,2024-06-16,,UTE SAO FRANCISCO EI CL 514,,,24.0,0.0
202406.0,2024-06-17,30965.0,UTE SAO FRANCISCO EI CL 514,Consumidor Livre,SUDESTE,24.0,0.0
202406.0,2024-06-17,30965.0,UTE SAO FRANCISCO EI CL 514,Consumidor Livre,SUDESTE,24.0,0.0
,2024-06-17,,UTE SAO FRANCISCO EI CL 514,,,24.0,0.0
202406.0,2024-06-18,30965.0,UTE SAO FRANCISCO EI CL 514,Consumidor Livre,SUDESTE,24.0,2.6463
202406.0,2024-06-18,30965.0,UTE SAO FRANCISCO EI CL 514,Consumidor Livre,SUDESTE,24.0,2.6463
,2024-06-18,,UTE SAO FRANCISCO EI CL 514,,,24.0,2.6463
202406.0,2024-06-19,30965.0,UTE SAO FRANCISCO EI CL 514,Consumidor Livre,SUDESTE,24.0,11.376179
202406.0,2024-06-19,30965.0,UTE SAO FRANCISCO EI CL 514,Consumidor Livre,SUDESTE,24.0,11.376179
,2024-06-19,,UTE SAO FRANCISCO EI CL 514,,,24.0,11.376179
202406.0,2024-06-20,30965.0,UTE SAO FRANCISCO EI CL 514,Consumidor Livre,SUDESTE,24.0,0.0
202406.0,2024-06-20,30965.0,UTE SAO FRANCISCO EI CL 514,Consumidor Livre,SUDESTE,24.0,0.0
,2024-06-20,,UTE SAO FRANCISCO EI CL 514,,,24.0,0.0
202406.0,2024-06-21,30965.0,UTE SAO FRANCISCO EI CL 514,Consumidor Livre,SUDESTE,24.0,0.0
202406.0,2024-06-21,30965.0,UTE SAO FRANCISCO EI CL 514,Consumidor Livre,SUDESTE,24.0,0.0
,2024-06-21,,UTE SAO FRANCISCO EI CL 514,,,24.0,0.0
202406.0,2024-06-22,30965.0,UTE SAO FRANCISCO EI CL 514,Consumidor Livre,SUDESTE,24.0,0.0
202406.0,2024-06-22,30965.0,UTE SAO FRANCISCO EI CL 514,Consumidor Livre,SUDESTE,24.0,0.0
,2024-06-22,,UTE SAO FRANCISCO EI CL 514,,,24.0,0.0
202406.0,2024-06-23,30965.0,UTE SAO FRANCISCO EI CL 514,Consumidor Livre,SUDESTE,24.0,0.0
202406.0,2024-06-23,30965.0,UTE SAO FRANCISCO EI CL 514,Consumidor Livre,SUDESTE,24.0,0.0
,2024-06-23,,UTE SAO FRANCISCO EI CL 514,,,24.0,0.0
202406.0,2024-06-24,30965.0,UTE SAO FRANCISCO EI CL 514,Consumidor Livre,SUDESTE,24.0,0.0
202406.0,2024-06-24,30965.0,UTE SAO FRANCISCO EI CL 514,Consumidor Livre,SUDESTE,24.0,0.0
,2024-06-24,,UTE SAO FRANCISCO EI CL 514,,,24.0,0.0
202406.0,2024-06-25,30965.0,UTE SAO FRANCISCO EI CL 514,Consumidor Livre,SUDESTE,24.0,0.0
202406.0,2024-06-25,30965.0,UTE SAO FRANCISCO EI CL 514,Consumidor Livre,SUDESTE,24.0,0.0
,2024-06-25,,UTE SAO FRANCISCO EI CL 514,,,24.0,0.0
202406.0,2024-06-26,30965.0,UTE SAO FRANCISCO EI CL 514,Consumidor Livre,SUDESTE,24.0,0.0
202406.0,2024-06-26,30965.0,UTE SAO FRANCISCO EI CL 514,Consumidor Livre,SUDESTE,24.0,0.0
,2024-06-26,,UTE SAO FRANCISCO EI CL 514,,,24.0,0.0
202406.0,2024-06-27,30965.0,UTE SAO FRANCISCO EI CL 514,Consumidor Livre,SUDESTE,24.0,0.0
202406.0,2024-06-27,30965.0,UTE SAO FRANCISCO EI CL 514,Consumidor Livre,SUDESTE,24.0,0.0
,2024-06-27,,UTE SAO FRANCISCO EI CL 514,,,24.0,0.0
202406.0,2024-06-28,30965.0,UTE SAO FRANCISCO EI CL 514,Consumidor Livre,SUDESTE,24.0,0.0
202406.0,2024-06-28,30965.0,UTE SAO FRANCISCO EI CL 514,Consumidor Livre,SUDESTE,24.0,0.0
,2024-06-28,,UTE SAO FRANCISCO EI CL 514,,,24.0,0.0
202406.0,2024-06-29,30965.0,UTE SAO FRANCISCO EI CL 514,Consumidor Livre,SUDESTE,24.0,0.0
202406.0,2024-06-29,30965.0,UTE SAO FRANCISCO EI CL 514,Consumidor Livre,SUDESTE,24.0,0.0
,2024-06-29,,UTE SAO FRANCISCO EI CL 514,,,24.0,0.0
202406.0,2024-06-30,30965.0,UTE SAO FRANCISCO EI CL 514,Consumidor Livre,SUDESTE,24.0,0.0
202406.0,2024-06-30,30965.0,UTE SAO FRANCISCO EI CL 514,Consumidor Livre,SUDESTE,24.0,0.0
,2024-06-30,,UTE SAO FRANCISCO EI CL 514,,,24.0,0.0
202407.0,2024-07-01,30965.0,UTE SAO FRANCISCO EI CL 514,Consumidor Livre,SUDESTE,24.0,0.0
202407.0,2024-07-01,30965.0,UTE SAO FRANCISCO EI CL 514,Consumidor Livre,SUDESTE,24.0,0.0
,2024-07-01,,UTE SAO FRANCISCO EI CL 514,,,24.0,0.0
202407.0,2024-07-02,30965.0,UTE SAO FRANCISCO EI CL 514,Consumidor Livre,SUDESTE,24.0,0.0
202407.0,2024-07-02,30965.0,UTE SAO FRANCISCO EI CL 514,Consumidor Livre,SUDESTE,24.0,0.0
,2024-07-02,,UTE SAO FRANCISCO EI CL 514,,,24.0,0.0
202407.0,2024-07-03,30965.0,UTE SAO FRANCISCO EI CL 514,Consumidor Livre,SUDESTE,24.0,0.0
202407.0,2024-07-03,30965.0,UTE SAO FRANCISCO EI CL 514,Consumidor Livre,SUDESTE,24.0,0.0
,2024-07-03,,UTE SAO FRANCISCO EI CL 514,,,24.0,0.0
202407.0,2024-07-04,30965.0,UTE SAO FRANCISCO EI CL 514,Consumidor Livre,SUDESTE,24.0,0.0
202407.0,2024-07-04,30965.0,UTE SAO FRANCISCO EI CL 514,Consumidor Livre,SUDESTE,24.0,0.0
,2024-07-04,,UTE SAO FRANCISCO EI CL 514,,,24.0,0.0
202407.0,2024-07-05,30965.0,UTE SAO FRANCISCO EI CL 514,Consumidor Livre,SUDESTE,24.0,0.0
202407.0,2024-07-05,30965.0,UTE SAO FRANCISCO EI CL 514,Consumidor Livre,SUDESTE,24.0,0.0
,2024-07-05,,UTE SAO FRANCISCO EI CL 514,,,24.0,0.0
202407.0,2024-07-06,30965.0,UTE SAO FRANCISCO EI CL 514,Consumidor Livre,SUDESTE,24.0,0.0
202407.0,2024-07-06,30965.0,UTE SAO FRANCISCO EI CL 514,Consumidor Livre,SUDESTE,24.0,0.0
,2024-07-06,,UTE SAO FRANCISCO EI CL 514,,,24.0,0.0
202407.0,2024-07-07,30965.0,UTE SAO FRANCISCO EI CL 514,Consumidor Livre,SUDESTE,24.0,0.0
202407.0,2024-07-07,30965.0,UTE SAO FRANCISCO EI CL 514,Consumidor Livre,SUDESTE,24.0,0.0
,2024-07-07,,UTE SAO FRANCISCO EI CL 514,,,24.0,0.0
202407.0,2024-07-08,30965.0,UTE SAO FRANCISCO EI CL 514,Consumidor Livre,SUDESTE,24.0,0.0
202407.0,2024-07-08,30965.0,UTE SAO FRANCISCO EI CL 514,Consumidor Livre,SUDESTE,24.0,0.0
,2024-07-08,,UTE SAO FRANCISCO EI CL 514,,,24.0,0.0
202407.0,2024-07-09,30965.0,UTE SAO FRANCISCO EI CL 514,Consumidor Livre,SUDESTE,24.0,0.0
202407.0,2024-07-09,30965.0,UTE SAO FRANCISCO EI CL 514,Consumidor Livre,SUDESTE,24.0,0.0
,2024-07-09,,UTE SAO FRANCISCO EI CL 514,,,24.0,0.0
202407.0,2024-07-10,30965.0,UTE SAO FRANCISCO EI CL 514,Consumidor Livre,SUDESTE,24.0,0.0
202407.0,2024-07-10,30965.0,UTE SAO FRANCISCO EI CL 514,Consumidor Livre,SUDESTE,24.0,0.0
,2024-07-10,,UTE SAO FRANCISCO EI CL 514,,,24.0,0.0
202407.0,2024-07-11,30965.0,UTE SAO FRANCISCO EI CL 514,Consumidor Livre,SUDESTE,24.0,0.0
202407.0,2024-07-11,30965.0,UTE SAO FRANCISCO EI CL 514,Consumidor Livre,SUDESTE,24.0,0.0
,2024-07-11,,UTE SAO FRANCISCO EI CL 514,,,24.0,0.0
202407.0,2024-07-12,30965.0,UTE SAO FRANCISCO EI CL 514,Consumidor Livre,SUDESTE,24.0,0.0
202407.0,2024-07-12,30965.0,UTE SAO FRANCISCO EI CL 514,Consumidor Livre,SUDESTE,24.0,0.0
,2024-07-12,,UTE SAO FRANCISCO EI CL 514,,,24.0,0.0
202407.0,2024-07-13,30965.0,UTE SAO FRANCISCO EI CL 514,Consumidor Livre,SUDESTE,24.0,0.0
202407.0,2024-07-13,30965.0,UTE SAO FRANCISCO EI CL 514,Consumidor Livre,SUDESTE,24.0,0.0
,2024-07-13,,UTE SAO FRANCISCO EI CL 514,,,24.0,0.0
202407.0,2024-07-14,30965.0,UTE SAO FRANCISCO EI CL 514,Consumidor Livre,SUDESTE,24.0,0.0
202407.0,2024-07-14,30965.0,UTE SAO FRANCISCO EI CL 514,Consumidor Livre,SUDESTE,24.0,0.0
,2024-07-14,,UTE SAO FRANCISCO EI CL 514,,,24.0,0.0
202407.0,2024-07-15,30965.0,UTE SAO FRANCISCO EI CL 514,Consumidor Livre,SUDESTE,24.0,0.0
202407.0,2024-07-15,30965.0,UTE SAO FRANCISCO EI CL 514,Consumidor Livre,SUDESTE,24.0,0.0
,2024-07-15,,UTE SAO FRANCISCO EI CL 514,,,24.0,0.0
202407.0,2024-07-16,30965.0,UTE SAO FRANCISCO EI CL 514,Consumidor Livre,SUDESTE,24.0,29.794507
202407.0,2024-07-16,30965.0,UTE SAO FRANCISCO EI CL 514,Consumidor Livre,SUDESTE,24.0,29.794507
,2024-07-16,,UTE SAO FRANCISCO EI CL 514,,,24.0,29.794507
202407.0,2024-07-17,30965.0,UTE SAO FRANCISCO EI CL 514,Consumidor Livre,SUDESTE,24.0,0.0
202407.0,2024-07-17,30965.0,UTE SAO FRANCISCO EI CL 514,Consumidor Livre,SUDESTE,24.0,0.0
,2024-07-17,,UTE SAO FRANCISCO EI CL 514,,,24.0,0.0
202407.0,2024-07-18,30965.0,UTE SAO FRANCISCO EI CL 514,Consumidor Livre,SUDESTE,24.0,0.0
202407.0,2024-07-18,30965.0,UTE SAO FRANCISCO EI CL 514,Consumidor Livre,SUDESTE,24.0,0.0
,2024-07-18,,UTE SAO FRANCISCO EI CL 514,,,24.0,0.0
202407.0,2024-07-19,30965.0,UTE SAO FRANCISCO EI CL 514,Consumidor Livre,SUDESTE,24.0,0.0
202407.0,2024-07-19,30965.0,UTE SAO FRANCISCO EI CL 514,Consumidor Livre,SUDESTE,24.0,0.0
,2024-07-19,,UTE SAO FRANCISCO EI CL 514,,,24.0,0.0
202407.0,2024-07-20,30965.0,UTE SAO FRANCISCO EI CL 514,Consumidor Livre,SUDESTE,24.0,0.0
202407.0,2024-07-20,30965.0,UTE SAO FRANCISCO EI CL 514,Consumidor Livre,SUDESTE,24.0,0.0
,2024-07-20,,UTE SAO FRANCISCO EI CL 514,,,24.0,0.0
202407.0,2024-07-21,30965.0,UTE SAO FRANCISCO EI CL 514,Consumidor Livre,SUDESTE,24.0,0.0
202407.0,2024-07-21,30965.0,UTE SAO FRANCISCO EI CL 514,Consumidor Livre,SUDESTE,24.0,0.0
,2024-07-21,,UTE SAO FRANCISCO EI CL 514,,,24.0,0.0
202407.0,2024-07-22,30965.0,UTE SAO FRANCISCO EI CL 514,Consumidor Livre,SUDESTE,24.0,0.0
202407.0,2024-07-22,30965.0,UTE SAO FRANCISCO EI CL 514,Consumidor Livre,SUDESTE,24.0,0.0
,2024-07-22,,UTE SAO FRANCISCO EI CL 514,,,24.0,0.0
202407.0,2024-07-23,30965.0,UTE SAO FRANCISCO EI CL 514,Consumidor Livre,SUDESTE,24.0,0.0
202407.0,2024-07-23,30965.0,UTE SAO FRANCISCO EI CL 514,Consumidor Livre,SUDESTE,24.0,0.0
,2024-07-23,,UTE SAO FRANCISCO EI CL 514,,,24.0,0.0
202407.0,2024-07-24,30965.0,UTE SAO FRANCISCO EI CL 514,Consumidor Livre,SUDESTE,24.0,0.0
202407.0,2024-07-24,30965.0,UTE SAO FRANCISCO EI CL 514,Consumidor Livre,SUDESTE,24.0,0.0
,2024-07-24,,UTE SAO FRANCISCO EI CL 514,,,24.0,0.0
202407.0,2024-07-25,30965.0,UTE SAO FRANCISCO EI CL 514,Consumidor Livre,SUDESTE,24.0,0.0
202407.0,2024-07-25,30965.0,UTE SAO FRANCISCO EI CL 514,Consumidor Livre,SUDESTE,24.0,0.0
,2024-07-25,,UTE SAO FRANCISCO EI CL 514,,,24.0,0.0
202407.0,2024-07-26,30965.0,UTE SAO FRANCISCO EI CL 514,Consumidor Livre,SUDESTE,24.0,0.0
202407.0,2024-07-26,30965.0,UTE SAO FRANCISCO EI CL 514,Consumidor Livre,SUDESTE,24.0,0.0
,2024-07-26,,UTE SAO FRANCISCO EI CL 514,,,24.0,0.0
202407.0,2024-07-27,30965.0,UTE SAO FRANCISCO EI CL 514,Consumidor Livre,SUDESTE,24.0,0.0
202407.0,2024-07-27,30965.0,UTE SAO FRANCISCO EI CL 514,Consumidor Livre,SUDESTE,24.0,0.0
,2024-07-27,,UTE SAO FRANCISCO EI CL 514,,,24.0,0.0
202407.0,2024-07-28,30965.0,UTE SAO FRANCISCO EI CL 514,Consumidor Livre,SUDESTE,24.0,0.0
202407.0,2024-07-28,30965.0,UTE SAO FRANCISCO EI CL 514,Consumidor Livre,SUDESTE,24.0,0.0
,2024-07-28,,UTE SAO FRANCISCO EI CL 514,,,24.0,0.0
202407.0,2024-07-29,30965.0,UTE SAO FRANCISCO EI CL 514,Consumidor Livre,SUDESTE,24.0,0.0
202407.0,2024-07-29,30965.0,UTE SAO FRANCISCO EI CL 514,Consumidor Livre,SUDESTE,24.0,0.0
,2024-07-29,,UTE SAO FRANCISCO EI CL 514,,,24.0,0.0
202407.0,2024-07-30,30965.0,UTE SAO FRANCISCO EI CL 514,Consumidor Livre,SUDESTE,24.0,0.0
202407.0,2024-07-30,30965.0,UTE SAO FRANCISCO EI CL 514,Consumidor Livre,SUDESTE,24.0,0.0
,2024-07-30,,UTE SAO FRANCISCO EI CL 514,,,24.0,0.0
202407.0,2024-07-31,30965.0,UTE SAO FRANCISCO EI CL 514,Consumidor Livre,SUDESTE,24.0,0.0
202407.0,2024-07-31,30965.0,UTE SAO FRANCISCO EI CL 514,Consumidor Livre,SUDESTE,24.0,0.0
,2024-07-31,,UTE SAO FRANCISCO EI CL 514,,,24.0,0.0
202408.0,2024-08-01,30965.0,UTE SAO FRANCISCO EI CL 514,Consumidor Livre,SUDESTE,24.0,0.0
202408.0,2024-08-01,30965.0,UTE SAO FRANCISCO EI CL 514,Consumidor Livre,SUDESTE,24.0,0.0
,2024-08-01,,UTE SAO FRANCISCO EI CL 514,,,24.0,0.0
202408.0,2024-08-02,30965.0,UTE SAO FRANCISCO EI CL 514,Consumidor Livre,SUDESTE,24.0,0.0
202408.0,2024-08-02,30965.0,UTE SAO FRANCISCO EI CL 514,Consumidor Livre,SUDESTE,24.0,0.0
,2024-08-02,,UTE SAO FRANCISCO EI CL 514,,,24.0,0.0
202408.0,2024-08-03,30965.0,UTE SAO FRANCISCO EI CL 514,Consumidor Livre,SUDESTE,24.0,0.0
202408.0,2024-08-03,30965.0,UTE SAO FRANCISCO EI CL 514,Consumidor Livre,SUDESTE,24.0,0.0
,2024-08-03,,UTE SAO FRANCISCO EI CL 514,,,24.0,0.0
202408.0,2024-08-04,30965.0,UTE SAO FRANCISCO EI CL 514,Consumidor Livre,SUDESTE,24.0,0.0
202408.0,2024-08-04,30965.0,UTE SAO FRANCISCO EI CL 514,Consumidor Livre,SUDESTE,24.0,0.0
,2024-08-04,,UTE SAO FRANCISCO EI CL 514,,,24.0,0.0
202408.0,2024-08-05,30965.0,UTE SAO FRANCISCO EI CL 514,Consumidor Livre,SUDESTE,24.0,0.0
202408.0,2024-08-05,30965.0,UTE SAO FRANCISCO EI CL 514,Consumidor Livre,SUDESTE,24.0,0.0
,2024-08-05,,UTE SAO FRANCISCO EI CL 514,,,24.0,0.0
202408.0,2024-08-06,30965.0,UTE SAO FRANCISCO EI CL 514,Consumidor Livre,SUDESTE,24.0,0.0
202408.0,2024-08-06,30965.0,UTE SAO FRANCISCO EI CL 514,Consumidor Livre,SUDESTE,24.0,0.0
,2024-08-06,,UTE SAO FRANCISCO EI CL 514,,,24.0,0.0
202408.0,2024-08-07,30965.0,UTE SAO FRANCISCO EI CL 514,Consumidor Livre,SUDESTE,24.0,0.0
202408.0,2024-08-07,30965.0,UTE SAO FRANCISCO EI CL 514,Consumidor Livre,SUDESTE,24.0,0.0
,2024-08-07,,UTE SAO FRANCISCO EI CL 514,,,24.0,0.0
202408.0,2024-08-08,30965.0,UTE SAO FRANCISCO EI CL 514,Consumidor Livre,SUDESTE,24.0,0.0
202408.0,2024-08-08,30965.0,UTE SAO FRANCISCO EI CL 514,Consumidor Livre,SUDESTE,24.0,0.0
,2024-08-08,,UTE SAO FRANCISCO EI CL 514,,,24.0,0.0
202408.0,2024-08-09,30965.0,UTE SAO FRANCISCO EI CL 514,Consumidor Livre,SUDESTE,24.0,0.0
202408.0,2024-08-09,30965.0,UTE SAO FRANCISCO EI CL 514,Consumidor Livre,SUDESTE,24.0,0.0
,2024-08-09,,UTE SAO FRANCISCO EI CL 514,,,24.0,0.0
202408.0,2024-08-10,30965.0,UTE SAO FRANCISCO EI CL 514,Consumidor Livre,SUDESTE,24.0,15.685233
202408.0,2024-08-10,30965.0,UTE SAO FRANCISCO EI CL 514,Consumidor Livre,SUDESTE,24.0,15.685233
,2024-08-10,,UTE SAO FRANCISCO EI CL 514,,,24.0,15.685233
202408.0,2024-08-11,30965.0,UTE SAO FRANCISCO EI CL 514,Consumidor Livre,SUDESTE,24.0,26.842884
202408.0,2024-08-11,30965.0,UTE SAO FRANCISCO EI CL 514,Consumidor Livre,SUDESTE,24.0,26.842884
,2024-08-11,,UTE SAO FRANCISCO EI CL 514,,,24.0,26.842884
202408.0,2024-08-12,30965.0,UTE SAO FRANCISCO EI CL 514,Consumidor Livre,SUDESTE,24.0,16.22726
202408.0,2024-08-12,30965.0,UTE SAO FRANCISCO EI CL 514,Consumidor Livre,SUDESTE,24.0,16.22726
,2024-08-12,,UTE SAO FRANCISCO EI CL 514,,,24.0,16.22726
202408.0,2024-08-13,30965.0,UTE SAO FRANCISCO EI CL 514,Consumidor Livre,SUDESTE,24.0,0.0
202408.0,2024-08-13,30965.0,UTE SAO FRANCISCO EI CL 514,Consumidor Livre,SUDESTE,24.0,0.0
,2024-08-13,,UTE SAO FRANCISCO EI CL 514,,,24.0,0.0
202408.0,2024-08-14,30965.0,UTE SAO FRANCISCO EI CL 514,Consumidor Livre,SUDESTE,24.0,3.231716
202408.0,2024-08-14,30965.0,UTE SAO FRANCISCO EI CL 514,Consumidor Livre,SUDESTE,24.0,3.231716
,2024-08-14,,UTE SAO FRANCISCO EI CL 514,,,24.0,3.231716
202408.0,2024-08-15,30965.0,UTE SAO FRANCISCO EI CL 514,Consumidor Livre,SUDESTE,24.0,0.0
202408.0,2024-08-15,30965.0,UTE SAO FRANCISCO EI CL 514,Consumidor Livre,SUDESTE,24.0,0.0
,2024-08-15,,UTE SAO FRANCISCO EI CL 514,,,24.0,0.0
202408.0,2024-08-16,30965.0,UTE SAO FRANCISCO EI CL 514,Consumidor Livre,SUDESTE,24.0,0.0
202408.0,2024-08-16,30965.0,UTE SAO FRANCISCO EI CL 514,Consumidor Livre,SUDESTE,24.0,0.0
,2024-08-16,,UTE SAO FRANCISCO EI CL 514,,,24.0,0.0
202408.0,2024-08-17,30965.0,UTE SAO FRANCISCO EI CL 514,Consumidor Livre,SUDESTE,24.0,0.5861
202408.0,2024-08-17,30965.0,UTE SAO FRANCISCO EI CL 514,Consumidor Livre,SUDESTE,24.0,0.5861
,2024-08-17,,UTE SAO FRANCISCO EI CL 514,,,24.0,0.5861
202408.0,2024-08-18,30965.0,UTE SAO FRANCISCO EI CL 514,Consumidor Livre,SUDESTE,24.0,9.15868
202408.0,2024-08-18,30965.0,UTE SAO FRANCISCO EI CL 514,Consumidor Livre,SUDESTE,24.0,9.15868
,2024-08-18,,UTE SAO FRANCISCO EI CL 514,,,24.0,9.15868
202408.0,2024-08-19,30965.0,UTE SAO FRANCISCO EI CL 514,Consumidor Livre,SUDESTE,24.0,5.5176
202408.0,2024-08-19,30965.0,UTE SAO FRANCISCO EI CL 514,Consumidor Livre,SUDESTE,24.0,5.5176
,2024-08-19,,UTE SAO FRANCISCO EI CL 514,,,24.0,5.5176
202408.0,2024-08-20,30965.0,UTE SAO FRANCISCO EI CL 514,Consumidor Livre,SUDESTE,24.0,0.0001
202408.0,2024-08-20,30965.0,UTE SAO FRANCISCO EI CL 514,Consumidor Livre,SUDESTE,24.0,0.0001
,2024-08-20,,UTE SAO FRANCISCO EI CL 514,,,24.0,0.0001
202408.0,2024-08-21,30965.0,UTE SAO FRANCISCO EI CL 514,Consumidor Livre,SUDESTE,24.0,3.335896
202408.0,2024-08-21,30965.0,UTE SAO FRANCISCO EI CL 514,Consumidor Livre,SUDESTE,24.0,3.335896
,2024-08-21,,UTE SAO FRANCISCO EI CL 514,,,24.0,3.335896
202408.0,2024-08-22,30965.0,UTE SAO FRANCISCO EI CL 514,Consumidor Livre,SUDESTE,24.0,0.2468
202408.0,2024-08-22,30965.0,UTE SAO FRANCISCO EI CL 514,Consumidor Livre,SUDESTE,24.0,0.2468
,2024-08-22,,UTE SAO FRANCISCO EI CL 514,,,24.0,0.2468
202408.0,2024-08-23,30965.0,UTE SAO FRANCISCO EI CL 514,Consumidor Livre,SUDESTE,24.0,0.0235429999999999
202408.0,2024-08-23,30965.0,UTE SAO FRANCISCO EI CL 514,Consumidor Livre,SUDESTE,24.0,0.0235429999999999
,2024-08-23,,UTE SAO FRANCISCO EI CL 514,,,24.0,0.0235429999999999
202408.0,2024-08-24,30965.0,UTE SAO FRANCISCO EI CL 514,Consumidor Livre,SUDESTE,24.0,19.971023
202408.0,2024-08-24,30965.0,UTE SAO FRANCISCO EI CL 514,Consumidor Livre,SUDESTE,24.0,19.971023
,2024-08-24,,UTE SAO FRANCISCO EI CL 514,,,24.0,19.971023
202408.0,2024-08-25,30965.0,UTE SAO FRANCISCO EI CL 514,Consumidor Livre,SUDESTE,24.0,31.969035
202408.0,2024-08-25,30965.0,UTE SAO FRANCISCO EI CL 514,Consumidor Livre,SUDESTE,24.0,31.969035
,2024-08-25,,UTE SAO FRANCISCO EI CL 514,,,24.0,31.969035
202408.0,2024-08-26,30965.0,UTE SAO FRANCISCO EI CL 514,Consumidor Livre,SUDESTE,24.0,0.0
202408.0,2024-08-26,30965.0,UTE SAO FRANCISCO EI CL 514,Consumidor Livre,SUDESTE,24.0,0.0
,2024-08-26,,UTE SAO FRANCISCO EI CL 514,,,24.0,0.0
202408.0,2024-08-27,30965.0,UTE SAO FRANCISCO EI CL 514,Consumidor Livre,SUDESTE,24.0,0.0
202408.0,2024-08-27,30965.0,UTE SAO FRANCISCO EI CL 514,Consumidor Livre,SUDESTE,24.0,0.0
,2024-08-27,,UTE SAO FRANCISCO EI CL 514,,,24.0,0.0
202408.0,2024-08-28,30965.0,UTE SAO FRANCISCO EI CL 514,Consumidor Livre,SUDESTE,24.0,0.0
202408.0,2024-08-28,30965.0,UTE SAO FRANCISCO EI CL 514,Consumidor Livre,SUDESTE,24.0,0.0
,2024-08-28,,UTE SAO FRANCISCO EI CL 514,,,24.0,0.0
202408.0,2024-08-29,30965.0,UTE SAO FRANCISCO EI CL 514,Consumidor Livre,SUDESTE,24.0,0.0
202408.0,2024-08-29,30965.0,UTE SAO FRANCISCO EI CL 514,Consumidor Livre,SUDESTE,24.0,0.0
,2024-08-29,,UTE SAO FRANCISCO EI CL 514,,,24.0,0.0
202408.0,2024-08-30,30965.0,UTE SAO FRANCISCO EI CL 514,Consumidor Livre,SUDESTE,24.0,0.0
202408.0,2024-08-30,30965.0,UTE SAO FRANCISCO EI CL 514,Consumidor Livre,SUDESTE,24.0,0.0
,2024-08-30,,UTE SAO FRANCISCO EI CL 514,,,24.0,0.0
202408.0,2024-08-31,30965.0,UTE SAO FRANCISCO EI CL 514,Consumidor Livre,SUDESTE,24.0,0.0
202408.0,2024-08-31,30965.0,UTE SAO FRANCISCO EI CL 514,Consumidor Livre,SUDESTE,24.0,0.0
,2024-08-31,,UTE SAO FRANCISCO EI CL 514,,,24.0,0.0
202409.0,2024-09-01,30965.0,UTE SAO FRANCISCO EI CL 514,Consumidor Livre,SUDESTE,24.0,0.0
202409.0,2024-09-01,30965.0,UTE SAO FRANCISCO EI CL 514,Consumidor Livre,SUDESTE,24.0,0.0
,2024-09-01,,UTE SAO FRANCISCO EI CL 514,,,24.0,0.0
202409.0,2024-09-02,30965.0,UTE SAO FRANCISCO EI CL 514,Consumidor Livre,SUDESTE,24.0,0.0
202409.0,2024-09-02,30965.0,UTE SAO FRANCISCO EI CL 514,Consumidor Livre,SUDESTE,24.0,0.0
,2024-09-02,,UTE SAO FRANCISCO EI CL 514,,,24.0,0.0
202409.0,2024-09-03,30965.0,UTE SAO FRANCISCO EI CL 514,Consumidor Livre,SUDESTE,24.0,0.0
202409.0,2024-09-03,30965.0,UTE SAO FRANCISCO EI CL 514,Consumidor Livre,SUDESTE,24.0,0.0
,2024-09-03,,UTE SAO FRANCISCO EI CL 514,,,24.0,0.0
202409.0,2024-09-04,30965.0,UTE SAO FRANCISCO EI CL 514,Consumidor Livre,SUDESTE,24.0,0.0
202409.0,2024-09-04,30965.0,UTE SAO FRANCISCO EI CL 514,Consumidor Livre,SUDESTE,24.0,0.0
,2024-09-04,,UTE SAO FRANCISCO EI CL 514,,,24.0,0.0
202409.0,2024-09-05,30965.0,UTE SAO FRANCISCO EI CL 514,Consumidor Livre,SUDESTE,24.0,0.0
202409.0,2024-09-05,30965.0,UTE SAO FRANCISCO EI CL 514,Consumidor Livre,SUDESTE,24.0,0.0
,2024-09-05,,UTE SAO FRANCISCO EI CL 514,,,24.0,0.0
202409.0,2024-09-06,30965.0,UTE SAO FRANCISCO EI CL 514,Consumidor Livre,SUDESTE,24.0,0.0
202409.0,2024-09-06,30965.0,UTE SAO FRANCISCO EI CL 514,Consumidor Livre,SUDESTE,24.0,0.0
,2024-09-06,,UTE SAO FRANCISCO EI CL 514,,,24.0,0.0
202409.0,2024-09-07,30965.0,UTE SAO FRANCISCO EI CL 514,Consumidor Livre,SUDESTE,24.0,0.0
202409.0,2024-09-07,30965.0,UTE SAO FRANCISCO EI CL 514,Consumidor Livre,SUDESTE,24.0,0.0
,2024-09-07,,UTE SAO FRANCISCO EI CL 514,,,24.0,0.0
202409.0,2024-09-08,30965.0,UTE SAO FRANCISCO EI CL 514,Consumidor Livre,SUDESTE,24.0,0.0
202409.0,2024-09-08,30965.0,UTE SAO FRANCISCO EI CL 514,Consumidor Livre,SUDESTE,24.0,0.0
,2024-09-08,,UTE SAO FRANCISCO EI CL 514,,,24.0,0.0
202409.0,2024-09-09,30965.0,UTE SAO FRANCISCO EI CL 514,Consumidor Livre,SUDESTE,24.0,0.0
202409.0,2024-09-09,30965.0,UTE SAO FRANCISCO EI CL 514,Consumidor Livre,SUDESTE,24.0,0.0
,2024-09-09,,UTE SAO FRANCISCO EI CL 514,,,24.0,0.0
202409.0,2024-09-10,30965.0,UTE SAO FRANCISCO EI CL 514,Consumidor Livre,SUDESTE,24.0,0.0
202409.0,2024-09-10,30965.0,UTE SAO FRANCISCO EI CL 514,Consumidor Livre,SUDESTE,24.0,0.0
,2024-09-10,,UTE SAO FRANCISCO EI CL 514,,,24.0,0.0
202409.0,2024-09-11,30965.0,UTE SAO FRANCISCO EI CL 514,Consumidor Livre,SUDESTE,24.0,0.0
202409.0,2024-09-11,30965.0,UTE SAO FRANCISCO EI CL 514,Consumidor Livre,SUDESTE,24.0,0.0
,2024-09-11,,UTE SAO FRANCISCO EI CL 514,,,24.0,0.0
202409.0,2024-09-12,30965.0,UTE SAO FRANCISCO EI CL 514,Consumidor Livre,SUDESTE,24.0,0.0
202409.0,2024-09-12,30965.0,UTE SAO FRANCISCO EI CL 514,Consumidor Livre,SUDESTE,24.0,0.0
,2024-09-12,,UTE SAO FRANCISCO EI CL 514,,,24.0,0.0
202409.0,2024-09-13,30965.0,UTE SAO FRANCISCO EI CL 514,Consumidor Livre,SUDESTE,24.0,0.0
202409.0,2024-09-13,30965.0,UTE SAO FRANCISCO EI CL 514,Consumidor Livre,SUDESTE,24.0,0.0
,2024-09-13,,UTE SAO FRANCISCO EI CL 514,,,24.0,0.0
202409.0,2024-09-14,30965.0,UTE SAO FRANCISCO EI CL 514,Consumidor Livre,SUDESTE,24.0,0.0
202409.0,2024-09-14,30965.0,UTE SAO FRANCISCO EI CL 514,Consumidor Livre,SUDESTE,24.0,0.0
,2024-09-14,,UTE SAO FRANCISCO EI CL 514,,,24.0,0.0
202409.0,2024-09-15,30965.0,UTE SAO FRANCISCO EI CL 514,Consumidor Livre,SUDESTE,24.0,0.0
202409.0,2024-09-15,30965.0,UTE SAO FRANCISCO EI CL 514,Consumidor Livre,SUDESTE,24.0,0.0
,2024-09-15,,UTE SAO FRANCISCO EI CL 514,,,24.0,0.0
202409.0,2024-09-16,30965.0,UTE SAO FRANCISCO EI CL 514,Consumidor Livre,SUDESTE,24.0,0.0
202409.0,2024-09-16,30965.0,UTE SAO FRANCISCO EI CL 514,Consumidor Livre,SUDESTE,24.0,0.0
,2024-09-16,,UTE SAO FRANCISCO EI CL 514,,,24.0,0.0
202409.0,2024-09-17,30965.0,UTE SAO FRANCISCO EI CL 514,Consumidor Livre,SUDESTE,24.0,0.0
202409.0,2024-09-17,30965.0,UTE SAO FRANCISCO EI CL 514,Consumidor Livre,SUDESTE,24.0,0.0
,2024-09-17,,UTE SAO FRANCISCO EI CL 514,,,24.0,0.0
202409.0,2024-09-18,30965.0,UTE SAO FRANCISCO EI CL 514,Consumidor Livre,SUDESTE,24.0,0.0
202409.0,2024-09-18,30965.0,UTE SAO FRANCISCO EI CL 514,Consumidor Livre,SUDESTE,24.0,0.0
,2024-09-18,,UTE SAO FRANCISCO EI CL 514,,,24.0,0.0
202409.0,2024-09-19,30965.0,UTE SAO FRANCISCO EI CL 514,Consumidor Livre,SUDESTE,24.0,0.0
202409.0,2024-09-19,30965.0,UTE SAO FRANCISCO EI CL 514,Consumidor Livre,SUDESTE,24.0,0.0
,2024-09-19,,UTE SAO FRANCISCO EI CL 514,,,24.0,0.0
202409.0,2024-09-20,30965.0,UTE SAO FRANCISCO EI CL 514,Consumidor Livre,SUDESTE,24.0,0.0
202409.0,2024-09-20,30965.0,UTE SAO FRANCISCO EI CL 514,Consumidor Livre,SUDESTE,24.0,0.0
,2024-09-20,,UTE SAO FRANCISCO EI CL 514,,,24.0,0.0
202409.0,2024-09-21,30965.0,UTE SAO FRANCISCO EI CL 514,Consumidor Livre,SUDESTE,24.0,0.0
202409.0,2024-09-21,30965.0,UTE SAO FRANCISCO EI CL 514,Consumidor Livre,SUDESTE,24.0,0.0
,2024-09-21,,UTE SAO FRANCISCO EI CL 514,,,24.0,0.0
202409.0,2024-09-22,30965.0,UTE SAO FRANCISCO EI CL 514,Consumidor Livre,SUDESTE,24.0,0.0
202409.0,2024-09-22,30965.0,UTE SAO FRANCISCO EI CL 514,Consumidor Livre,SUDESTE,24.0,0.0
,2024-09-22,,UTE SAO FRANCISCO EI CL 514,,,24.0,0.0
202409.0,2024-09-23,30965.0,UTE SAO FRANCISCO EI CL 514,Consumidor Livre,SUDESTE,24.0,0.0
202409.0,2024-09-23,30965.0,UTE SAO FRANCISCO EI CL 514,Consumidor Livre,SUDESTE,24.0,0.0
,2024-09-23,,UTE SAO FRANCISCO EI CL 514,,,24.0,0.0
202409.0,2024-09-24,30965.0,UTE SAO FRANCISCO EI CL 514,Consumidor Livre,SUDESTE,24.0,0.0
202409.0,2024-09-24,30965.0,UTE SAO FRANCISCO EI CL 514,Consumidor Livre,SUDESTE,24.0,0.0
,2024-09-24,,UTE SAO FRANCISCO EI CL 514,,,24.0,0.0
202409.0,2024-09-25,30965.0,UTE SAO FRANCISCO EI CL 514,Consumidor Livre,SUDESTE,24.0,47.567088
202409.0,2024-09-25,30965.0,UTE SAO FRANCISCO EI CL 514,Consumidor Livre,SUDESTE,24.0,47.567088
,2024-09-25,,UTE SAO FRANCISCO EI CL 514,,,24.0,47.567088
202409.0,2024-09-26,30965.0,UTE SAO FRANCISCO EI CL 514,Consumidor Livre,SUDESTE,24.0,0.0
202409.0,2024-09-26,30965.0,UTE SAO FRANCISCO EI CL 514,Consumidor Livre,SUDESTE,24.0,0.0
,2024-09-26,,UTE SAO FRANCISCO EI CL 514,,,24.0,0.0
202409.0,2024-09-27,30965.0,UTE SAO FRANCISCO EI CL 514,Consumidor Livre,SUDESTE,24.0,0.0
202409.0,2024-09-27,30965.0,UTE SAO FRANCISCO EI CL 514,Consumidor Livre,SUDESTE,24.0,0.0
,2024-09-27,,UTE SAO FRANCISCO EI CL 514,,,24.0,0.0
202409.0,2024-09-28,30965.0,UTE SAO FRANCISCO EI CL 514,Consumidor Livre,SUDESTE,24.0,0.0
202409.0,2024-09-28,30965.0,UTE SAO FRANCISCO EI CL 514,Consumidor Livre,SUDESTE,24.0,0.0
,2024-09-28,,UTE SAO FRANCISCO EI CL 514,,,24.0,0.0
202409.0,2024-09-29,30965.0,UTE SAO FRANCISCO EI CL 514,Consumidor Livre,SUDESTE,24.0,0.0
202409.0,2024-09-29,30965.0,UTE SAO FRANCISCO EI CL 514,Consumidor Livre,SUDESTE,24.0,0.0
,2024-09-29,,UTE SAO FRANCISCO EI CL 514,,,24.0,0.0
202409.0,2024-09-30,30965.0,UTE SAO FRANCISCO EI CL 514,Consumidor Livre,SUDESTE,24.0,0.0
202409.0,2024-09-30,30965.0,UTE SAO FRANCISCO EI CL 514,Consumidor Livre,SUDESTE,24.0,0.0
,2024-09-30,,UTE SAO FRANCISCO EI CL 514,,,24.0,0.0
202410.0,2024-10-01,30965.0,UTE SAO FRANCISCO EI CL 514,Consumidor Livre,SUDESTE,24.0,0.0
202410.0,2024-10-01,30965.0,UTE SAO FRANCISCO EI CL 514,Consumidor Livre,SUDESTE,24.0,0.0
,2024-10-01,,UTE SAO FRANCISCO EI CL 514,,,24.0,0.0
202410.0,2024-10-02,30965.0,UTE SAO FRANCISCO EI CL 514,Consumidor Livre,SUDESTE,24.0,0.0
202410.0,2024-10-02,30965.0,UTE SAO FRANCISCO EI CL 514,Consumidor Livre,SUDESTE,24.0,0.0
,2024-10-02,,UTE SAO FRANCISCO EI CL 514,,,24.0,0.0
202410.0,2024-10-03,30965.0,UTE SAO FRANCISCO EI CL 514,Consumidor Livre,SUDESTE,24.0,0.0
202410.0,2024-10-03,30965.0,UTE SAO FRANCISCO EI CL 514,Consumidor Livre,SUDESTE,24.0,0.0
,2024-10-03,,UTE SAO FRANCISCO EI CL 514,,,24.0,0.0
202410.0,2024-10-04,30965.0,UTE SAO FRANCISCO EI CL 514,Consumidor Livre,SUDESTE,24.0,0.0
202410.0,2024-10-04,30965.0,UTE SAO FRANCISCO EI CL 514,Consumidor Livre,SUDESTE,24.0,0.0
,2024-10-04,,UTE SAO FRANCISCO EI CL 514,,,24.0,0.0
202410.0,2024-10-05,30965.0,UTE SAO FRANCISCO EI CL 514,Consumidor Livre,SUDESTE,24.0,0.0
202410.0,2024-10-05,30965.0,UTE SAO FRANCISCO EI CL 514,Consumidor Livre,SUDESTE,24.0,0.0
,2024-10-05,,UTE SAO FRANCISCO EI CL 514,,,24.0,0.0
202410.0,2024-10-06,30965.0,UTE SAO FRANCISCO EI CL 514,Consumidor Livre,SUDESTE,24.0,0.0
202410.0,2024-10-06,30965.0,UTE SAO FRANCISCO EI CL 514,Consumidor Livre,SUDESTE,24.0,0.0
,2024-10-06,,UTE SAO FRANCISCO EI CL 514,,,24.0,0.0
202410.0,2024-10-07,30965.0,UTE SAO FRANCISCO EI CL 514,Consumidor Livre,SUDESTE,24.0,0.0
202410.0,2024-10-07,30965.0,UTE SAO FRANCISCO EI CL 514,Consumidor Livre,SUDESTE,24.0,0.0
,2024-10-07,,UTE SAO FRANCISCO EI CL 514,,,24.0,0.0
202410.0,2024-10-08,30965.0,UTE SAO FRANCISCO EI CL 514,Consumidor Livre,SUDESTE,24.0,0.0
202410.0,2024-10-08,30965.0,UTE SAO FRANCISCO EI CL 514,Consumidor Livre,SUDESTE,24.0,0.0
,2024-10-08,,UTE SAO FRANCISCO EI CL 514,,,24.0,0.0
202410.0,2024-10-09,30965.0,UTE SAO FRANCISCO EI CL 514,Consumidor Livre,SUDESTE,24.0,0.0
202410.0,2024-10-09,30965.0,UTE SAO FRANCISCO EI CL 514,Consumidor Livre,SUDESTE,24.0,0.0
,2024-10-09,,UTE SAO FRANCISCO EI CL 514,,,24.0,0.0
202410.0,2024-10-10,30965.0,UTE SAO FRANCISCO EI CL 514,Consumidor Livre,SUDESTE,24.0,0.0
202410.0,2024-10-10,30965.0,UTE SAO FRANCISCO EI CL 514,Consumidor Livre,SUDESTE,24.0,0.0
,2024-10-10,,UTE SAO FRANCISCO EI CL 514,,,24.0,0.0
202410.0,2024-10-11,30965.0,UTE SAO FRANCISCO EI CL 514,Consumidor Livre,SUDESTE,24.0,0.0
202410.0,2024-10-11,30965.0,UTE SAO FRANCISCO EI CL 514,Consumidor Livre,SUDESTE,24.0,0.0
,2024-10-11,,UTE SAO FRANCISCO EI CL 514,,,24.0,0.0
202410.0,2024-10-12,30965.0,UTE SAO FRANCISCO EI CL 514,Consumidor Livre,SUDESTE,24.0,20.508526
202410.0,2024-10-12,30965.0,UTE SAO FRANCISCO EI CL 514,Consumidor Livre,SUDESTE,24.0,20.508526
,2024-10-12,,UTE SAO FRANCISCO EI CL 514,,,24.0,20.508526
202410.0,2024-10-13,30965.0,UTE SAO FRANCISCO EI CL 514,Consumidor Livre,SUDESTE,24.0,18.758835
202410.0,2024-10-13,30965.0,UTE SAO FRANCISCO EI CL 514,Consumidor Livre,SUDESTE,24.0,18.758835
,2024-10-13,,UTE SAO FRANCISCO EI CL 514,,,24.0,18.758835
202410.0,2024-10-14,30965.0,UTE SAO FRANCISCO EI CL 514,Consumidor Livre,SUDESTE,24.0,0.0
202410.0,2024-10-14,30965.0,UTE SAO FRANCISCO EI CL 514,Consumidor Livre,SUDESTE,24.0,0.0
,2024-10-14,,UTE SAO FRANCISCO EI CL 514,,,24.0,0.0
202410.0,2024-10-15,30965.0,UTE SAO FRANCISCO EI CL 514,Consumidor Livre,SUDESTE,24.0,0.0
202410.0,2024-10-15,30965.0,UTE SAO FRANCISCO EI CL 514,Consumidor Livre,SUDESTE,24.0,0.0
,2024-10-15,,UTE SAO FRANCISCO EI CL 514,,,24.0,0.0
202410.0,2024-10-16,30965.0,UTE SAO FRANCISCO EI CL 514,Consumidor Livre,SUDESTE,24.0,0.0
202410.0,2024-10-16,30965.0,UTE SAO FRANCISCO EI CL 514,Consumidor Livre,SUDESTE,24.0,0.0
,2024-10-16,,UTE SAO FRANCISCO EI CL 514,,,24.0,0.0
202410.0,2024-10-17,30965.0,UTE SAO FRANCISCO EI CL 514,Consumidor Livre,SUDESTE,24.0,0.0
202410.0,2024-10-17,30965.0,UTE SAO FRANCISCO EI CL 514,Consumidor Livre,SUDESTE,24.0,0.0
,2024-10-17,,UTE SAO FRANCISCO EI CL 514,,,24.0,0.0
202410.0,2024-10-18,30965.0,UTE SAO FRANCISCO EI CL 514,Consumidor Livre,SUDESTE,24.0,0.0
202410.0,2024-10-18,30965.0,UTE SAO FRANCISCO EI CL 514,Consumidor Livre,SUDESTE,24.0,0.0
,2024-10-18,,UTE SAO FRANCISCO EI CL 514,,,24.0,0.0
202410.0,2024-10-19,30965.0,UTE SAO FRANCISCO EI CL 514,Consumidor Livre,SUDESTE,24.0,0.0
202410.0,2024-10-19,30965.0,UTE SAO FRANCISCO EI CL 514,Consumidor Livre,SUDESTE,24.0,0.0
,2024-10-19,,UTE SAO FRANCISCO EI CL 514,,,24.0,0.0
202410.0,2024-10-20,30965.0,UTE SAO FRANCISCO EI CL 514,Consumidor Livre,SUDESTE,24.0,19.696355
202410.0,2024-10-20,30965.0,UTE SAO FRANCISCO EI CL 514,Consumidor Livre,SUDESTE,24.0,19.696355
,2024-10-20,,UTE SAO FRANCISCO EI CL 514,,,24.0,19.696355
202410.0,2024-10-21,30965.0,UTE SAO FRANCISCO EI CL 514,Consumidor Livre,SUDESTE,24.0,29.814016
202410.0,2024-10-21,30965.0,UTE SAO FRANCISCO EI CL 514,Consumidor Livre,SUDESTE,24.0,29.814016
,2024-10-21,,UTE SAO FRANCISCO EI CL 514,,,24.0,29.814016
202410.0,2024-10-22,30965.0,UTE SAO FRANCISCO EI CL 514,Consumidor Livre,SUDESTE,24.0,29.553654
202410.0,2024-10-22,30965.0,UTE SAO FRANCISCO EI CL 514,Consumidor Livre,SUDESTE,24.0,29.553654
,2024-10-22,,UTE SAO FRANCISCO EI CL 514,,,24.0,29.553654
202410.0,2024-10-23,30965.0,UTE SAO FRANCISCO EI CL 514,Consumidor Livre,SUDESTE,24.0,23.205617
202410.0,2024-10-23,30965.0,UTE SAO FRANCISCO EI CL 514,Consumidor Livre,SUDESTE,24.0,23.205617
,2024-10-23,,UTE SAO FRANCISCO EI CL 514,,,24.0,23.205617
202410.0,2024-10-24,30965.0,UTE SAO FRANCISCO EI CL 514,Consumidor Livre,SUDESTE,24.0,21.397764
202410.0,2024-10-24,30965.0,UTE SAO FRANCISCO EI CL 514,Consumidor Livre,SUDESTE,24.0,21.397764
,2024-10-24,,UTE SAO FRANCISCO EI CL 514,,,24.0,21.397764
202410.0,2024-10-25,30965.0,UTE SAO FRANCISCO EI CL 514,Consumidor Livre,SUDESTE,24.0,30.481895
202410.0,2024-10-25,30965.0,UTE SAO FRANCISCO EI CL 514,Consumidor Livre,SUDESTE,24.0,30.481895
,2024-10-25,,UTE SAO FRANCISCO EI CL 514,,,24.0,30.481895
202410.0,2024-10-26,30965.0,UTE SAO FRANCISCO EI CL 514,Consumidor Livre,SUDESTE,24.0,0.0
202410.0,2024-10-26,30965.0,UTE SAO FRANCISCO EI CL 514,Consumidor Livre,SUDESTE,24.0,0.0
,2024-10-26,,UTE SAO FRANCISCO EI CL 514,,,24.0,0.0
202410.0,2024-10-27,30965.0,UTE SAO FRANCISCO EI CL 514,Consumidor Livre,SUDESTE,24.0,11.496235
202410.0,2024-10-27,30965.0,UTE SAO FRANCISCO EI CL 514,Consumidor Livre,SUDESTE,24.0,11.496235
,2024-10-27,,UTE SAO FRANCISCO EI CL 514,,,24.0,11.496235
202410.0,2024-10-28,30965.0,UTE SAO FRANCISCO EI CL 514,Consumidor Livre,SUDESTE,24.0,16.909183
202410.0,2024-10-28,30965.0,UTE SAO FRANCISCO EI CL 514,Consumidor Livre,SUDESTE,24.0,16.909183
,2024-10-28,,UTE SAO FRANCISCO EI CL 514,,,24.0,16.909183
202410.0,2024-10-29,30965.0,UTE SAO FRANCISCO EI CL 514,Consumidor Livre,SUDESTE,24.0,15.685227
202410.0,2024-10-29,30965.0,UTE SAO FRANCISCO EI CL 514,Consumidor Livre,SUDESTE,24.0,15.685227
,2024-10-29,,UTE SAO FRANCISCO EI CL 514,,,24.0,15.685227
202410.0,2024-10-30,30965.0,UTE SAO FRANCISCO EI CL 514,Consumidor Livre,SUDESTE,24.0,14.624134
202410.0,2024-10-30,30965.0,UTE SAO FRANCISCO EI CL 514,Consumidor Livre,SUDESTE,24.0,14.624134
,2024-10-30,,UTE SAO FRANCISCO EI CL 514,,,24.0,14.624134
202410.0,2024-10-31,30965.0,UTE SAO FRANCISCO EI CL 514,Consumidor Livre,SUDESTE,24.0,13.896436
202410.0,2024-10-31,30965.0,UTE SAO FRANCISCO EI CL 514,Consumidor Livre,SUDESTE,24.0,13.896436
,2024-10-31,,UTE SAO FRANCISCO EI CL 514,,,24.0,13.896436
202411.0,2024-11-01,30965.0,UTE SAO FRANCISCO EI CL 514,Consumidor Livre,SUDESTE,24.0,14.363052
202411.0,2024-11-01,30965.0,UTE SAO FRANCISCO EI CL 514,Consumidor Livre,SUDESTE,24.0,14.363052
,2024-11-01,,UTE SAO FRANCISCO EI CL 514,,,24.0,14.363052
202411.0,2024-11-02,30965.0,UTE SAO FRANCISCO EI CL 514,Consumidor Livre,SUDESTE,24.0,10.328645
202411.0,2024-11-02,30965.0,UTE SAO FRANCISCO EI CL 514,Consumidor Livre,SUDESTE,24.0,10.328645
,2024-11-02,,UTE SAO FRANCISCO EI CL 514,,,24.0,10.328645
202411.0,2024-11-03,30965.0,UTE SAO FRANCISCO EI CL 514,Consumidor Livre,SUDESTE,24.0,7.157701
202411.0,2024-11-03,30965.0,UTE SAO FRANCISCO EI CL 514,Consumidor Livre,SUDESTE,24.0,7.157701
,2024-11-03,,UTE SAO FRANCISCO EI CL 514,,,24.0,7.157701
202411.0,2024-11-04,30965.0,UTE SAO FRANCISCO EI CL 514,Consumidor Livre,SUDESTE,24.0,12.525561
202411.0,2024-11-04,30965.0,UTE SAO FRANCISCO EI CL 514,Consumidor Livre,SUDESTE,24.0,12.525561
,2024-11-04,,UTE SAO FRANCISCO EI CL 514,,,24.0,12.525561
202411.0,2024-11-05,30965.0,UTE SAO FRANCISCO EI CL 514,Consumidor Livre,SUDESTE,24.0,13.32519
202411.0,2024-11-05,30965.0,UTE SAO FRANCISCO EI CL 514,Consumidor Livre,SUDESTE,24.0,13.32519
,2024-11-05,,UTE SAO FRANCISCO EI CL 514,,,24.0,13.32519
202411.0,2024-11-06,30965.0,UTE SAO FRANCISCO EI CL 514,Consumidor Livre,SUDESTE,24.0,11.948598
202411.0,2024-11-06,30965.0,UTE SAO FRANCISCO EI CL 514,Consumidor Livre,SUDESTE,24.0,11.948598
,2024-11-06,,UTE SAO FRANCISCO EI CL 514,,,24.0,11.948598
202411.0,2024-11-07,30965.0,UTE SAO FRANCISCO EI CL 514,Consumidor Livre,SUDESTE,24.0,12.642874
202411.0,2024-11-07,30965.0,UTE SAO FRANCISCO EI CL 514,Consumidor Livre,SUDESTE,24.0,12.642874
,2024-11-07,,UTE SAO FRANCISCO EI CL 514,,,24.0,12.642874
202411.0,2024-11-08,30965.0,UTE SAO FRANCISCO EI CL 514,Consumidor Livre,SUDESTE,24.0,11.919192
202411.0,2024-11-08,30965.0,UTE SAO FRANCISCO EI CL 514,Consumidor Livre,SUDESTE,24.0,11.919192
,2024-11-08,,UTE SAO FRANCISCO EI CL 514,,,24.0,11.919192
202411.0,2024-11-09,30965.0,UTE SAO FRANCISCO EI CL 514,Consumidor Livre,SUDESTE,24.0,10.194599
202411.0,2024-11-09,30965.0,UTE SAO FRANCISCO EI CL 514,Consumidor Livre,SUDESTE,24.0,10.194599
,2024-11-09,,UTE SAO FRANCISCO EI CL 514,,,24.0,10.194599
202411.0,2024-11-10,30965.0,UTE SAO FRANCISCO EI CL 514,Consumidor Livre,SUDESTE,24.0,8.470279
202411.0,2024-11-10,30965.0,UTE SAO FRANCISCO EI CL 514,Consumidor Livre,SUDESTE,24.0,8.470279
,2024-11-10,,UTE SAO FRANCISCO EI CL 514,,,24.0,8.470279
202411.0,2024-11-11,30965.0,UTE SAO FRANCISCO EI CL 514,Consumidor Livre,SUDESTE,24.0,10.771175
202411.0,2024-11-11,30965.0,UTE SAO FRANCISCO EI CL 514,Consumidor Livre,SUDESTE,24.0,10.771175
,2024-11-11,,UTE SAO FRANCISCO EI CL 514,,,24.0,10.771175
202411.0,2024-11-12,30965.0,UTE SAO FRANCISCO EI CL 514,Consumidor Livre,SUDESTE,24.0,11.605156
202411.0,2024-11-12,30965.0,UTE SAO FRANCISCO EI CL 514,Consumidor Livre,SUDESTE,24.0,11.605156
,2024-11-12,,UTE SAO FRANCISCO EI CL 514,,,24.0,11.605156
202411.0,2024-11-13,30965.0,UTE SAO FRANCISCO EI CL 514,Consumidor Livre,SUDESTE,24.0,11.530833
202411.0,2024-11-13,30965.0,UTE SAO FRANCISCO EI CL 514,Consumidor Livre,SUDESTE,24.0,11.530833
,2024-11-13,,UTE SAO FRANCISCO EI CL 514,,,24.0,11.530833
202411.0,2024-11-14,30965.0,UTE SAO FRANCISCO EI CL 514,Consumidor Livre,SUDESTE,24.0,11.318478
202411.0,2024-11-14,30965.0,UTE SAO FRANCISCO EI CL 514,Consumidor Livre,SUDESTE,24.0,11.318478
,2024-11-14,,UTE SAO FRANCISCO EI CL 514,,,24.0,11.318478
202411.0,2024-11-15,30965.0,UTE SAO FRANCISCO EI CL 514,Consumidor Livre,SUDESTE,24.0,9.076977
202411.0,2024-11-15,30965.0,UTE SAO FRANCISCO EI CL 514,Consumidor Livre,SUDESTE,24.0,9.076977
,2024-11-15,,UTE SAO FRANCISCO EI CL 514,,,24.0,9.076977
202411.0,2024-11-16,30965.0,UTE SAO FRANCISCO EI CL 514,Consumidor Livre,SUDESTE,24.0,8.471791
202411.0,2024-11-16,30965.0,UTE SAO FRANCISCO EI CL 514,Consumidor Livre,SUDESTE,24.0,8.471791
,2024-11-16,,UTE SAO FRANCISCO EI CL 514,,,24.0,8.471791
202411.0,2024-11-17,30965.0,UTE SAO FRANCISCO EI CL 514,Consumidor Livre,SUDESTE,24.0,5.941015
202411.0,2024-11-17,30965.0,UTE SAO FRANCISCO EI CL 514,Consumidor Livre,SUDESTE,24.0,5.941015
,2024-11-17,,UTE SAO FRANCISCO EI CL 514,,,24.0,5.941015
202411.0,2024-11-18,30965.0,UTE SAO FRANCISCO EI CL 514,Consumidor Livre,SUDESTE,24.0,9.646618
202411.0,2024-11-18,30965.0,UTE SAO FRANCISCO EI CL 514,Consumidor Livre,SUDESTE,24.0,9.646618
,2024-11-18,,UTE SAO FRANCISCO EI CL 514,,,24.0,9.646618
202411.0,2024-11-19,30965.0,UTE SAO FRANCISCO EI CL 514,Consumidor Livre,SUDESTE,24.0,10.655001
202411.0,2024-11-19,30965.0,UTE SAO FRANCISCO EI CL 514,Consumidor Livre,SUDESTE,24.0,10.655001
,2024-11-19,,UTE SAO FRANCISCO EI CL 514,,,24.0,10.655001
202411.0,2024-11-20,30965.0,UTE SAO FRANCISCO EI CL 514,Consumidor Livre,SUDESTE,24.0,8.360369
202411.0,2024-11-20,30965.0,UTE SAO FRANCISCO EI CL 514,Consumidor Livre,SUDESTE,24.0,8.360369
,2024-11-20,,UTE SAO FRANCISCO EI CL 514,,,24.0,8.360369
202411.0,2024-11-21,30965.0,UTE SAO FRANCISCO EI CL 514,Consumidor Livre,SUDESTE,24.0,10.837068
202411.0,2024-11-21,30965.0,UTE SAO FRANCISCO EI CL 514,Consumidor Livre,SUDESTE,24.0,10.837068
,2024-11-21,,UTE SAO FRANCISCO EI CL 514,,,24.0,10.837068
202411.0,2024-11-22,30965.0,UTE SAO FRANCISCO EI CL 514,Consumidor Livre,SUDESTE,24.0,10.349914
202411.0,2024-11-22,30965.0,UTE SAO FRANCISCO EI CL 514,Consumidor Livre,SUDESTE,24.0,10.349914
,2024-11-22,,UTE SAO FRANCISCO EI CL 514,,,24.0,10.349914
202411.0,2024-11-23,30965.0,UTE SAO FRANCISCO EI CL 514,Consumidor Livre,SUDESTE,24.0,7.908671
202411.0,2024-11-23,30965.0,UTE SAO FRANCISCO EI CL 514,Consumidor Livre,SUDESTE,24.0,7.908671
,2024-11-23,,UTE SAO FRANCISCO EI CL 514,,,24.0,7.908671
202411.0,2024-11-24,30965.0,UTE SAO FRANCISCO EI CL 514,Consumidor Livre,SUDESTE,24.0,5.756298
202411.0,2024-11-24,30965.0,UTE SAO FRANCISCO EI CL 514,Consumidor Livre,SUDESTE,24.0,5.756298
,2024-11-24,,UTE SAO FRANCISCO EI CL 514,,,24.0,5.756298
202411.0,2024-11-25,30965.0,UTE SAO FRANCISCO EI CL 514,Consumidor Livre,SUDESTE,24.0,9.926833
202411.0,2024-11-25,30965.0,UTE SAO FRANCISCO EI CL 514,Consumidor Livre,SUDESTE,24.0,9.926833
,2024-11-25,,UTE SAO FRANCISCO EI CL 514,,,24.0,9.926833
202411.0,2024-11-26,30965.0,UTE SAO FRANCISCO EI CL 514,Consumidor Livre,SUDESTE,24.0,11.056381
202411.0,2024-11-26,30965.0,UTE SAO FRANCISCO EI CL 514,Consumidor Livre,SUDESTE,24.0,11.056381
,2024-11-26,,UTE SAO FRANCISCO EI CL 514,,,24.0,11.056381
202411.0,2024-11-27,30965.0,UTE SAO FRANCISCO EI CL 514,Consumidor Livre,SUDESTE,24.0,10.813445
202411.0,2024-11-27,30965.0,UTE SAO FRANCISCO EI CL 514,Consumidor Livre,SUDESTE,24.0,10.813445
,2024-11-27,,UTE SAO FRANCISCO EI CL 514,,,24.0,10.813445
202411.0,2024-11-28,30965.0,UTE SAO FRANCISCO EI CL 514,Consumidor Livre,SUDESTE,24.0,11.28681
202411.0,2024-11-28,30965.0,UTE SAO FRANCISCO EI CL 514,Consumidor Livre,SUDESTE,24.0,11.28681
,2024-11-28,,UTE SAO FRANCISCO EI CL 514,,,24.0,11.28681
202411.0,2024-11-29,30965.0,UTE SAO FRANCISCO EI CL 514,Consumidor Livre,SUDESTE,24.0,10.609477
202411.0,2024-11-29,30965.0,UTE SAO FRANCISCO EI CL 514,Consumidor Livre,SUDESTE,24.0,10.609477
,2024-11-29,,UTE SAO FRANCISCO EI CL 514,,,24.0,10.609477
202411.0,2024-11-30,30965.0,UTE SAO FRANCISCO EI CL 514,Consumidor Livre,SUDESTE,24.0,7.933088
202411.0,2024-11-30,30965.0,UTE SAO FRANCISCO EI CL 514,Consumidor Livre,SUDESTE,24.0,7.933088
,2024-11-30,,UTE SAO FRANCISCO EI CL 514,,,24.0,7.933088
202412.0,2024-12-01,30965.0,UTE SAO FRANCISCO EI CL 514,Consumidor Livre,SUDESTE,24.0,5.334895
202412.0,2024-12-01,30965.0,UTE SAO FRANCISCO EI CL 514,Consumidor Livre,SUDESTE,24.0,5.334895
,2024-12-01,,UTE SAO FRANCISCO EI CL 514,,,24.0,5.334895
202412.0,2024-12-02,30965.0,UTE SAO FRANCISCO EI CL 514,Consumidor Livre,SUDESTE,24.0,9.94531
202412.0,2024-12-02,30965.0,UTE SAO FRANCISCO EI CL 514,Consumidor Livre,SUDESTE,24.0,9.94531
,2024-12-02,,UTE SAO FRANCISCO EI CL 514,,,24.0,9.94531
202412.0,2024-12-03,30965.0,UTE SAO FRANCISCO EI CL 514,Consumidor Livre,SUDESTE,24.0,10.721116
202412.0,2024-12-03,30965.0,UTE SAO FRANCISCO EI CL 514,Consumidor Livre,SUDESTE,24.0,10.721116
,2024-12-03,,UTE SAO FRANCISCO EI CL 514,,,24.0,10.721116
202412.0,2024-12-04,30965.0,UTE SAO FRANCISCO EI CL 514,Consumidor Livre,SUDESTE,24.0,9.694781
202412.0,2024-12-04,30965.0,UTE SAO FRANCISCO EI CL 514,Consumidor Livre,SUDESTE,24.0,9.694781
,2024-12-04,,UTE SAO FRANCISCO EI CL 514,,,24.0,9.694781
202412.0,2024-12-05,30965.0,UTE SAO FRANCISCO EI CL 514,Consumidor Livre,SUDESTE,24.0,9.037699
202412.0,2024-12-05,30965.0,UTE SAO FRANCISCO EI CL 514,Consumidor Livre,SUDESTE,24.0,9.037699
,2024-12-05,,UTE SAO FRANCISCO EI CL 514,,,24.0,9.037699
202412.0,2024-12-06,30965.0,UTE SAO FRANCISCO EI CL 514,Consumidor Livre,SUDESTE,24.0,8.146638
202412.0,2024-12-06,30965.0,UTE SAO FRANCISCO EI CL 514,Consumidor Livre,SUDESTE,24.0,8.146638
,2024-12-06,,UTE SAO FRANCISCO EI CL 514,,,24.0,8.146638
202412.0,2024-12-07,30965.0,UTE SAO FRANCISCO EI CL 514,Consumidor Livre,SUDESTE,24.0,8.16677
202412.0,2024-12-07,30965.0,UTE SAO FRANCISCO EI CL 514,Consumidor Livre,SUDESTE,24.0,8.16677
,2024-12-07,,UTE SAO FRANCISCO EI CL 514,,,24.0,8.16677
202412.0,2024-12-08,30965.0,UTE SAO FRANCISCO EI CL 514,Consumidor Livre,SUDESTE,24.0,6.011347
202412.0,2024-12-08,30965.0,UTE SAO FRANCISCO EI CL 514,Consumidor Livre,SUDESTE,24.0,6.011347
,2024-12-08,,UTE SAO FRANCISCO EI CL 514,,,24.0,6.011347
202412.0,2024-12-09,30965.0,UTE SAO FRANCISCO EI CL 514,Consumidor Livre,SUDESTE,24.0,9.369956
202412.0,2024-12-09,30965.0,UTE SAO FRANCISCO EI CL 514,Consumidor Livre,SUDESTE,24.0,9.369956
,2024-12-09,,UTE SAO FRANCISCO EI CL 514,,,24.0,9.369956
202412.0,2024-12-10,30965.0,UTE SAO FRANCISCO EI CL 514,Consumidor Livre,SUDESTE,24.0,10.282128
202412.0,2024-12-10,30965.0,UTE SAO FRANCISCO EI CL 514,Consumidor Livre,SUDESTE,24.0,10.282128
,2024-12-10,,UTE SAO FRANCISCO EI CL 514,,,24.0,10.282128
202412.0,2024-12-11,30965.0,UTE SAO FRANCISCO EI CL 514,Consumidor Livre,SUDESTE,24.0,9.542931
202412.0,2024-12-11,30965.0,UTE SAO FRANCISCO EI CL 514,Consumidor Livre,SUDESTE,24.0,9.542931
,2024-12-11,,UTE SAO FRANCISCO EI CL 514,,,24.0,9.542931
202412.0,2024-12-12,30965.0,UTE SAO FRANCISCO EI CL 514,Consumidor Livre,SUDESTE,24.0,9.294837
202412.0,2024-12-12,30965.0,UTE SAO FRANCISCO EI CL 514,Consumidor Livre,SUDESTE,24.0,9.294837
,2024-12-12,,UTE SAO FRANCISCO EI CL 514,,,24.0,9.294837
202412.0,2024-12-13,30965.0,UTE SAO FRANCISCO EI CL 514,Consumidor Livre,SUDESTE,24.0,9.186739
202412.0,2024-12-13,30965.0,UTE SAO FRANCISCO EI CL 514,Consumidor Livre,SUDESTE,24.0,9.186739
,2024-12-13,,UTE SAO FRANCISCO EI CL 514,,,24.0,9.186739
202412.0,2024-12-14,30965.0,UTE SAO FRANCISCO EI CL 514,Consumidor Livre,SUDESTE,24.0,7.843387
202412.0,2024-12-14,30965.0,UTE SAO FRANCISCO EI CL 514,Consumidor Livre,SUDESTE,24.0,7.843387
,2024-12-14,,UTE SAO FRANCISCO EI CL 514,,,24.0,7.843387
202412.0,2024-12-15,30965.0,UTE SAO FRANCISCO EI CL 514,Consumidor Livre,SUDESTE,24.0,5.686661
202412.0,2024-12-15,30965.0,UTE SAO FRANCISCO EI CL 514,Consumidor Livre,SUDESTE,24.0,5.686661
,2024-12-15,,UTE SAO FRANCISCO EI CL 514,,,24.0,5.686661
202412.0,2024-12-16,30965.0,UTE SAO FRANCISCO EI CL 514,Consumidor Livre,SUDESTE,24.0,8.39286
202412.0,2024-12-16,30965.0,UTE SAO FRANCISCO EI CL 514,Consumidor Livre,SUDESTE,24.0,8.39286
,2024-12-16,,UTE SAO FRANCISCO EI CL 514,,,24.0,8.39286
202412.0,2024-12-17,30965.0,UTE SAO FRANCISCO EI CL 514,Consumidor Livre,SUDESTE,24.0,9.195918
202412.0,2024-12-17,30965.0,UTE SAO FRANCISCO EI CL 514,Consumidor Livre,SUDESTE,24.0,9.195918
,2024-12-17,,UTE SAO FRANCISCO EI CL 514,,,24.0,9.195918
202412.0,2024-12-18,30965.0,UTE SAO FRANCISCO EI CL 514,Consumidor Livre,SUDESTE,24.0,8.554706
202412.0,2024-12-18,30965.0,UTE SAO FRANCISCO EI CL 514,Consumidor Livre,SUDESTE,24.0,8.554706
,2024-12-18,,UTE SAO FRANCISCO EI CL 514,,,24.0,8.554706
202412.0,2024-12-19,30965.0,UTE SAO FRANCISCO EI CL 514,Consumidor Livre,SUDESTE,24.0,9.169896
202412.0,2024-12-19,30965.0,UTE SAO FRANCISCO EI CL 514,Consumidor Livre,SUDESTE,24.0,9.169896
,2024-12-19,,UTE SAO FRANCISCO EI CL 514,,,24.0,9.169896
202412.0,2024-12-20,30965.0,UTE SAO FRANCISCO EI CL 514,Consumidor Livre,SUDESTE,24.0,9.669474
202412.0,2024-12-20,30965.0,UTE SAO FRANCISCO EI CL 514,Consumidor Livre,SUDESTE,24.0,9.669474
,2024-12-20,,UTE SAO FRANCISCO EI CL 514,,,24.0,9.669474
202412.0,2024-12-21,30965.0,UTE SAO FRANCISCO EI CL 514,Consumidor Livre,SUDESTE,24.0,8.628441
202412.0,2024-12-21,30965.0,UTE SAO FRANCISCO EI CL 514,Consumidor Livre,SUDESTE,24.0,8.628441
,2024-12-21,,UTE SAO FRANCISCO EI CL 514,,,24.0,8.628441
202412.0,2024-12-22,30965.0,UTE SAO FRANCISCO EI CL 514,Consumidor Livre,SUDESTE,24.0,6.003728
202412.0,2024-12-22,30965.0,UTE SAO FRANCISCO EI CL 514,Consumidor Livre,SUDESTE,24.0,6.003728
,2024-12-22,,UTE SAO FRANCISCO EI CL 514,,,24.0,6.003728
202412.0,2024-12-23,30965.0,UTE SAO FRANCISCO EI CL 514,Consumidor Livre,SUDESTE,24.0,7.927486
202412.0,2024-12-23,30965.0,UTE SAO FRANCISCO EI CL 514,Consumidor Livre,SUDESTE,24.0,7.927486
,2024-12-23,,UTE SAO FRANCISCO EI CL 514,,,24.0,7.927486
202412.0,2024-12-24,30965.0,UTE SAO FRANCISCO EI CL 514,Consumidor Livre,SUDESTE,24.0,6.661264
202412.0,2024-12-24,30965.0,UTE SAO FRANCISCO EI CL 514,Consumidor Livre,SUDESTE,24.0,6.661264
,2024-12-24,,UTE SAO FRANCISCO EI CL 514,,,24.0,6.661264
202412.0,2024-12-25,30965.0,UTE SAO FRANCISCO EI CL 514,Consumidor Livre,SUDESTE,24.0,4.992578
202412.0,2024-12-25,30965.0,UTE SAO FRANCISCO EI CL 514,Consumidor Livre,SUDESTE,24.0,4.992578
,2024-12-25,,UTE SAO FRANCISCO EI CL 514,,,24.0,4.992578
202412.0,2024-12-26,30965.0,UTE SAO FRANCISCO EI CL 514,Consumidor Livre,SUDESTE,24.0,8.279564
202412.0,2024-12-26,30965.0,UTE SAO FRANCISCO EI CL 514,Consumidor Livre,SUDESTE,24.0,8.279564
,2024-12-26,,UTE SAO FRANCISCO EI CL 514,,,24.0,8.279564
202412.0,2024-12-27,30965.0,UTE SAO FRANCISCO EI CL 514,Consumidor Livre,SUDESTE,24.0,8.872799
202412.0,2024-12-27,30965.0,UTE SAO FRANCISCO EI CL 514,Consumidor Livre,SUDESTE,24.0,8.872799
,2024-12-27,,UTE SAO FRANCISCO EI CL 514,,,24.0,8.872799
202412.0,2024-12-28,30965.0,UTE SAO FRANCISCO EI CL 514,Consumidor Livre,SUDESTE,24.0,8.083304
202412.0,2024-12-28,30965.0,UTE SAO FRANCISCO EI CL 514,Consumidor Livre,SUDESTE,24.0,8.083304
,2024-12-28,,UTE SAO FRANCISCO EI CL 514,,,24.0,8.083304
202412.0,2024-12-29,30965.0,UTE SAO FRANCISCO EI CL 514,Consumidor Livre,SUDESTE,24.0,6.140349
202412.0,2024-12-29,30965.0,UTE SAO FRANCISCO EI CL 514,Consumidor Livre,SUDESTE,24.0,6.140349
,2024-12-29,,UTE SAO FRANCISCO EI CL 514,,,24.0,6.140349
202412.0,2024-12-30,30965.0,UTE SAO FRANCISCO EI CL 514,Consumidor Livre,SUDESTE,24.0,7.929175
202412.0,2024-12-30,30965.0,UTE SAO FRANCISCO EI CL 514,Consumidor Livre,SUDESTE,24.0,7.929175
,2024-12-30,,UTE SAO FRANCISCO EI CL 514,,,24.0,7.929175
202412.0,2024-12-31,30965.0,UTE SAO FRANCISCO EI CL 514,Consumidor Livre,SUDESTE,24.0,6.248396
202412.0,2024-12-31,30965.0,UTE SAO FRANCISCO EI CL 514,Consumidor Livre,SUDESTE,24.0,6.248396
,2024-12-31,,UTE SAO FRANCISCO EI CL 514,,,24.0,6.248396
202501.0,2025-01-01,30965.0,UTE SAO FRANCISCO EI CL 514,Consumidor Livre,SUDESTE,24.0,5.61988
202501.0,2025-01-01,30965.0,UTE SAO FRANCISCO EI CL 514,Consumidor Livre,SUDESTE,24.0,5.61988
,2025-01-01,,UTE SAO FRANCISCO EI CL 514,,,24.0,5.61988
202501.0,2025-01-02,30965.0,UTE SAO FRANCISCO EI CL 514,Consumidor Livre,SUDESTE,24.0,8.037013
202501.0,2025-01-02,30965.0,UTE SAO FRANCISCO EI CL 514,Consumidor Livre,SUDESTE,24.0,8.037013
,2025-01-02,,UTE SAO FRANCISCO EI CL 514,,,24.0,8.037013
202501.0,2025-01-03,30965.0,UTE SAO FRANCISCO EI CL 514,Consumidor Livre,SUDESTE,24.0,8.658518
202501.0,2025-01-03,30965.0,UTE SAO FRANCISCO EI CL 514,Consumidor Livre,SUDESTE,24.0,8.658518
,2025-01-03,,UTE SAO FRANCISCO EI CL 514,,,24.0,8.658518
202501.0,2025-01-04,30965.0,UTE SAO FRANCISCO EI CL 514,Consumidor Livre,SUDESTE,24.0,8.10782
202501.0,2025-01-04,30965.0,UTE SAO FRANCISCO EI CL 514,Consumidor Livre,SUDESTE,24.0,8.10782
,2025-01-04,,UTE SAO FRANCISCO EI CL 514,,,24.0,8.10782
202501.0,2025-01-05,30965.0,UTE SAO FRANCISCO EI CL 514,Consumidor Livre,SUDESTE,24.0,5.985704
202501.0,2025-01-05,30965.0,UTE SAO FRANCISCO EI CL 514,Consumidor Livre,SUDESTE,24.0,5.985704
,2025-01-05,,UTE SAO FRANCISCO EI CL 514,,,24.0,5.985704
202501.0,2025-01-06,30965.0,UTE SAO FRANCISCO EI CL 514,Consumidor Livre,SUDESTE,24.0,7.940636
202501.0,2025-01-06,30965.0,UTE SAO FRANCISCO EI CL 514,Consumidor Livre,SUDESTE,24.0,7.940636
,2025-01-06,,UTE SAO FRANCISCO EI CL 514,,,24.0,7.940636
202501.0,2025-01-07,30965.0,UTE SAO FRANCISCO EI CL 514,Consumidor Livre,SUDESTE,24.0,8.960692
202501.0,2025-01-07,30965.0,UTE SAO FRANCISCO EI CL 514,Consumidor Livre,SUDESTE,24.0,8.960692
,2025-01-07,,UTE SAO FRANCISCO EI CL 514,,,24.0,8.960692
202501.0,2025-01-08,30965.0,UTE SAO FRANCISCO EI CL 514,Consumidor Livre,SUDESTE,24.0,8.746663
202501.0,2025-01-08,30965.0,UTE SAO FRANCISCO EI CL 514,Consumidor Livre,SUDESTE,24.0,8.746663
,2025-01-08,,UTE SAO FRANCISCO EI CL 514,,,24.0,8.746663
202501.0,2025-01-09,30965.0,UTE SAO FRANCISCO EI CL 514,Consumidor Livre,SUDESTE,24.0,8.461135
202501.0,2025-01-09,30965.0,UTE SAO FRANCISCO EI CL 514,Consumidor Livre,SUDESTE,24.0,8.461135
,2025-01-09,,UTE SAO FRANCISCO EI CL 514,,,24.0,8.461135
202501.0,2025-01-10,30965.0,UTE SAO FRANCISCO EI CL 514,Consumidor Livre,SUDESTE,24.0,8.464264
202501.0,2025-01-10,30965.0,UTE SAO FRANCISCO EI CL 514,Consumidor Livre,SUDESTE,24.0,8.464264
,2025-01-10,,UTE SAO FRANCISCO EI CL 514,,,24.0,8.464264
202501.0,2025-01-11,30965.0,UTE SAO FRANCISCO EI CL 514,Consumidor Livre,SUDESTE,24.0,8.173773
202501.0,2025-01-11,30965.0,UTE SAO FRANCISCO EI CL 514,Consumidor Livre,SUDESTE,24.0,8.173773
,2025-01-11,,UTE SAO FRANCISCO EI CL 514,,,24.0,8.173773
202501.0,2025-01-12,30965.0,UTE SAO FRANCISCO EI CL 514,Consumidor Livre,SUDESTE,24.0,6.069586
202501.0,2025-01-12,30965.0,UTE SAO FRANCISCO EI CL 514,Consumidor Livre,SUDESTE,24.0,6.069586
,2025-01-12,,UTE SAO FRANCISCO EI CL 514,,,24.0,6.069586
202501.0,2025-01-13,30965.0,UTE SAO FRANCISCO EI CL 514,Consumidor Livre,SUDESTE,24.0,8.032435
202501.0,2025-01-13,30965.0,UTE SAO FRANCISCO EI CL 514,Consumidor Livre,SUDESTE,24.0,8.032435
,2025-01-13,,UTE SAO FRANCISCO EI CL 514,,,24.0,8.032435
202501.0,2025-01-14,30965.0,UTE SAO FRANCISCO EI CL 514,Consumidor Livre,SUDESTE,24.0,9.108185
202501.0,2025-01-14,30965.0,UTE SAO FRANCISCO EI CL 514,Consumidor Livre,SUDESTE,24.0,9.108185
,2025-01-14,,UTE SAO FRANCISCO EI CL 514,,,24.0,9.108185
202501.0,2025-01-15,30965.0,UTE SAO FRANCISCO EI CL 514,Consumidor Livre,SUDESTE,24.0,8.53163
202501.0,2025-01-15,30965.0,UTE SAO FRANCISCO EI CL 514,Consumidor Livre,SUDESTE,24.0,8.53163
,2025-01-15,,UTE SAO FRANCISCO EI CL 514,,,24.0,8.53163
202501.0,2025-01-16,30965.0,UTE SAO FRANCISCO EI CL 514,Consumidor Livre,SUDESTE,24.0,8.526146
202501.0,2025-01-16,30965.0,UTE SAO FRANCISCO EI CL 514,Consumidor Livre,SUDESTE,24.0,8.526146
,2025-01-16,,UTE SAO FRANCISCO EI CL 514,,,24.0,8.526146
202501.0,2025-01-17,30965.0,UTE SAO FRANCISCO EI CL 514,Consumidor Livre,SUDESTE,24.0,8.291913
202501.0,2025-01-17,30965.0,UTE SAO FRANCISCO EI CL 514,Consumidor Livre,SUDESTE,24.0,8.291913
,2025-01-17,,UTE SAO FRANCISCO EI CL 514,,,24.0,8.291913
202501.0,2025-01-18,30965.0,UTE SAO FRANCISCO EI CL 514,Consumidor Livre,SUDESTE,24.0,8.304928
202501.0,2025-01-18,30965.0,UTE SAO FRANCISCO EI CL 514,Consumidor Livre,SUDESTE,24.0,8.304928
,2025-01-18,,UTE SAO FRANCISCO EI CL 514,,,24.0,8.304928
202501.0,2025-01-19,30965.0,UTE SAO FRANCISCO EI CL 514,Consumidor Livre,SUDESTE,24.0,6.353447
202501.0,2025-01-19,30965.0,UTE SAO FRANCISCO EI CL 514,Consumidor Livre,SUDESTE,24.0,6.353447
,2025-01-19,,UTE SAO FRANCISCO EI CL 514,,,24.0,6.353447
202501.0,2025-01-20,30965.0,UTE SAO FRANCISCO EI CL 514,Consumidor Livre,SUDESTE,24.0,7.664636
202501.0,2025-01-20,30965.0,UTE SAO FRANCISCO EI CL 514,Consumidor Livre,SUDESTE,24.0,7.664636
,2025-01-20,,UTE SAO FRANCISCO EI CL 514,,,24.0,7.664636
202501.0,2025-01-21,30965.0,UTE SAO FRANCISCO EI CL 514,Consumidor Livre,SUDESTE,24.0,8.420299
202501.0,2025-01-21,30965.0,UTE SAO FRANCISCO EI CL 514,Consumidor Livre,SUDESTE,24.0,8.420299
,2025-01-21,,UTE SAO FRANCISCO EI CL 514,,,24.0,8.420299
202501.0,2025-01-22,30965.0,UTE SAO FRANCISCO EI CL 514,Consumidor Livre,SUDESTE,24.0,9.58061
202501.0,2025-01-22,30965.0,UTE SAO FRANCISCO EI CL 514,Consumidor Livre,SUDESTE,24.0,9.58061
,2025-01-22,,UTE SAO FRANCISCO EI CL 514,,,24.0,9.58061
202501.0,2025-01-23,30965.0,UTE SAO FRANCISCO EI CL 514,Consumidor Livre,SUDESTE,24.0,9.921586
202501.0,2025-01-23,30965.0,UTE SAO FRANCISCO EI CL 514,Consumidor Livre,SUDESTE,24.0,9.921586
,2025-01-23,,UTE SAO FRANCISCO EI CL 514,,,24.0,9.921586
202501.0,2025-01-24,30965.0,UTE SAO FRANCISCO EI CL 514,Consumidor Livre,SUDESTE,24.0,8.848309
202501.0,2025-01-24,30965.0,UTE SAO FRANCISCO EI CL 514,Consumidor Livre,SUDESTE,24.0,8.848309
,2025-01-24,,UTE SAO FRANCISCO EI CL 514,,,24.0,8.848309
202501.0,2025-01-25,30965.0,UTE SAO FRANCISCO EI CL 514,Consumidor Livre,SUDESTE,24.0,7.933966
202501.0,2025-01-25,30965.0,UTE SAO FRANCISCO EI CL 514,Consumidor Livre,SUDESTE,24.0,7.933966
,2025-01-25,,UTE SAO FRANCISCO EI CL 514,,,24.0,7.933966
202501.0,2025-01-26,30965.0,UTE SAO FRANCISCO EI CL 514,Consumidor Livre,SUDESTE,24.0,5.581374
202501.0,2025-01-26,30965.0,UTE SAO FRANCISCO EI CL 514,Consumidor Livre,SUDESTE,24.0,5.581374
,2025-01-26,,UTE SAO FRANCISCO EI CL 514,,,24.0,5.581374
202501.0,2025-01-27,30965.0,UTE SAO FRANCISCO EI CL 514,Consumidor Livre,SUDESTE,24.0,7.94835
202501.0,2025-01-27,30965.0,UTE SAO FRANCISCO EI CL 514,Consumidor Livre,SUDESTE,24.0,7.94835
,2025-01-27,,UTE SAO FRANCISCO EI CL 514,,,24.0,7.94835
202501.0,2025-01-28,30965.0,UTE SAO FRANCISCO EI CL 514,Consumidor Livre,SUDESTE,24.0,8.981572
202501.0,2025-01-28,30965.0,UTE SAO FRANCISCO EI CL 514,Consumidor Livre,SUDESTE,24.0,8.981572
,2025-01-28,,UTE SAO FRANCISCO EI CL 514,,,24.0,8.981572
202501.0,2025-01-29,30965.0,UTE SAO FRANCISCO EI CL 514,Consumidor Livre,SUDESTE,24.0,9.057766
202501.0,2025-01-29,30965.0,UTE SAO FRANCISCO EI CL 514,Consumidor Livre,SUDESTE,24.0,9.057766
,2025-01-29,,UTE SAO FRANCISCO EI CL 514,,,24.0,9.057766
202501.0,2025-01-30,30965.0,UTE SAO FRANCISCO EI CL 514,Consumidor Livre,SUDESTE,24.0,8.699698
202501.0,2025-01-30,30965.0,UTE SAO FRANCISCO EI CL 514,Consumidor Livre,SUDESTE,24.0,8.699698
,2025-01-30,,UTE SAO FRANCISCO EI CL 514,,,24.0,8.699698
202501.0,2025-01-31,30965.0,UTE SAO FRANCISCO EI CL 514,Consumidor Livre,SUDESTE,24.0,8.574258
202501.0,2025-01-31,30965.0,UTE SAO FRANCISCO EI CL 514,Consumidor Livre,SUDESTE,24.0,8.574258
,2025-01-31,,UTE SAO FRANCISCO EI CL 514,,,24.0,8.574258
202502.0,2025-02-01,30965.0,UTE SAO FRANCISCO EI CL 514,Consumidor Livre,SUDESTE,24.0,7.762424
202502.0,2025-02-01,30965.0,UTE SAO FRANCISCO EI CL 514,Consumidor Livre,SUDESTE,24.0,7.762424
,2025-02-01,,UTE SAO FRANCISCO EI CL 514,,,24.0,7.762424
202502.0,2025-02-02,30965.0,UTE SAO FRANCISCO EI CL 514,Consumidor Livre,SUDESTE,24.0,5.651355
202502.0,2025-02-02,30965.0,UTE SAO FRANCISCO EI CL 514,Consumidor Livre,SUDESTE,24.0,5.651355
,2025-02-02,,UTE SAO FRANCISCO EI CL 514,,,24.0,5.651355
202502.0,2025-02-03,30965.0,UTE SAO FRANCISCO EI CL 514,Consumidor Livre,SUDESTE,24.0,8.431464
202502.0,2025-02-03,30965.0,UTE SAO FRANCISCO EI CL 514,Consumidor Livre,SUDESTE,24.0,8.431464
,2025-02-03,,UTE SAO FRANCISCO EI CL 514,,,24.0,8.431464
202502.0,2025-02-04,30965.0,UTE SAO FRANCISCO EI CL 514,Consumidor Livre,SUDESTE,24.0,9.324106
202502.0,2025-02-04,30965.0,UTE SAO FRANCISCO EI CL 514,Consumidor Livre,SUDESTE,24.0,9.324106
,2025-02-04,,UTE SAO FRANCISCO EI CL 514,,,24.0,9.324106
202502.0,2025-02-05,30965.0,UTE SAO FRANCISCO EI CL 514,Consumidor Livre,SUDESTE,24.0,9.764905
202502.0,2025-02-05,30965.0,UTE SAO FRANCISCO EI CL 514,Consumidor Livre,SUDESTE,24.0,9.764905
,2025-02-05,,UTE SAO FRANCISCO EI CL 514,,,24.0,9.764905
202502.0,2025-02-06,30965.0,UTE SAO FRANCISCO EI CL 514,Consumidor Livre,SUDESTE,24.0,9.504479
202502.0,2025-02-06,30965.0,UTE SAO FRANCISCO EI CL 514,Consumidor Livre,SUDESTE,24.0,9.504479
,2025-02-06,,UTE SAO FRANCISCO EI CL 514,,,24.0,9.504479
202502.0,2025-02-07,30965.0,UTE SAO FRANCISCO EI CL 514,Consumidor Livre,SUDESTE,24.0,9.321236
202502.0,2025-02-07,30965.0,UTE SAO FRANCISCO EI CL 514,Consumidor Livre,SUDESTE,24.0,9.321236
,2025-02-07,,UTE SAO FRANCISCO EI CL 514,,,24.0,9.321236
202502.0,2025-02-08,30965.0,UTE SAO FRANCISCO EI CL 514,Consumidor Livre,SUDESTE,24.0,8.216953
202502.0,2025-02-08,30965.0,UTE SAO FRANCISCO EI CL 514,Consumidor Livre,SUDESTE,24.0,8.216953
,2025-02-08,,UTE SAO FRANCISCO EI CL 514,,,24.0,8.216953
202502.0,2025-02-09,30965.0,UTE SAO FRANCISCO EI CL 514,Consumidor Livre,SUDESTE,24.0,6.161553
202502.0,2025-02-09,30965.0,UTE SAO FRANCISCO EI CL 514,Consumidor Livre,SUDESTE,24.0,6.161553
,2025-02-09,,UTE SAO FRANCISCO EI CL 514,,,24.0,6.161553
202502.0,2025-02-10,30965.0,UTE SAO FRANCISCO EI CL 514,Consumidor Livre,SUDESTE,24.0,9.111555
202502.0,2025-02-10,30965.0,UTE SAO FRANCISCO EI CL 514,Consumidor Livre,SUDESTE,24.0,9.111555
,2025-02-10,,UTE SAO FRANCISCO EI CL 514,,,24.0,9.111555
202502.0,2025-02-11,30965.0,UTE SAO FRANCISCO EI CL 514,Consumidor Livre,SUDESTE,24.0,10.266726
202502.0,2025-02-11,30965.0,UTE SAO FRANCISCO EI CL 514,Consumidor Livre,SUDESTE,24.0,10.266726
,2025-02-11,,UTE SAO FRANCISCO EI CL 514,,,24.0,10.266726
202502.0,2025-02-12,30965.0,UTE SAO FRANCISCO EI CL 514,Consumidor Livre,SUDESTE,24.0,9.886556
202502.0,2025-02-12,30965.0,UTE SAO FRANCISCO EI CL 514,Consumidor Livre,SUDESTE,24.0,9.886556
,2025-02-12,,UTE SAO FRANCISCO EI CL 514,,,24.0,9.886556
202502.0,2025-02-13,30965.0,UTE SAO FRANCISCO EI CL 514,Consumidor Livre,SUDESTE,24.0,9.845818
202502.0,2025-02-13,30965.0,UTE SAO FRANCISCO EI CL 514,Consumidor Livre,SUDESTE,24.0,9.845818
,2025-02-13,,UTE SAO FRANCISCO EI CL 514,,,24.0,9.845818
202502.0,2025-02-14,30965.0,UTE SAO FRANCISCO EI CL 514,Consumidor Livre,SUDESTE,24.0,9.278489
202502.0,2025-02-14,30965.0,UTE SAO FRANCISCO EI CL 514,Consumidor Livre,SUDESTE,24.0,9.278489
,2025-02-14,,UTE SAO FRANCISCO EI CL 514,,,24.0,9.278489
202502.0,2025-02-15,30965.0,UTE SAO FRANCISCO EI CL 514,Consumidor Livre,SUDESTE,24.0,8.154776
202502.0,2025-02-15,30965.0,UTE SAO FRANCISCO EI CL 514,Consumidor Livre,SUDESTE,24.0,8.154776
,2025-02-15,,UTE SAO FRANCISCO EI CL 514,,,24.0,8.154776
202502.0,2025-02-16,30965.0,UTE SAO FRANCISCO EI CL 514,Consumidor Livre,SUDESTE,24.0,5.669919
202502.0,2025-02-16,30965.0,UTE SAO FRANCISCO EI CL 514,Consumidor Livre,SUDESTE,24.0,5.669919
,2025-02-16,,UTE SAO FRANCISCO EI CL 514,,,24.0,5.669919
202502.0,2025-02-17,30965.0,UTE SAO FRANCISCO EI CL 514,Consumidor Livre,SUDESTE,24.0,9.038081
202502.0,2025-02-17,30965.0,UTE SAO FRANCISCO EI CL 514,Consumidor Livre,SUDESTE,24.0,9.038081
,2025-02-17,,UTE SAO FRANCISCO EI CL 514,,,24.0,9.038081
202502.0,2025-02-18,30965.0,UTE SAO FRANCISCO EI CL 514,Consumidor Livre,SUDESTE,24.0,9.172897
202502.0,2025-02-18,30965.0,UTE SAO FRANCISCO EI CL 514,Consumidor Livre,SUDESTE,24.0,9.172897
,2025-02-18,,UTE SAO FRANCISCO EI CL 514,,,24.0,9.172897
202502.0,2025-02-19,30965.0,UTE SAO FRANCISCO EI CL 514,Consumidor Livre,SUDESTE,24.0,9.564522
202502.0,2025-02-19,30965.0,UTE SAO FRANCISCO EI CL 514,Consumidor Livre,SUDESTE,24.0,9.564522
,2025-02-19,,UTE SAO FRANCISCO EI CL 514,,,24.0,9.564522
202502.0,2025-02-20,30965.0,UTE SAO FRANCISCO EI CL 514,Consumidor Livre,SUDESTE,24.0,10.662249
202502.0,2025-02-20,30965.0,UTE SAO FRANCISCO EI CL 514,Consumidor Livre,SUDESTE,24.0,10.662249
,2025-02-20,,UTE SAO FRANCISCO EI CL 514,,,24.0,10.662249
202502.0,2025-02-21,30965.0,UTE SAO FRANCISCO EI CL 514,Consumidor Livre,SUDESTE,24.0,10.807377
202502.0,2025-02-21,30965.0,UTE SAO FRANCISCO EI CL 514,Consumidor Livre,SUDESTE,24.0,10.807377
,2025-02-21,,UTE SAO FRANCISCO EI CL 514,,,24.0,10.807377
202502.0,2025-02-22,30965.0,UTE SAO FRANCISCO EI CL 514,Consumidor Livre,SUDESTE,24.0,9.293714
202502.0,2025-02-22,30965.0,UTE SAO FRANCISCO EI CL 514,Consumidor Livre,SUDESTE,24.0,9.293714
,2025-02-22,,UTE SAO FRANCISCO EI CL 514,,,24.0,9.293714
202502.0,2025-02-23,30965.0,UTE SAO FRANCISCO EI CL 514,Consumidor Livre,SUDESTE,24.0,7.324872
202502.0,2025-02-23,30965.0,UTE SAO FRANCISCO EI CL 514,Consumidor Livre,SUDESTE,24.0,7.324872
,2025-02-23,,UTE SAO FRANCISCO EI CL 514,,,24.0,7.324872
202502.0,2025-02-24,30965.0,UTE SAO FRANCISCO EI CL 514,Consumidor Livre,SUDESTE,24.0,10.409442
202502.0,2025-02-24,30965.0,UTE SAO FRANCISCO EI CL 514,Consumidor Livre,SUDESTE,24.0,10.409442
,2025-02-24,,UTE SAO FRANCISCO EI CL 514,,,24.0,10.409442
202502.0,2025-02-25,30965.0,UTE SAO FRANCISCO EI CL 514,Consumidor Livre,SUDESTE,24.0,10.693911
202502.0,2025-02-25,30965.0,UTE SAO FRANCISCO EI CL 514,Consumidor Livre,SUDESTE,24.0,10.693911
,2025-02-25,,UTE SAO FRANCISCO EI CL 514,,,24.0,10.693911
202502.0,2025-02-26,30965.0,UTE SAO FRANCISCO EI CL 514,Consumidor Livre,SUDESTE,24.0,10.646436
202502.0,2025-02-26,30965.0,UTE SAO FRANCISCO EI CL 514,Consumidor Livre,SUDESTE,24.0,10.646436
,2025-02-26,,UTE SAO FRANCISCO EI CL 514,,,24.0,10.646436
202502.0,2025-02-27,30965.0,UTE SAO FRANCISCO EI CL 514,Consumidor Livre,SUDESTE,24.0,11.132671
202502.0,2025-02-27,30965.0,UTE SAO FRANCISCO EI CL 514,Consumidor Livre,SUDESTE,24.0,11.132671
,2025-02-27,,UTE SAO FRANCISCO EI CL 514,,,24.0,11.132671
202502.0,2025-02-28,30965.0,UTE SAO FRANCISCO EI CL 514,Consumidor Livre,SUDESTE,24.0,11.141324
202502.0,2025-02-28,30965.0,UTE SAO FRANCISCO EI CL 514,Consumidor Livre,SUDESTE,24.0,11.141324
,2025-02-28,,UTE SAO FRANCISCO EI CL 514,,,24.0,11.141324
202503.0,2025-03-01,30965.0,UTE SAO FRANCISCO EI CL 514,Consumidor Livre,SUDESTE,24.0,9.66512
202503.0,2025-03-01,30965.0,UTE SAO FRANCISCO EI CL 514,Consumidor Livre,SUDESTE,24.0,9.66512
,2025-03-01,,UTE SAO FRANCISCO EI CL 514,,,24.0,9.66512
202503.0,2025-03-02,30965.0,UTE SAO FRANCISCO EI CL 514,Consumidor Livre,SUDESTE,24.0,7.521524
202503.0,2025-03-02,30965.0,UTE SAO FRANCISCO EI CL 514,Consumidor Livre,SUDESTE,24.0,7.521524
,2025-03-02,,UTE SAO FRANCISCO EI CL 514,,,24.0,7.521524
202503.0,2025-03-03,30965.0,UTE SAO FRANCISCO EI CL 514,Consumidor Livre,SUDESTE,24.0,10.434064
202503.0,2025-03-03,30965.0,UTE SAO FRANCISCO EI CL 514,Consumidor Livre,SUDESTE,24.0,10.434064
,2025-03-03,,UTE SAO FRANCISCO EI CL 514,,,24.0,10.434064
202503.0,2025-03-04,30965.0,UTE SAO FRANCISCO EI CL 514,Consumidor Livre,SUDESTE,24.0,11.180987
202503.0,2025-03-04,30965.0,UTE SAO FRANCISCO EI CL 514,Consumidor Livre,SUDESTE,24.0,11.180987
,2025-03-04,,UTE SAO FRANCISCO EI CL 514,,,24.0,11.180987
202503.0,2025-03-05,30965.0,UTE SAO FRANCISCO EI CL 514,Consumidor Livre,SUDESTE,24.0,11.635385
202503.0,2025-03-05,30965.0,UTE SAO FRANCISCO EI CL 514,Consumidor Livre,SUDESTE,24.0,11.635385
,2025-03-05,,UTE SAO FRANCISCO EI CL 514,,,24.0,11.635385
202503.0,2025-03-06,30965.0,UTE SAO FRANCISCO EI CL 514,Consumidor Livre,SUDESTE,24.0,11.178013
202503.0,2025-03-06,30965.0,UTE SAO FRANCISCO EI CL 514,Consumidor Livre,SUDESTE,24.0,11.178013
,2025-03-06,,UTE SAO FRANCISCO EI CL 514,,,24.0,11.178013
202503.0,2025-03-07,30965.0,UTE SAO FRANCISCO EI CL 514,Consumidor Livre,SUDESTE,24.0,10.76002
202503.0,2025-03-07,30965.0,UTE SAO FRANCISCO EI CL 514,Consumidor Livre,SUDESTE,24.0,10.76002
,2025-03-07,,UTE SAO FRANCISCO EI CL 514,,,24.0,10.76002
202503.0,2025-03-08,30965.0,UTE SAO FRANCISCO EI CL 514,Consumidor Livre,SUDESTE,24.0,9.471683
202503.0,2025-03-08,30965.0,UTE SAO FRANCISCO EI CL 514,Consumidor Livre,SUDESTE,24.0,9.471683
,2025-03-08,,UTE SAO FRANCISCO EI CL 514,,,24.0,9.471683
202503.0,2025-03-09,30965.0,UTE SAO FRANCISCO EI CL 514,Consumidor Livre,SUDESTE,24.0,7.972808
202503.0,2025-03-09,30965.0,UTE SAO FRANCISCO EI CL 514,Consumidor Livre,SUDESTE,24.0,7.972808
,2025-03-09,,UTE SAO FRANCISCO EI CL 514,,,24.0,7.972808
202503.0,2025-03-10,30965.0,UTE SAO FRANCISCO EI CL 514,Consumidor Livre,SUDESTE,24.0,11.017704
202503.0,2025-03-10,30965.0,UTE SAO FRANCISCO EI CL 514,Consumidor Livre,SUDESTE,24.0,11.017704
,2025-03-10,,UTE SAO FRANCISCO EI CL 514,,,24.0,11.017704
202503.0,2025-03-11,30965.0,UTE SAO FRANCISCO EI CL 514,Consumidor Livre,SUDESTE,24.0,10.63382
202503.0,2025-03-11,30965.0,UTE SAO FRANCISCO EI CL 514,Consumidor Livre,SUDESTE,24.0,10.63382
,2025-03-11,,UTE SAO FRANCISCO EI CL 514,,,24.0,10.63382
202503.0,2025-03-12,30965.0,UTE SAO FRANCISCO EI CL 514,Consumidor Livre,SUDESTE,24.0,10.219062
202503.0,2025-03-12,30965.0,UTE SAO FRANCISCO EI CL 514,Consumidor Livre,SUDESTE,24.0,10.219062
,2025-03-12,,UTE SAO FRANCISCO EI CL 514,,,24.0,10.219062
202503.0,2025-03-13,30965.0,UTE SAO FRANCISCO EI CL 514,Consumidor Livre,SUDESTE,24.0,9.816167
202503.0,2025-03-13,30965.0,UTE SAO FRANCISCO EI CL 514,Consumidor Livre,SUDESTE,24.0,9.816167
,2025-03-13,,UTE SAO FRANCISCO EI CL 514,,,24.0,9.816167
202503.0,2025-03-14,30965.0,UTE SAO FRANCISCO EI CL 514,Consumidor Livre,SUDESTE,24.0,9.603977
202503.0,2025-03-14,30965.0,UTE SAO FRANCISCO EI CL 514,Consumidor Livre,SUDESTE,24.0,9.603977
,2025-03-14,,UTE SAO FRANCISCO EI CL 514,,,24.0,9.603977
202503.0,2025-03-15,30965.0,UTE SAO FRANCISCO EI CL 514,Consumidor Livre,SUDESTE,24.0,8.442251
202503.0,2025-03-15,30965.0,UTE SAO FRANCISCO EI CL 514,Consumidor Livre,SUDESTE,24.0,8.442251
,2025-03-15,,UTE SAO FRANCISCO EI CL 514,,,24.0,8.442251
202503.0,2025-03-16,30965.0,UTE SAO FRANCISCO EI CL 514,Consumidor Livre,SUDESTE,24.0,4.876744
202503.0,2025-03-16,30965.0,UTE SAO FRANCISCO EI CL 514,Consumidor Livre,SUDESTE,24.0,4.876744
,2025-03-16,,UTE SAO FRANCISCO EI CL 514,,,24.0,4.876744
202503.0,2025-03-17,30965.0,UTE SAO FRANCISCO EI CL 514,Consumidor Livre,SUDESTE,24.0,9.372214
202503.0,2025-03-17,30965.0,UTE SAO FRANCISCO EI CL 514,Consumidor Livre,SUDESTE,24.0,9.372214
,2025-03-17,,UTE SAO FRANCISCO EI CL 514,,,24.0,9.372214
202503.0,2025-03-18,30965.0,UTE SAO FRANCISCO EI CL 514,Consumidor Livre,SUDESTE,24.0,10.416498
202503.0,2025-03-18,30965.0,UTE SAO FRANCISCO EI CL 514,Consumidor Livre,SUDESTE,24.0,10.416498
,2025-03-18,,UTE SAO FRANCISCO EI CL 514,,,24.0,10.416498
202503.0,2025-03-19,30965.0,UTE SAO FRANCISCO EI CL 514,Consumidor Livre,SUDESTE,24.0,10.796404
202503.0,2025-03-19,30965.0,UTE SAO FRANCISCO EI CL 514,Consumidor Livre,SUDESTE,24.0,10.796404
,2025-03-19,,UTE SAO FRANCISCO EI CL 514,,,24.0,10.796404
202503.0,2025-03-20,30965.0,UTE SAO FRANCISCO EI CL 514,Consumidor Livre,SUDESTE,24.0,10.587597
202503.0,2025-03-20,30965.0,UTE SAO FRANCISCO EI CL 514,Consumidor Livre,SUDESTE,24.0,10.587597
,2025-03-20,,UTE SAO FRANCISCO EI CL 514,,,24.0,10.587597
202503.0,2025-03-21,30965.0,UTE SAO FRANCISCO EI CL 514,Consumidor Livre,SUDESTE,24.0,10.391823
202503.0,2025-03-21,30965.0,UTE SAO FRANCISCO EI CL 514,Consumidor Livre,SUDESTE,24.0,10.391823
,2025-03-21,,UTE SAO FRANCISCO EI CL 514,,,24.0,10.391823
202503.0,2025-03-22,30965.0,UTE SAO FRANCISCO EI CL 514,Consumidor Livre,SUDESTE,24.0,9.321331
202503.0,2025-03-22,30965.0,UTE SAO FRANCISCO EI CL 514,Consumidor Livre,SUDESTE,24.0,9.321331
,2025-03-22,,UTE SAO FRANCISCO EI CL 514,,,24.0,9.321331
202503.0,2025-03-23,30965.0,UTE SAO FRANCISCO EI CL 514,Consumidor Livre,SUDESTE,24.0,6.149424
202503.0,2025-03-23,30965.0,UTE SAO FRANCISCO EI CL 514,Consumidor Livre,SUDESTE,24.0,6.149424
,2025-03-23,,UTE SAO FRANCISCO EI CL 514,,,24.0,6.149424
202503.0,2025-03-24,30965.0,UTE SAO FRANCISCO EI CL 514,Consumidor Livre,SUDESTE,24.0,9.283885
202503.0,2025-03-24,30965.0,UTE SAO FRANCISCO EI CL 514,Consumidor Livre,SUDESTE,24.0,9.283885
,2025-03-24,,UTE SAO FRANCISCO EI CL 514,,,24.0,9.283885
202503.0,2025-03-25,30965.0,UTE SAO FRANCISCO EI CL 514,Consumidor Livre,SUDESTE,24.0,9.873708
202503.0,2025-03-25,30965.0,UTE SAO FRANCISCO EI CL 514,Consumidor Livre,SUDESTE,24.0,9.873708
,2025-03-25,,UTE SAO FRANCISCO EI CL 514,,,24.0,9.873708
202503.0,2025-03-26,30965.0,UTE SAO FRANCISCO EI CL 514,Consumidor Livre,SUDESTE,24.0,9.58959
202503.0,2025-03-26,30965.0,UTE SAO FRANCISCO EI CL 514,Consumidor Livre,SUDESTE,24.0,9.58959
,2025-03-26,,UTE SAO FRANCISCO EI CL 514,,,24.0,9.58959
202503.0,2025-03-27,30965.0,UTE SAO FRANCISCO EI CL 514,Consumidor Livre,SUDESTE,24.0,9.560055
202503.0,2025-03-27,30965.0,UTE SAO FRANCISCO EI CL 514,Consumidor Livre,SUDESTE,24.0,9.560055
,2025-03-27,,UTE SAO FRANCISCO EI CL 514,,,24.0,9.560055
202503.0,2025-03-28,30965.0,UTE SAO FRANCISCO EI CL 514,Consumidor Livre,SUDESTE,24.0,9.460297
202503.0,2025-03-28,30965.0,UTE SAO FRANCISCO EI CL 514,Consumidor Livre,SUDESTE,24.0,9.460297
,2025-03-28,,UTE SAO FRANCISCO EI CL 514,,,24.0,9.460297
202503.0,2025-03-29,30965.0,UTE SAO FRANCISCO EI CL 514,Consumidor Livre,SUDESTE,24.0,9.03534
202503.0,2025-03-29,30965.0,UTE SAO FRANCISCO EI CL 514,Consumidor Livre,SUDESTE,24.0,9.03534
,2025-03-29,,UTE SAO FRANCISCO EI CL 514,,,24.0,9.03534
202503.0,2025-03-30,30965.0,UTE SAO FRANCISCO EI CL 514,Consumidor Livre,SUDESTE,24.0,6.4360930000000005
202503.0,2025-03-30,30965.0,UTE SAO FRANCISCO EI CL 514,Consumidor Livre,SUDESTE,24.0,6.4360930000000005
,2025-03-30,,UTE SAO FRANCISCO EI CL 514,,,24.0,6.4360930000000005
202503.0,2025-03-31,30965.0,UTE SAO FRANCISCO EI CL 514,Consumidor Livre,SUDESTE,24.0,10.351734
202503.0,2025-03-31,30965.0,UTE SAO FRANCISCO EI CL 514,Consumidor Livre,SUDESTE,24.0,10.351734
,2025-03-31,,UTE SAO FRANCISCO EI CL 514,,,24.0,10.351734
202504.0,2025-04-01,30965.0,UTE SAO FRANCISCO EI CL 514,Consumidor Livre,SUDESTE,24.0,10.813077
202504.0,2025-04-01,30965.0,UTE SAO FRANCISCO EI CL 514,Consumidor Livre,SUDESTE,24.0,10.813077
,2025-04-01,,UTE SAO FRANCISCO EI CL 514,,,24.0,10.813077
202504.0,2025-04-02,30965.0,UTE SAO FRANCISCO EI CL 514,Consumidor Livre,SUDESTE,24.0,11.385333
202504.0,2025-04-02,30965.0,UTE SAO FRANCISCO EI CL 514,Consumidor Livre,SUDESTE,24.0,11.385333
,2025-04-02,,UTE SAO FRANCISCO EI CL 514,,,24.0,11.385333
202504.0,2025-04-03,30965.0,UTE SAO FRANCISCO EI CL 514,Consumidor Livre,SUDESTE,24.0,11.823225
202504.0,2025-04-03,30965.0,UTE SAO FRANCISCO EI CL 514,Consumidor Livre,SUDESTE,24.0,11.823225
,2025-04-03,,UTE SAO FRANCISCO EI CL 514,,,24.0,11.823225
202504.0,2025-04-04,30965.0,UTE SAO FRANCISCO EI CL 514,Consumidor Livre,SUDESTE,24.0,10.63523
202504.0,2025-04-04,30965.0,UTE SAO FRANCISCO EI CL 514,Consumidor Livre,SUDESTE,24.0,10.63523
,2025-04-04,,UTE SAO FRANCISCO EI CL 514,,,24.0,10.63523
202504.0,2025-04-05,30965.0,UTE SAO FRANCISCO EI CL 514,Consumidor Livre,SUDESTE,24.0,8.559651
202504.0,2025-04-05,30965.0,UTE SAO FRANCISCO EI CL 514,Consumidor Livre,SUDESTE,24.0,8.559651
,2025-04-05,,UTE SAO FRANCISCO EI CL 514,,,24.0,8.559651
202504.0,2025-04-06,30965.0,UTE SAO FRANCISCO EI CL 514,Consumidor Livre,SUDESTE,24.0,5.916466
202504.0,2025-04-06,30965.0,UTE SAO FRANCISCO EI CL 514,Consumidor Livre,SUDESTE,24.0,5.916466
,2025-04-06,,UTE SAO FRANCISCO EI CL 514,,,24.0,5.916466
202504.0,2025-04-07,30965.0,UTE SAO FRANCISCO EI CL 514,Consumidor Livre,SUDESTE,24.0,9.983723
202504.0,2025-04-07,30965.0,UTE SAO FRANCISCO EI CL 514,Consumidor Livre,SUDESTE,24.0,9.983723
,2025-04-07,,UTE SAO FRANCISCO EI CL 514,,,24.0,9.983723
202504.0,2025-04-08,30965.0,UTE SAO FRANCISCO EI CL 514,Consumidor Livre,SUDESTE,24.0,29.735156
202504.0,2025-04-08,30965.0,UTE SAO FRANCISCO EI CL 514,Consumidor Livre,SUDESTE,24.0,29.735156
,2025-04-08,,UTE SAO FRANCISCO EI CL 514,,,24.0,29.735156
202504.0,2025-04-09,30965.0,UTE SAO FRANCISCO EI CL 514,Consumidor Livre,SUDESTE,24.0,10.594649
202504.0,2025-04-09,30965.0,UTE SAO FRANCISCO EI CL 514,Consumidor Livre,SUDESTE,24.0,10.594649
,2025-04-09,,UTE SAO FRANCISCO EI CL 514,,,24.0,10.594649
202504.0,2025-04-10,30965.0,UTE SAO FRANCISCO EI CL 514,Consumidor Livre,SUDESTE,24.0,11.305321
202504.0,2025-04-10,30965.0,UTE SAO FRANCISCO EI CL 514,Consumidor Livre,SUDESTE,24.0,11.305321
,2025-04-10,,UTE SAO FRANCISCO EI CL 514,,,24.0,11.305321
202504.0,2025-04-11,30965.0,UTE SAO FRANCISCO EI CL 514,Consumidor Livre,SUDESTE,24.0,11.552747
202504.0,2025-04-11,30965.0,UTE SAO FRANCISCO EI CL 514,Consumidor Livre,SUDESTE,24.0,11.552747
,2025-04-11,,UTE SAO FRANCISCO EI CL 514,,,24.0,11.552747
202504.0,2025-04-12,30965.0,UTE SAO FRANCISCO EI CL 514,Consumidor Livre,SUDESTE,24.0,9.002855
202504.0,2025-04-12,30965.0,UTE SAO FRANCISCO EI CL 514,Consumidor Livre,SUDESTE,24.0,9.002855
,2025-04-12,,UTE SAO FRANCISCO EI CL 514,,,24.0,9.002855
202504.0,2025-04-13,30965.0,UTE SAO FRANCISCO EI CL 514,Consumidor Livre,SUDESTE,24.0,7.023231
202504.0,2025-04-13,30965.0,UTE SAO FRANCISCO EI CL 514,Consumidor Livre,SUDESTE,24.0,7.023231
,2025-04-13,,UTE SAO FRANCISCO EI CL 514,,,24.0,7.023231
202504.0,2025-04-14,30965.0,UTE SAO FRANCISCO EI CL 514,Consumidor Livre,SUDESTE,24.0,12.332898
202504.0,2025-04-14,30965.0,UTE SAO FRANCISCO EI CL 514,Consumidor Livre,SUDESTE,24.0,12.332898
,2025-04-14,,UTE SAO FRANCISCO EI CL 514,,,24.0,12.332898
202504.0,2025-04-15,30965.0,UTE SAO FRANCISCO EI CL 514,Consumidor Livre,SUDESTE,24.0,33.452035
202504.0,2025-04-15,30965.0,UTE SAO FRANCISCO EI CL 514,Consumidor Livre,SUDESTE,24.0,33.452035
,2025-04-15,,UTE SAO FRANCISCO EI CL 514,,,24.0,33.452035
202504.0,2025-04-16,30965.0,UTE SAO FRANCISCO EI CL 514,Consumidor Livre,SUDESTE,24.0,14.314184
202504.0,2025-04-16,30965.0,UTE SAO FRANCISCO EI CL 514,Consumidor Livre,SUDESTE,24.0,14.314184
,2025-04-16,,UTE SAO FRANCISCO EI CL 514,,,24.0,14.314184
202504.0,2025-04-17,30965.0,UTE SAO FRANCISCO EI CL 514,Consumidor Livre,SUDESTE,24.0,10.709374
202504.0,2025-04-17,30965.0,UTE SAO FRANCISCO EI CL 514,Consumidor Livre,SUDESTE,24.0,10.709374
,2025-04-17,,UTE SAO FRANCISCO EI CL 514,,,24.0,10.709374
202504.0,2025-04-18,30965.0,UTE SAO FRANCISCO EI CL 514,Consumidor Livre,SUDESTE,24.0,8.303407
202504.0,2025-04-18,30965.0,UTE SAO FRANCISCO EI CL 514,Consumidor Livre,SUDESTE,24.0,8.303407
,2025-04-18,,UTE SAO FRANCISCO EI CL 514,,,24.0,8.303407
202504.0,2025-04-19,30965.0,UTE SAO FRANCISCO EI CL 514,Consumidor Livre,SUDESTE,24.0,8.287466
202504.0,2025-04-19,30965.0,UTE SAO FRANCISCO EI CL 514,Consumidor Livre,SUDESTE,24.0,8.287466
,2025-04-19,,UTE SAO FRANCISCO EI CL 514,,,24.0,8.287466
202504.0,2025-04-20,30965.0,UTE SAO FRANCISCO EI CL 514,Consumidor Livre,SUDESTE,24.0,6.461123
202504.0,2025-04-20,30965.0,UTE SAO FRANCISCO EI CL 514,Consumidor Livre,SUDESTE,24.0,6.461123
,2025-04-20,,UTE SAO FRANCISCO EI CL 514,,,24.0,6.461123
202504.0,2025-04-21,30965.0,UTE SAO FRANCISCO EI CL 514,Consumidor Livre,SUDESTE,24.0,5.903643
202504.0,2025-04-21,30965.0,UTE SAO FRANCISCO EI CL 514,Consumidor Livre,SUDESTE,24.0,5.903643
,2025-04-21,,UTE SAO FRANCISCO EI CL 514,,,24.0,5.903643
202504.0,2025-04-22,30965.0,UTE SAO FRANCISCO EI CL 514,Consumidor Livre,SUDESTE,24.0,9.549193
202504.0,2025-04-22,30965.0,UTE SAO FRANCISCO EI CL 514,Consumidor Livre,SUDESTE,24.0,9.549193
,2025-04-22,,UTE SAO FRANCISCO EI CL 514,,,24.0,9.549193
202504.0,2025-04-23,30965.0,UTE SAO FRANCISCO EI CL 514,Consumidor Livre,SUDESTE,24.0,11.02238
202504.0,2025-04-23,30965.0,UTE SAO FRANCISCO EI CL 514,Consumidor Livre,SUDESTE,24.0,11.02238
,2025-04-23,,UTE SAO FRANCISCO EI CL 514,,,24.0,11.02238
202504.0,2025-04-24,30965.0,UTE SAO FRANCISCO EI CL 514,Consumidor Livre,SUDESTE,24.0,12.366299
202504.0,2025-04-24,30965.0,UTE SAO FRANCISCO EI CL 514,Consumidor Livre,SUDESTE,24.0,12.366299
,2025-04-24,,UTE SAO FRANCISCO EI CL 514,,,24.0,12.366299
202504.0,2025-04-25,30965.0,UTE SAO FRANCISCO EI CL 514,Consumidor Livre,SUDESTE,24.0,10.723206
202504.0,2025-04-25,30965.0,UTE SAO FRANCISCO EI CL 514,Consumidor Livre,SUDESTE,24.0,10.723206
,2025-04-25,,UTE SAO FRANCISCO EI CL 514,,,24.0,10.723206
202504.0,2025-04-26,30965.0,UTE SAO FRANCISCO EI CL 514,Consumidor Livre,SUDESTE,24.0,8.327237
202504.0,2025-04-26,30965.0,UTE SAO FRANCISCO EI CL 514,Consumidor Livre,SUDESTE,24.0,8.327237
,2025-04-26,,UTE SAO FRANCISCO EI CL 514,,,24.0,8.327237
202504.0,2025-04-27,30965.0,UTE SAO FRANCISCO EI CL 514,Consumidor Livre,SUDESTE,24.0,6.893067
202504.0,2025-04-27,30965.0,UTE SAO FRANCISCO EI CL 514,Consumidor Livre,SUDESTE,24.0,6.893067
,2025-04-27,,UTE SAO FRANCISCO EI CL 514,,,24.0,6.893067
202504.0,2025-04-28,30965.0,UTE SAO FRANCISCO EI CL 514,Consumidor Livre,SUDESTE,24.0,9.877186
202504.0,2025-04-28,30965.0,UTE SAO FRANCISCO EI CL 514,Consumidor Livre,SUDESTE,24.0,9.877186
,2025-04-28,,UTE SAO FRANCISCO EI CL 514,,,24.0,9.877186
202504.0,2025-04-29,30965.0,UTE SAO FRANCISCO EI CL 514,Consumidor Livre,SUDESTE,24.0,9.66444
202504.0,2025-04-29,30965.0,UTE SAO FRANCISCO EI CL 514,Consumidor Livre,SUDESTE,24.0,9.66444
,2025-04-29,,UTE SAO FRANCISCO EI CL 514,,,24.0,9.66444
202504.0,2025-04-30,30965.0,UTE SAO FRANCISCO EI CL 514,Consumidor Livre,SUDESTE,24.0,10.892216
202504.0,2025-04-30,30965.0,UTE SAO FRANCISCO EI CL 514,Consumidor Livre,SUDESTE,24.0,10.892216
,2025-04-30,,UTE SAO FRANCISCO EI CL 514,,,24.0,10.892216
202505.0,2025-05-01,30965.0,UTE SAO FRANCISCO EI CL 514,Consumidor Livre,SUDESTE,24.0,8.121113
202505.0,2025-05-01,30965.0,UTE SAO FRANCISCO EI CL 514,Consumidor Livre,SUDESTE,24.0,8.121113
,2025-05-01,,UTE SAO FRANCISCO EI CL 514,,,24.0,8.121113
202505.0,2025-05-02,30965.0,UTE SAO FRANCISCO EI CL 514,Consumidor Livre,SUDESTE,24.0,10.855447
202505.0,2025-05-02,30965.0,UTE SAO FRANCISCO EI CL 514,Consumidor Livre,SUDESTE,24.0,10.855447
,2025-05-02,,UTE SAO FRANCISCO EI CL 514,,,24.0,10.855447
202505.0,2025-05-03,30965.0,UTE SAO FRANCISCO EI CL 514,Consumidor Livre,SUDESTE,24.0,9.834384
202505.0,2025-05-03,30965.0,UTE SAO FRANCISCO EI CL 514,Consumidor Livre,SUDESTE,24.0,9.834384
,2025-05-03,,UTE SAO FRANCISCO EI CL 514,,,24.0,9.834384
202505.0,2025-05-04,30965.0,UTE SAO FRANCISCO EI CL 514,Consumidor Livre,SUDESTE,24.0,10.994121
202505.0,2025-05-04,30965.0,UTE SAO FRANCISCO EI CL 514,Consumidor Livre,SUDESTE,24.0,10.994121
,2025-05-04,,UTE SAO FRANCISCO EI CL 514,,,24.0,10.994121
202505.0,2025-05-05,30965.0,UTE SAO FRANCISCO EI CL 514,Consumidor Livre,SUDESTE,24.0,20.775503
202505.0,2025-05-05,30965.0,UTE SAO FRANCISCO EI CL 514,Consumidor Livre,SUDESTE,24.0,20.775503
,2025-05-05,,UTE SAO FRANCISCO EI CL 514,,,24.0,20.775503
202505.0,2025-05-06,30965.0,UTE SAO FRANCISCO EI CL 514,Consumidor Livre,SUDESTE,24.0,20.713422
202505.0,2025-05-06,30965.0,UTE SAO FRANCISCO EI CL 514,Consumidor Livre,SUDESTE,24.0,20.713422
,2025-05-06,,UTE SAO FRANCISCO EI CL 514,,,24.0,20.713422
202505.0,2025-05-07,30965.0,UTE SAO FRANCISCO EI CL 514,Consumidor Livre,SUDESTE,24.0,0.0
202505.0,2025-05-07,30965.0,UTE SAO FRANCISCO EI CL 514,Consumidor Livre,SUDESTE,24.0,0.0
,2025-05-07,,UTE SAO FRANCISCO EI CL 514,,,24.0,0.0
202505.0,2025-05-08,30965.0,UTE SAO FRANCISCO EI CL 514,Consumidor Livre,SUDESTE,24.0,0.0
202505.0,2025-05-08,30965.0,UTE SAO FRANCISCO EI CL 514,Consumidor Livre,SUDESTE,24.0,0.0
,2025-05-08,,UTE SAO FRANCISCO EI CL 514,,,24.0,0.0
202505.0,2025-05-09,30965.0,UTE SAO FRANCISCO EI CL 514,Consumidor Livre,SUDESTE,24.0,0.0
202505.0,2025-05-09,30965.0,UTE SAO FRANCISCO EI CL 514,Consumidor Livre,SUDESTE,24.0,0.0
,2025-05-09,,UTE SAO FRANCISCO EI CL 514,,,24.0,0.0
202505.0,2025-05-10,30965.0,UTE SAO FRANCISCO EI CL 514,Consumidor Livre,SUDESTE,24.0,0.0
202505.0,2025-05-10,30965.0,UTE SAO FRANCISCO EI CL 514,Consumidor Livre,SUDESTE,24.0,0.0
,2025-05-10,,UTE SAO FRANCISCO EI CL 514,,,24.0,0.0
202505.0,2025-05-11,30965.0,UTE SAO FRANCISCO EI CL 514,Consumidor Livre,SUDESTE,24.0,41.334108
202505.0,2025-05-11,30965.0,UTE SAO FRANCISCO EI CL 514,Consumidor Livre,SUDESTE,24.0,41.334108
,2025-05-11,,UTE SAO FRANCISCO EI CL 514,,,24.0,41.334108
202505.0,2025-05-12,30965.0,UTE SAO FRANCISCO EI CL 514,Consumidor Livre,SUDESTE,24.0,0.0
202505.0,2025-05-12,30965.0,UTE SAO FRANCISCO EI CL 514,Consumidor Livre,SUDESTE,24.0,0.0
,2025-05-12,,UTE SAO FRANCISCO EI CL 514,,,24.0,0.0
202505.0,2025-05-13,30965.0,UTE SAO FRANCISCO EI CL 514,Consumidor Livre,SUDESTE,24.0,0.0
202505.0,2025-05-13,30965.0,UTE SAO FRANCISCO EI CL 514,Consumidor Livre,SUDESTE,24.0,0.0
,2025-05-13,,UTE SAO FRANCISCO EI CL 514,,,24.0,0.0
202505.0,2025-05-14,30965.0,UTE SAO FRANCISCO EI CL 514,Consumidor Livre,SUDESTE,24.0,0.0
202505.0,2025-05-14,30965.0,UTE SAO FRANCISCO EI CL 514,Consumidor Livre,SUDESTE,24.0,0.0
,2025-05-14,,UTE SAO FRANCISCO EI CL 514,,,24.0,0.0
202505.0,2025-05-15,30965.0,UTE SAO FRANCISCO EI CL 514,Consumidor Livre,SUDESTE,24.0,16.766124
202505.0,2025-05-15,30965.0,UTE SAO FRANCISCO EI CL 514,Consumidor Livre,SUDESTE,24.0,16.766124
,2025-05-15,,UTE SAO FRANCISCO EI CL 514,,,24.0,16.766124
202505.0,2025-05-16,30965.0,UTE SAO FRANCISCO EI CL 514,Consumidor Livre,SUDESTE,24.0,0.0
202505.0,2025-05-16,30965.0,UTE SAO FRANCISCO EI CL 514,Consumidor Livre,SUDESTE,24.0,0.0
,2025-05-16,,UTE SAO FRANCISCO EI CL 514,,,24.0,0.0
202505.0,2025-05-17,30965.0,UTE SAO FRANCISCO EI CL 514,Consumidor Livre,SUDESTE,24.0,0.0
202505.0,2025-05-17,30965.0,UTE SAO FRANCISCO EI CL 514,Consumidor Livre,SUDESTE,24.0,0.0
,2025-05-17,,UTE SAO FRANCISCO EI CL 514,,,24.0,0.0
202505.0,2025-05-18,30965.0,UTE SAO FRANCISCO EI CL 514,Consumidor Livre,SUDESTE,24.0,0.0
202505.0,2025-05-18,30965.0,UTE SAO FRANCISCO EI CL 514,Consumidor Livre,SUDESTE,24.0,0.0
,2025-05-18,,UTE SAO FRANCISCO EI CL 514,,,24.0,0.0
202505.0,2025-05-19,30965.0,UTE SAO FRANCISCO EI CL 514,Consumidor Livre,SUDESTE,24.0,0.0
202505.0,2025-05-19,30965.0,UTE SAO FRANCISCO EI CL 514,Consumidor Livre,SUDESTE,24.0,0.0
,2025-05-19,,UTE SAO FRANCISCO EI CL 514,,,24.0,0.0
202505.0,2025-05-20,30965.0,UTE SAO FRANCISCO EI CL 514,Consumidor Livre,SUDESTE,24.0,0.0
202505.0,2025-05-20,30965.0,UTE SAO FRANCISCO EI CL 514,Consumidor Livre,SUDESTE,24.0,0.0
,2025-05-20,,UTE SAO FRANCISCO EI CL 514,,,24.0,0.0
202505.0,2025-05-21,30965.0,UTE SAO FRANCISCO EI CL 514,Consumidor Livre,SUDESTE,24.0,0.0
202505.0,2025-05-21,30965.0,UTE SAO FRANCISCO EI CL 514,Consumidor Livre,SUDESTE,24.0,0.0
,2025-05-21,,UTE SAO FRANCISCO EI CL 514,,,24.0,0.0
202505.0,2025-05-22,30965.0,UTE SAO FRANCISCO EI CL 514,Consumidor Livre,SUDESTE,24.0,0.0
202505.0,2025-05-22,30965.0,UTE SAO FRANCISCO EI CL 514,Consumidor Livre,SUDESTE,24.0,0.0
,2025-05-22,,UTE SAO FRANCISCO EI CL 514,,,24.0,0.0
202505.0,2025-05-23,30965.0,UTE SAO FRANCISCO EI CL 514,Consumidor Livre,SUDESTE,24.0,0.0
202505.0,2025-05-23,30965.0,UTE SAO FRANCISCO EI CL 514,Consumidor Livre,SUDESTE,24.0,0.0
,2025-05-23,,UTE SAO FRANCISCO EI CL 514,,,24.0,0.0
202505.0,2025-05-24,30965.0,UTE SAO FRANCISCO EI CL 514,Consumidor Livre,SUDESTE,24.0,0.0
202505.0,2025-05-24,30965.0,UTE SAO FRANCISCO EI CL 514,Consumidor Livre,SUDESTE,24.0,0.0
,2025-05-24,,UTE SAO FRANCISCO EI CL 514,,,24.0,0.0
202505.0,2025-05-25,30965.0,UTE SAO FRANCISCO EI CL 514,Consumidor Livre,SUDESTE,24.0,0.0
202505.0,2025-05-25,30965.0,UTE SAO FRANCISCO EI CL 514,Consumidor Livre,SUDESTE,24.0,0.0
,2025-05-25,,UTE SAO FRANCISCO EI CL 514,,,24.0,0.0
202505.0,2025-05-26,30965.0,UTE SAO FRANCISCO EI CL 514,Consumidor Livre,SUDESTE,24.0,0.0
202505.0,2025-05-26,30965.0,UTE SAO FRANCISCO EI CL 514,Consumidor Livre,SUDESTE,24.0,0.0
,2025-05-26,,UTE SAO FRANCISCO EI CL 514,,,24.0,0.0
202505.0,2025-05-27,30965.0,UTE SAO FRANCISCO EI CL 514,Consumidor Livre,SUDESTE,24.0,0.0
202505.0,2025-05-27,30965.0,UTE SAO FRANCISCO EI CL 514,Consumidor Livre,SUDESTE,24.0,0.0
,2025-05-27,,UTE SAO FRANCISCO EI CL 514,,,24.0,0.0
202505.0,2025-05-28,30965.0,UTE SAO FRANCISCO EI CL 514,Consumidor Livre,SUDESTE,24.0,0.0
202505.0,2025-05-28,30965.0,UTE SAO FRANCISCO EI CL 514,Consumidor Livre,SUDESTE,24.0,0.0
,2025-05-28,,UTE SAO FRANCISCO EI CL 514,,,24.0,0.0
202505.0,2025-05-29,30965.0,UTE SAO FRANCISCO EI CL 514,Consumidor Livre,SUDESTE,24.0,0.0
202505.0,2025-05-29,30965.0,UTE SAO FRANCISCO EI CL 514,Consumidor Livre,SUDESTE,24.0,0.0
,2025-05-29,,UTE SAO FRANCISCO EI CL 514,,,24.0,0.0
202505.0,2025-05-30,30965.0,UTE SAO FRANCISCO EI CL 514,Consumidor Livre,SUDESTE,24.0,0.0
202505.0,2025-05-30,30965.0,UTE SAO FRANCISCO EI CL 514,Consumidor Livre,SUDESTE,24.0,0.0
,2025-05-30,,UTE SAO FRANCISCO EI CL 514,,,24.0,0.0
202505.0,2025-05-31,30965.0,UTE SAO FRANCISCO EI CL 514,Consumidor Livre,SUDESTE,24.0,0.0
202505.0,2025-05-31,30965.0,UTE SAO FRANCISCO EI CL 514,Consumidor Livre,SUDESTE,24.0,0.0
,2025-05-31,,UTE SAO FRANCISCO EI CL 514,,,24.0,0.0
202506.0,2025-06-01,30965.0,UTE SAO FRANCISCO EI CL 514,Consumidor Livre,SUDESTE,24.0,0.0
202506.0,2025-06-01,30965.0,UTE SAO FRANCISCO EI CL 514,Consumidor Livre,SUDESTE,24.0,0.0
,2025-06-01,,UTE SAO FRANCISCO EI CL 514,,,24.0,0.0
202506.0,2025-06-02,30965.0,UTE SAO FRANCISCO EI CL 514,Consumidor Livre,SUDESTE,24.0,0.0
202506.0,2025-06-02,30965.0,UTE SAO FRANCISCO EI CL 514,Consumidor Livre,SUDESTE,24.0,0.0
,2025-06-02,,UTE SAO FRANCISCO EI CL 514,,,24.0,0.0
202506.0,2025-06-03,30965.0,UTE SAO FRANCISCO EI CL 514,Consumidor Livre,SUDESTE,24.0,17.844801
202506.0,2025-06-03,30965.0,UTE SAO FRANCISCO EI CL 514,Consumidor Livre,SUDESTE,24.0,17.844801
,2025-06-03,,UTE SAO FRANCISCO EI CL 514,,,24.0,17.844801
202506.0,2025-06-04,30965.0,UTE SAO FRANCISCO EI CL 514,Consumidor Livre,SUDESTE,24.0,34.597097
202506.0,2025-06-04,30965.0,UTE SAO FRANCISCO EI CL 514,Consumidor Livre,SUDESTE,24.0,34.597097
,2025-06-04,,UTE SAO FRANCISCO EI CL 514,,,24.0,34.597097
202506.0,2025-06-05,30965.0,UTE SAO FRANCISCO EI CL 514,Consumidor Livre,SUDESTE,24.0,20.038623
202506.0,2025-06-05,30965.0,UTE SAO FRANCISCO EI CL 514,Consumidor Livre,SUDESTE,24.0,20.038623
,2025-06-05,,UTE SAO FRANCISCO EI CL 514,,,24.0,20.038623
202506.0,2025-06-06,30965.0,UTE SAO FRANCISCO EI CL 514,Consumidor Livre,SUDESTE,24.0,0.0
202506.0,2025-06-06,30965.0,UTE SAO FRANCISCO EI CL 514,Consumidor Livre,SUDESTE,24.0,0.0
,2025-06-06,,UTE SAO FRANCISCO EI CL 514,,,24.0,0.0
202506.0,2025-06-07,30965.0,UTE SAO FRANCISCO EI CL 514,Consumidor Livre,SUDESTE,24.0,0.0
202506.0,2025-06-07,30965.0,UTE SAO FRANCISCO EI CL 514,Consumidor Livre,SUDESTE,24.0,0.0
,2025-06-07,,UTE SAO FRANCISCO EI CL 514,,,24.0,0.0
202506.0,2025-06-08,30965.0,UTE SAO FRANCISCO EI CL 514,Consumidor Livre,SUDESTE,24.0,0.0
202506.0,2025-06-08,30965.0,UTE SAO FRANCISCO EI CL 514,Consumidor Livre,SUDESTE,24.0,0.0
,2025-06-08,,UTE SAO FRANCISCO EI CL 514,,,24.0,0.0
202506.0,2025-06-09,30965.0,UTE SAO FRANCISCO EI CL 514,Consumidor Livre,SUDESTE,24.0,30.770063
202506.0,2025-06-09,30965.0,UTE SAO FRANCISCO EI CL 514,Consumidor Livre,SUDESTE,24.0,30.770063
,2025-06-09,,UTE SAO FRANCISCO EI CL 514,,,24.0,30.770063
202506.0,2025-06-10,30965.0,UTE SAO FRANCISCO EI CL 514,Consumidor Livre,SUDESTE,24.0,38.198192
202506.0,2025-06-10,30965.0,UTE SAO FRANCISCO EI CL 514,Consumidor Livre,SUDESTE,24.0,38.198192
,2025-06-10,,UTE SAO FRANCISCO EI CL 514,,,24.0,38.198192
202506.0,2025-06-11,30965.0,UTE SAO FRANCISCO EI CL 514,Consumidor Livre,SUDESTE,24.0,0.0
202506.0,2025-06-11,30965.0,UTE SAO FRANCISCO EI CL 514,Consumidor Livre,SUDESTE,24.0,0.0
,2025-06-11,,UTE SAO FRANCISCO EI CL 514,,,24.0,0.0
202506.0,2025-06-12,30965.0,UTE SAO FRANCISCO EI CL 514,Consumidor Livre,SUDESTE,24.0,0.0
202506.0,2025-06-12,30965.0,UTE SAO FRANCISCO EI CL 514,Consumidor Livre,SUDESTE,24.0,0.0
,2025-06-12,,UTE SAO FRANCISCO EI CL 514,,,24.0,0.0
202506.0,2025-06-13,30965.0,UTE SAO FRANCISCO EI CL 514,Consumidor Livre,SUDESTE,24.0,0.0
202506.0,2025-06-13,30965.0,UTE SAO FRANCISCO EI CL 514,Consumidor Livre,SUDESTE,24.0,0.0
,2025-06-13,,UTE SAO FRANCISCO EI CL 514,,,24.0,0.0
202506.0,2025-06-14,30965.0,UTE SAO FRANCISCO EI CL 514,Consumidor Livre,SUDESTE,24.0,2.2713
202506.0,2025-06-14,30965.0,UTE SAO FRANCISCO EI CL 514,Consumidor Livre,SUDESTE,24.0,2.2713
,2025-06-14,,UTE SAO FRANCISCO EI CL 514,,,24.0,2.2713
202506.0,2025-06-15,30965.0,UTE SAO FRANCISCO EI CL 514,Consumidor Livre,SUDESTE,24.0,0.0
202506.0,2025-06-15,30965.0,UTE SAO FRANCISCO EI CL 514,Consumidor Livre,SUDESTE,24.0,0.0
,2025-06-15,,UTE SAO FRANCISCO EI CL 514,,,24.0,0.0
202506.0,2025-06-16,30965.0,UTE SAO FRANCISCO EI CL 514,Consumidor Livre,SUDESTE,24.0,0.0
202506.0,2025-06-16,30965.0,UTE SAO FRANCISCO EI CL 514,Consumidor Livre,SUDESTE,24.0,0.0
,2025-06-16,,UTE SAO FRANCISCO EI CL 514,,,24.0,0.0
202506.0,2025-06-17,30965.0,UTE SAO FRANCISCO EI CL 514,Consumidor Livre,SUDESTE,24.0,0.0
202506.0,2025-06-17,30965.0,UTE SAO FRANCISCO EI CL 514,Consumidor Livre,SUDESTE,24.0,0.0
,2025-06-17,,UTE SAO FRANCISCO EI CL 514,,,24.0,0.0
202506.0,2025-06-18,30965.0,UTE SAO FRANCISCO EI CL 514,Consumidor Livre,SUDESTE,24.0,0.0
202506.0,2025-06-18,30965.0,UTE SAO FRANCISCO EI CL 514,Consumidor Livre,SUDESTE,24.0,0.0
,2025-06-18,,UTE SAO FRANCISCO EI CL 514,,,24.0,0.0
202506.0,2025-06-19,30965.0,UTE SAO FRANCISCO EI CL 514,Consumidor Livre,SUDESTE,24.0,0.0
202506.0,2025-06-19,30965.0,UTE SAO FRANCISCO EI CL 514,Consumidor Livre,SUDESTE,24.0,0.0
,2025-06-19,,UTE SAO FRANCISCO EI CL 514,,,24.0,0.0
202506.0,2025-06-20,30965.0,UTE SAO FRANCISCO EI CL 514,Consumidor Livre,SUDESTE,24.0,0.0
202506.0,2025-06-20,30965.0,UTE SAO FRANCISCO EI CL 514,Consumidor Livre,SUDESTE,24.0,0.0
,2025-06-20,,UTE SAO FRANCISCO EI CL 514,,,24.0,0.0
202506.0,2025-06-21,30965.0,UTE SAO FRANCISCO EI CL 514,Consumidor Livre,SUDESTE,24.0,0.0
202506.0,2025-06-21,30965.0,UTE SAO FRANCISCO EI CL 514,Consumidor Livre,SUDESTE,24.0,0.0
,2025-06-21,,UTE SAO FRANCISCO EI CL 514,,,24.0,0.0
202506.0,2025-06-22,30965.0,UTE SAO FRANCISCO EI CL 514,Consumidor Livre,SUDESTE,24.0,3.3374
202506.0,2025-06-22,30965.0,UTE SAO FRANCISCO EI CL 514,Consumidor Livre,SUDESTE,24.0,3.3374
,2025-06-22,,UTE SAO FRANCISCO EI CL 514,,,24.0,3.3374
202506.0,2025-06-23,30965.0,UTE SAO FRANCISCO EI CL 514,Consumidor Livre,SUDESTE,24.0,2.979343
202506.0,2025-06-23,30965.0,UTE SAO FRANCISCO EI CL 514,Consumidor Livre,SUDESTE,24.0,2.979343
,2025-06-23,,UTE SAO FRANCISCO EI CL 514,,,24.0,2.979343
202506.0,2025-06-24,30965.0,UTE SAO FRANCISCO EI CL 514,Consumidor Livre,SUDESTE,24.0,47.83073
202506.0,2025-06-24,30965.0,UTE SAO FRANCISCO EI CL 514,Consumidor Livre,SUDESTE,24.0,47.83073
,2025-06-24,,UTE SAO FRANCISCO EI CL 514,,,24.0,47.83073
202506.0,2025-06-25,30965.0,UTE SAO FRANCISCO EI CL 514,Consumidor Livre,SUDESTE,24.0,2.0742
202506.0,2025-06-25,30965.0,UTE SAO FRANCISCO EI CL 514,Consumidor Livre,SUDESTE,24.0,2.0742
,2025-06-25,,UTE SAO FRANCISCO EI CL 514,,,24.0,2.0742
202506.0,2025-06-26,30965.0,UTE SAO FRANCISCO EI CL 514,Consumidor Livre,SUDESTE,24.0,0.0
202506.0,2025-06-26,30965.0,UTE SAO FRANCISCO EI CL 514,Consumidor Livre,SUDESTE,24.0,0.0
,2025-06-26,,UTE SAO FRANCISCO EI CL 514,,,24.0,0.0
202506.0,2025-06-27,30965.0,UTE SAO FRANCISCO EI CL 514,Consumidor Livre,SUDESTE,24.0,0.0
202506.0,2025-06-27,30965.0,UTE SAO FRANCISCO EI CL 514,Consumidor Livre,SUDESTE,24.0,0.0
,2025-06-27,,UTE SAO FRANCISCO EI CL 514,,,24.0,0.0
202506.0,2025-06-28,30965.0,UTE SAO FRANCISCO EI CL 514,Consumidor Livre,SUDESTE,24.0,0.0
202506.0,2025-06-28,30965.0,UTE SAO FRANCISCO EI CL 514,Consumidor Livre,SUDESTE,24.0,0.0
,2025-06-28,,UTE SAO FRANCISCO EI CL 514,,,24.0,0.0
202506.0,2025-06-29,30965.0,UTE SAO FRANCISCO EI CL 514,Consumidor Livre,SUDESTE,24.0,0.0
202506.0,2025-06-29,30965.0,UTE SAO FRANCISCO EI CL 514,Consumidor Livre,SUDESTE,24.0,0.0
,2025-06-29,,UTE SAO FRANCISCO EI CL 514,,,24.0,0.0
202506.0,2025-06-30,30965.0,UTE SAO FRANCISCO EI CL 514,Consumidor Livre,SUDESTE,24.0,0.0
202506.0,2025-06-30,30965.0,UTE SAO FRANCISCO EI CL 514,Consumidor Livre,SUDESTE,24.0,0.0
,2025-06-30,,UTE SAO FRANCISCO EI CL 514,,,24.0,0.0
202507.0,2025-07-01,30965.0,UTE SAO FRANCISCO EI CL 514,Consumidor Livre,SUDESTE,24.0,0.0
202507.0,2025-07-01,30965.0,UTE SAO FRANCISCO EI CL 514,Consumidor Livre,SUDESTE,24.0,0.0
,2025-07-01,,UTE SAO FRANCISCO EI CL 514,,,24.0,0.0
202507.0,2025-07-02,30965.0,UTE SAO FRANCISCO EI CL 514,Consumidor Livre,SUDESTE,24.0,0.0
202507.0,2025-07-02,30965.0,UTE SAO FRANCISCO EI CL 514,Consumidor Livre,SUDESTE,24.0,0.0
,2025-07-02,,UTE SAO FRANCISCO EI CL 514,,,24.0,0.0
202507.0,2025-07-03,30965.0,UTE SAO FRANCISCO EI CL 514,Consumidor Livre,SUDESTE,24.0,0.0
202507.0,2025-07-03,30965.0,UTE SAO FRANCISCO EI CL 514,Consumidor Livre,SUDESTE,24.0,0.0
,2025-07-03,,UTE SAO FRANCISCO EI CL 514,,,24.0,0.0
202507.0,2025-07-04,30965.0,UTE SAO FRANCISCO EI CL 514,Consumidor Livre,SUDESTE,24.0,0.0
202507.0,2025-07-04,30965.0,UTE SAO FRANCISCO EI CL 514,Consumidor Livre,SUDESTE,24.0,0.0
,2025-07-04,,UTE SAO FRANCISCO EI CL 514,,,24.0,0.0
202507.0,2025-07-05,30965.0,UTE SAO FRANCISCO EI CL 514,Consumidor Livre,SUDESTE,24.0,0.0
202507.0,2025-07-05,30965.0,UTE SAO FRANCISCO EI CL 514,Consumidor Livre,SUDESTE,24.0,0.0
,2025-07-05,,UTE SAO FRANCISCO EI CL 514,,,24.0,0.0
202507.0,2025-07-06,30965.0,UTE SAO FRANCISCO EI CL 514,Consumidor Livre,SUDESTE,24.0,0.0
202507.0,2025-07-06,30965.0,UTE SAO FRANCISCO EI CL 514,Consumidor Livre,SUDESTE,24.0,0.0
,2025-07-06,,UTE SAO FRANCISCO EI CL 514,,,24.0,0.0
202507.0,2025-07-07,30965.0,UTE SAO FRANCISCO EI CL 514,Consumidor Livre,SUDESTE,24.0,4.5488
202507.0,2025-07-07,30965.0,UTE SAO FRANCISCO EI CL 514,Consumidor Livre,SUDESTE,24.0,4.5488
,2025-07-07,,UTE SAO FRANCISCO EI CL 514,,,24.0,4.5488
202507.0,2025-07-08,30965.0,UTE SAO FRANCISCO EI CL 514,Consumidor Livre,SUDESTE,24.0,0.0
202507.0,2025-07-08,30965.0,UTE SAO FRANCISCO EI CL 514,Consumidor Livre,SUDESTE,24.0,0.0
,2025-07-08,,UTE SAO FRANCISCO EI CL 514,,,24.0,0.0
202507.0,2025-07-09,30965.0,UTE SAO FRANCISCO EI CL 514,Consumidor Livre,SUDESTE,24.0,0.0
202507.0,2025-07-09,30965.0,UTE SAO FRANCISCO EI CL 514,Consumidor Livre,SUDESTE,24.0,0.0
,2025-07-09,,UTE SAO FRANCISCO EI CL 514,,,24.0,0.0
202507.0,2025-07-10,30965.0,UTE SAO FRANCISCO EI CL 514,Consumidor Livre,SUDESTE,24.0,0.0
202507.0,2025-07-10,30965.0,UTE SAO FRANCISCO EI CL 514,Consumidor Livre,SUDESTE,24.0,0.0
,2025-07-10,,UTE SAO FRANCISCO EI CL 514,,,24.0,0.0
202507.0,2025-07-11,30965.0,UTE SAO FRANCISCO EI CL 514,Consumidor Livre,SUDESTE,24.0,0.0
202507.0,2025-07-11,30965.0,UTE SAO FRANCISCO EI CL 514,Consumidor Livre,SUDESTE,24.0,0.0
,2025-07-11,,UTE SAO FRANCISCO EI CL 514,,,24.0,0.0
202507.0,2025-07-12,30965.0,UTE SAO FRANCISCO EI CL 514,Consumidor Livre,SUDESTE,24.0,0.0
202507.0,2025-07-12,30965.0,UTE SAO FRANCISCO EI CL 514,Consumidor Livre,SUDESTE,24.0,0.0
,2025-07-12,,UTE SAO FRANCISCO EI CL 514,,,24.0,0.0
202507.0,2025-07-13,30965.0,UTE SAO FRANCISCO EI CL 514,Consumidor Livre,SUDESTE,24.0,0.0
202507.0,2025-07-13,30965.0,UTE SAO FRANCISCO EI CL 514,Consumidor Livre,SUDESTE,24.0,0.0
,2025-07-13,,UTE SAO FRANCISCO EI CL 514,,,24.0,0.0
202507.0,2025-07-14,30965.0,UTE SAO FRANCISCO EI CL 514,Consumidor Livre,SUDESTE,24.0,0.0
202507.0,2025-07-14,30965.0,UTE SAO FRANCISCO EI CL 514,Consumidor Livre,SUDESTE,24.0,0.0
,2025-07-14,,UTE SAO FRANCISCO EI CL 514,,,24.0,0.0
202507.0,2025-07-15,30965.0,UTE SAO FRANCISCO EI CL 514,Consumidor Livre,SUDESTE,24.0,0.0
202507.0,2025-07-15,30965.0,UTE SAO FRANCISCO EI CL 514,Consumidor Livre,SUDESTE,24.0,0.0
,2025-07-15,,UTE SAO FRANCISCO EI CL 514,,,24.0,0.0
202507.0,2025-07-16,30965.0,UTE SAO FRANCISCO EI CL 514,Consumidor Livre,SUDESTE,24.0,0.0
202507.0,2025-07-16,30965.0,UTE SAO FRANCISCO EI CL 514,Consumidor Livre,SUDESTE,24.0,0.0
,2025-07-16,,UTE SAO FRANCISCO EI CL 514,,,24.0,0.0
202507.0,2025-07-17,30965.0,UTE SAO FRANCISCO EI CL 514,Consumidor Livre,SUDESTE,24.0,0.0
202507.0,2025-07-17,30965.0,UTE SAO FRANCISCO EI CL 514,Consumidor Livre,SUDESTE,24.0,0.0
,2025-07-17,,UTE SAO FRANCISCO EI CL 514,,,24.0,0.0
202507.0,2025-07-18,30965.0,UTE SAO FRANCISCO EI CL 514,Consumidor Livre,SUDESTE,24.0,9.491538
202507.0,2025-07-18,30965.0,UTE SAO FRANCISCO EI CL 514,Consumidor Livre,SUDESTE,24.0,9.491538
,2025-07-18,,UTE SAO FRANCISCO EI CL 514,,,24.0,9.491538
202507.0,2025-07-19,30965.0,UTE SAO FRANCISCO EI CL 514,Consumidor Livre,SUDESTE,24.0,0.0
202507.0,2025-07-19,30965.0,UTE SAO FRANCISCO EI CL 514,Consumidor Livre,SUDESTE,24.0,0.0
,2025-07-19,,UTE SAO FRANCISCO EI CL 514,,,24.0,0.0
202507.0,2025-07-20,30965.0,UTE SAO FRANCISCO EI CL 514,Consumidor Livre,SUDESTE,24.0,0.0
202507.0,2025-07-20,30965.0,UTE SAO FRANCISCO EI CL 514,Consumidor Livre,SUDESTE,24.0,0.0
,2025-07-20,,UTE SAO FRANCISCO EI CL 514,,,24.0,0.0
202507.0,2025-07-21,30965.0,UTE SAO FRANCISCO EI CL 514,Consumidor Livre,SUDESTE,24.0,0.0
202507.0,2025-07-21,30965.0,UTE SAO FRANCISCO EI CL 514,Consumidor Livre,SUDESTE,24.0,0.0
,2025-07-21,,UTE SAO FRANCISCO EI CL 514,,,24.0,0.0
202507.0,2025-07-22,30965.0,UTE SAO FRANCISCO EI CL 514,Consumidor Livre,SUDESTE,24.0,2.347
202507.0,2025-07-22,30965.0,UTE SAO FRANCISCO EI CL 514,Consumidor Livre,SUDESTE,24.0,2.347
,2025-07-22,,UTE SAO FRANCISCO EI CL 514,,,24.0,2.347
202507.0,2025-07-23,30965.0,UTE SAO FRANCISCO EI CL 514,Consumidor Livre,SUDESTE,24.0,0.0
202507.0,2025-07-23,30965.0,UTE SAO FRANCISCO EI CL 514,Consumidor Livre,SUDESTE,24.0,0.0
,2025-07-23,,UTE SAO FRANCISCO EI CL 514,,,24.0,0.0
202507.0,2025-07-24,30965.0,UTE SAO FRANCISCO EI CL 514,Consumidor Livre,SUDESTE,24.0,0.0
202507.0,2025-07-24,30965.0,UTE SAO FRANCISCO EI CL 514,Consumidor Livre,SUDESTE,24.0,0.0
,2025-07-24,,UTE SAO FRANCISCO EI CL 514,,,24.0,0.0
202507.0,2025-07-25,30965.0,UTE SAO FRANCISCO EI CL 514,Consumidor Livre,SUDESTE,24.0,0.0
202507.0,2025-07-25,30965.0,UTE SAO FRANCISCO EI CL 514,Consumidor Livre,SUDESTE,24.0,0.0
,2025-07-25,,UTE SAO FRANCISCO EI CL 514,,,24.0,0.0
202507.0,2025-07-26,30965.0,UTE SAO FRANCISCO EI CL 514,Consumidor Livre,SUDESTE,24.0,0.0
202507.0,2025-07-26,30965.0,UTE SAO FRANCISCO EI CL 514,Consumidor Livre,SUDESTE,24.0,0.0
,2025-07-26,,UTE SAO FRANCISCO EI CL 514,,,24.0,0.0
202507.0,2025-07-27,30965.0,UTE SAO FRANCISCO EI CL 514,Consumidor Livre,SUDESTE,24.0,0.0
202507.0,2025-07-27,30965.0,UTE SAO FRANCISCO EI CL 514,Consumidor Livre,SUDESTE,24.0,0.0
,2025-07-27,,UTE SAO FRANCISCO EI CL 514,,,24.0,0.0
202507.0,2025-07-28,30965.0,UTE SAO FRANCISCO EI CL 514,Consumidor Livre,SUDESTE,24.0,11.464843
202507.0,2025-07-28,30965.0,UTE SAO FRANCISCO EI CL 514,Consumidor Livre,SUDESTE,24.0,11.464843
,2025-07-28,,UTE SAO FRANCISCO EI CL 514,,,24.0,11.464843
202507.0,2025-07-29,30965.0,UTE SAO FRANCISCO EI CL 514,Consumidor Livre,SUDESTE,24.0,15.11885
202507.0,2025-07-29,30965.0,UTE SAO FRANCISCO EI CL 514,Consumidor Livre,SUDESTE,24.0,15.11885
,2025-07-29,,UTE SAO FRANCISCO EI CL 514,,,24.0,15.11885
202507.0,2025-07-30,30965.0,UTE SAO FRANCISCO EI CL 514,Consumidor Livre,SUDESTE,24.0,0.0
202507.0,2025-07-30,30965.0,UTE SAO FRANCISCO EI CL 514,Consumidor Livre,SUDESTE,24.0,0.0
,2025-07-30,,UTE SAO FRANCISCO EI CL 514,,,24.0,0.0
202507.0,2025-07-31,30965.0,UTE SAO FRANCISCO EI CL 514,Consumidor Livre,SUDESTE,24.0,0.0
202507.0,2025-07-31,30965.0,UTE SAO FRANCISCO EI CL 514,Consumidor Livre,SUDESTE,24.0,0.0
,2025-07-31,,UTE SAO FRANCISCO EI CL 514,,,24.0,0.0
202508.0,2025-08-01,30965.0,UTE SAO FRANCISCO EI CL 514,Consumidor Livre,SUDESTE,24.0,0.0
202508.0,2025-08-01,30965.0,UTE SAO FRANCISCO EI CL 514,Consumidor Livre,SUDESTE,24.0,0.0
,2025-08-01,,UTE SAO FRANCISCO EI CL 514,,,24.0,0.0
202508.0,2025-08-02,30965.0,UTE SAO FRANCISCO EI CL 514,Consumidor Livre,SUDESTE,24.0,0.0
202508.0,2025-08-02,30965.0,UTE SAO FRANCISCO EI CL 514,Consumidor Livre,SUDESTE,24.0,0.0
,2025-08-02,,UTE SAO FRANCISCO EI CL 514,,,24.0,0.0
202508.0,2025-08-03,30965.0,UTE SAO FRANCISCO EI CL 514,Consumidor Livre,SUDESTE,24.0,0.0
202508.0,2025-08-03,30965.0,UTE SAO FRANCISCO EI CL 514,Consumidor Livre,SUDESTE,24.0,0.0
,2025-08-03,,UTE SAO FRANCISCO EI CL 514,,,24.0,0.0
202508.0,2025-08-04,30965.0,UTE SAO FRANCISCO EI CL 514,Consumidor Livre,SUDESTE,24.0,0.0
202508.0,2025-08-04,30965.0,UTE SAO FRANCISCO EI CL 514,Consumidor Livre,SUDESTE,24.0,0.0
,2025-08-04,,UTE SAO FRANCISCO EI CL 514,,,24.0,0.0
202508.0,2025-08-05,30965.0,UTE SAO FRANCISCO EI CL 514,Consumidor Livre,SUDESTE,24.0,0.0
202508.0,2025-08-05,30965.0,UTE SAO FRANCISCO EI CL 514,Consumidor Livre,SUDESTE,24.0,0.0
,2025-08-05,,UTE SAO FRANCISCO EI CL 514,,,24.0,0.0
202508.0,2025-08-06,30965.0,UTE SAO FRANCISCO EI CL 514,Consumidor Livre,SUDESTE,24.0,0.0
202508.0,2025-08-06,30965.0,UTE SAO FRANCISCO EI CL 514,Consumidor Livre,SUDESTE,24.0,0.0
,2025-08-06,,UTE SAO FRANCISCO EI CL 514,,,24.0,0.0
202508.0,2025-08-07,30965.0,UTE SAO FRANCISCO EI CL 514,Consumidor Livre,SUDESTE,24.0,0.0
202508.0,2025-08-07,30965.0,UTE SAO FRANCISCO EI CL 514,Consumidor Livre,SUDESTE,24.0,0.0
,2025-08-07,,UTE SAO FRANCISCO EI CL 514,,,24.0,0.0
202508.0,2025-08-08,30965.0,UTE SAO FRANCISCO EI CL 514,Consumidor Livre,SUDESTE,24.0,0.0
202508.0,2025-08-08,30965.0,UTE SAO FRANCISCO EI CL 514,Consumidor Livre,SUDESTE,24.0,0.0
,2025-08-08,,UTE SAO FRANCISCO EI CL 514,,,24.0,0.0
202508.0,2025-08-09,30965.0,UTE SAO FRANCISCO EI CL 514,Consumidor Livre,SUDESTE,24.0,0.0
202508.0,2025-08-09,30965.0,UTE SAO FRANCISCO EI CL 514,Consumidor Livre,SUDESTE,24.0,0.0
,2025-08-09,,UTE SAO FRANCISCO EI CL 514,,,24.0,0.0
202508.0,2025-08-10,30965.0,UTE SAO FRANCISCO EI CL 514,Consumidor Livre,SUDESTE,24.0,0.0
202508.0,2025-08-10,30965.0,UTE SAO FRANCISCO EI CL 514,Consumidor Livre,SUDESTE,24.0,0.0
,2025-08-10,,UTE SAO FRANCISCO EI CL 514,,,24.0,0.0
202508.0,2025-08-11,30965.0,UTE SAO FRANCISCO EI CL 514,Consumidor Livre,SUDESTE,24.0,0.0
202508.0,2025-08-11,30965.0,UTE SAO FRANCISCO EI CL 514,Consumidor Livre,SUDESTE,24.0,0.0
,2025-08-11,,UTE SAO FRANCISCO EI CL 514,,,24.0,0.0
202508.0,2025-08-12,30965.0,UTE SAO FRANCISCO EI CL 514,Consumidor Livre,SUDESTE,24.0,0.0
202508.0,2025-08-12,30965.0,UTE SAO FRANCISCO EI CL 514,Consumidor Livre,SUDESTE,24.0,0.0
,2025-08-12,,UTE SAO FRANCISCO EI CL 514,,,24.0,0.0
202508.0,2025-08-13,30965.0,UTE SAO FRANCISCO EI CL 514,Consumidor Livre,SUDESTE,24.0,0.0
202508.0,2025-08-13,30965.0,UTE SAO FRANCISCO EI CL 514,Consumidor Livre,SUDESTE,24.0,0.0
,2025-08-13,,UTE SAO FRANCISCO EI CL 514,,,24.0,0.0
202508.0,2025-08-14,30965.0,UTE SAO FRANCISCO EI CL 514,Consumidor Livre,SUDESTE,24.0,0.0
202508.0,2025-08-14,30965.0,UTE SAO FRANCISCO EI CL 514,Consumidor Livre,SUDESTE,24.0,0.0
,2025-08-14,,UTE SAO FRANCISCO EI CL 514,,,24.0,0.0
202508.0,2025-08-15,30965.0,UTE SAO FRANCISCO EI CL 514,Consumidor Livre,SUDESTE,24.0,0.0
202508.0,2025-08-15,30965.0,UTE SAO FRANCISCO EI CL 514,Consumidor Livre,SUDESTE,24.0,0.0
,2025-08-15,,UTE SAO FRANCISCO EI CL 514,,,24.0,0.0
202508.0,2025-08-16,30965.0,UTE SAO FRANCISCO EI CL 514,Consumidor Livre,SUDESTE,24.0,0.0
202508.0,2025-08-16,30965.0,UTE SAO FRANCISCO EI CL 514,Consumidor Livre,SUDESTE,24.0,0.0
,2025-08-16,,UTE SAO FRANCISCO EI CL 514,,,24.0,0.0
202508.0,2025-08-17,30965.0,UTE SAO FRANCISCO EI CL 514,Consumidor Livre,SUDESTE,24.0,0.0
202508.0,2025-08-17,30965.0,UTE SAO FRANCISCO EI CL 514,Consumidor Livre,SUDESTE,24.0,0.0
,2025-08-17,,UTE SAO FRANCISCO EI CL 514,,,24.0,0.0
202508.0,2025-08-18,30965.0,UTE SAO FRANCISCO EI CL 514,Consumidor Livre,SUDESTE,24.0,0.0
202508.0,2025-08-18,30965.0,UTE SAO FRANCISCO EI CL 514,Consumidor Livre,SUDESTE,24.0,0.0
,2025-08-18,,UTE SAO FRANCISCO EI CL 514,,,24.0,0.0
202508.0,2025-08-19,30965.0,UTE SAO FRANCISCO EI CL 514,Consumidor Livre,SUDESTE,24.0,0.0
202508.0,2025-08-19,30965.0,UTE SAO FRANCISCO EI CL 514,Consumidor Livre,SUDESTE,24.0,0.0
,2025-08-19,,UTE SAO FRANCISCO EI CL 514,,,24.0,0.0
202508.0,2025-08-20,30965.0,UTE SAO FRANCISCO EI CL 514,Consumidor Livre,SUDESTE,24.0,0.0
202508.0,2025-08-20,30965.0,UTE SAO FRANCISCO EI CL 514,Consumidor Livre,SUDESTE,24.0,0.0
,2025-08-20,,UTE SAO FRANCISCO EI CL 514,,,24.0,0.0
202508.0,2025-08-21,30965.0,UTE SAO FRANCISCO EI CL 514,Consumidor Livre,SUDESTE,24.0,0.0
202508.0,2025-08-21,30965.0,UTE SAO FRANCISCO EI CL 514,Consumidor Livre,SUDESTE,24.0,0.0
,2025-08-21,,UTE SAO FRANCISCO EI CL 514,,,24.0,0.0
202508.0,2025-08-22,30965.0,UTE SAO FRANCISCO EI CL 514,Consumidor Livre,SUDESTE,24.0,0.0
202508.0,2025-08-22,30965.0,UTE SAO FRANCISCO EI CL 514,Consumidor Livre,SUDESTE,24.0,0.0
,2025-08-22,,UTE SAO FRANCISCO EI CL 514,,,24.0,0.0
202508.0,2025-08-23,30965.0,UTE SAO FRANCISCO EI CL 514,Consumidor Livre,SUDESTE,24.0,0.0
202508.0,2025-08-23,30965.0,UTE SAO FRANCISCO EI CL 514,Consumidor Livre,SUDESTE,24.0,0.0
,2025-08-23,,UTE SAO FRANCISCO EI CL 514,,,24.0,0.0
202508.0,2025-08-24,30965.0,UTE SAO FRANCISCO EI CL 514,Consumidor Livre,SUDESTE,24.0,0.0
202508.0,2025-08-24,30965.0,UTE SAO FRANCISCO EI CL 514,Consumidor Livre,SUDESTE,24.0,0.0
,2025-08-24,,UTE SAO FRANCISCO EI CL 514,,,24.0,0.0
202508.0,2025-08-25,30965.0,UTE SAO FRANCISCO EI CL 514,Consumidor Livre,SUDESTE,24.0,0.0
202508.0,2025-08-25,30965.0,UTE SAO FRANCISCO EI CL 514,Consumidor Livre,SUDESTE,24.0,0.0
,2025-08-25,,UTE SAO FRANCISCO EI CL 514,,,24.0,0.0
202508.0,2025-08-26,30965.0,UTE SAO FRANCISCO EI CL 514,Consumidor Livre,SUDESTE,24.0,0.0
202508.0,2025-08-26,30965.0,UTE SAO FRANCISCO EI CL 514,Consumidor Livre,SUDESTE,24.0,0.0
,2025-08-26,,UTE SAO FRANCISCO EI CL 514,,,24.0,0.0
202508.0,2025-08-27,30965.0,UTE SAO FRANCISCO EI CL 514,Consumidor Livre,SUDESTE,24.0,0.0
202508.0,2025-08-27,30965.0,UTE SAO FRANCISCO EI CL 514,Consumidor Livre,SUDESTE,24.0,0.0
,2025-08-27,,UTE SAO FRANCISCO EI CL 514,,,24.0,0.0
202508.0,2025-08-28,30965.0,UTE SAO FRANCISCO EI CL 514,Consumidor Livre,SUDESTE,24.0,0.0
202508.0,2025-08-28,30965.0,UTE SAO FRANCISCO EI CL 514,Consumidor Livre,SUDESTE,24.0,0.0
,2025-08-28,,UTE SAO FRANCISCO EI CL 514,,,24.0,0.0
202508.0,2025-08-29,30965.0,UTE SAO FRANCISCO EI CL 514,Consumidor Livre,SUDESTE,24.0,7.973782
202508.0,2025-08-29,30965.0,UTE SAO FRANCISCO EI CL 514,Consumidor Livre,SUDESTE,24.0,7.973782
,2025-08-29,,UTE SAO FRANCISCO EI CL 514,,,24.0,7.973782
202508.0,2025-08-30,30965.0,UTE SAO FRANCISCO EI CL 514,Consumidor Livre,SUDESTE,24.0,0.0
202508.0,2025-08-30,30965.0,UTE SAO FRANCISCO EI CL 514,Consumidor Livre,SUDESTE,24.0,0.0
,2025-08-30,,UTE SAO FRANCISCO EI CL 514,,,24.0,0.0
202508.0,2025-08-31,30965.0,UTE SAO FRANCISCO EI CL 514,Consumidor Livre,SUDESTE,24.0,0.0
202508.0,2025-08-31,30965.0,UTE SAO FRANCISCO EI CL 514,Consumidor Livre,SUDESTE,24.0,0.0
,2025-08-31,,UTE SAO FRANCISCO EI CL 514,,,24.0,0.0
