MES_REFERENCIA,DATA,CODIGO_PERFIL_AGENTE,SIGLA_PERFIL_AGENTE,CLASSE_PERFIL_AGENTE,SUBMERCADO,CAPACIDADE_CARGA,CONSUMO_CARGA_ACL
,2022-01-01,85873.0,VIBRA SETE LAGOAS CL,Consumidor Livre,SUDESTE,96.0,0.366555
,2022-01-02,85873.0,VIBRA SETE LAGOAS CL,Consumidor Livre,SUDESTE,96.0,0.724644
,2022-01-03,85873.0,VIBRA SETE LAGOAS CL,Consumidor Livre,SUDESTE,96.0,13.344117
,2022-01-04,85873.0,VIBRA SETE LAGOAS CL,Consumidor Livre,SUDESTE,96.0,14.270363
,2022-01-05,85873.0,VIBRA SETE LAGOAS CL,Consumidor Livre,SUDESTE,96.0,13.266818
,2022-01-06,85873.0,VIBRA SETE LAGOAS CL,Consumidor Livre,SUDESTE,96.0,14.517922
,2022-01-07,85873.0,VIBRA SETE LAGOAS CL,Consumidor Livre,SUDESTE,96.0,12.397772
,2022-01-08,85873.0,VIBRA SETE LAGOAS CL,Consumidor Livre,SUDESTE,96.0,11.845143
,2022-01-09,85873.0,VIBRA SETE LAGOAS CL,Consumidor Livre,SUDESTE,96.0,1.352471
,2022-01-10,85873.0,VIBRA SETE LAGOAS CL,Consumidor Livre,SUDESTE,96.0,11.576966
,2022-01-11,85873.0,VIBRA SETE LAGOAS CL,Consumidor Livre,SUDESTE,96.0,15.073683
,2022-01-12,85873.0,VIBRA SETE LAGOAS CL,Consumidor Livre,SUDESTE,96.0,9.345087
,2022-01-13,85873.0,VIBRA SETE LAGOAS CL,Consumidor Livre,SUDESTE,96.0,11.885388
,2022-01-14,85873.0,VIBRA SETE LAGOAS CL,Consumidor Livre,SUDESTE,96.0,13.308006
,2022-01-15,85873.0,VIBRA SETE LAGOAS CL,Consumidor Livre,SUDESTE,96.0,13.957558
,2022-01-16,85873.0,VIBRA SETE LAGOAS CL,Consumidor Livre,SUDESTE,96.0,0.917077
,2022-01-17,85873.0,VIBRA SETE LAGOAS CL,Consumidor Livre,SUDESTE,96.0,12.347609
,2022-01-18,85873.0,VIBRA SETE LAGOAS CL,Consumidor Livre,SUDESTE,96.0,7.544679
,2022-01-19,85873.0,VIBRA SETE LAGOAS CL,Consumidor Livre,SUDESTE,96.0,14.045093
,2022-01-20,85873.0,VIBRA SETE LAGOAS CL,Consumidor Livre,SUDESTE,96.0,15.915691
,2022-01-21,85873.0,VIBRA SETE LAGOAS CL,Consumidor Livre,SUDESTE,96.0,15.980208
,2022-01-22,85873.0,VIBRA SETE LAGOAS CL,Consumidor Livre,SUDESTE,96.0,13.529967
,2022-01-23,85873.0,VIBRA SETE LAGOAS CL,Consumidor Livre,SUDESTE,96.0,0.95583
,2022-01-24,85873.0,VIBRA SETE LAGOAS CL,Consumidor Livre,SUDESTE,96.0,12.633614
,2022-01-25,85873.0,VIBRA SETE LAGOAS CL,Consumidor Livre,SUDESTE,96.0,14.537266
,2022-01-26,85873.0,VIBRA SETE LAGOAS CL,Consumidor Livre,SUDESTE,96.0,14.59227
,2022-01-27,85873.0,VIBRA SETE LAGOAS CL,Consumidor Livre,SUDESTE,96.0,13.864487
,2022-01-28,85873.0,VIBRA SETE LAGOAS CL,Consumidor Livre,SUDESTE,96.0,12.435271
,2022-01-29,85873.0,VIBRA SETE LAGOAS CL,Consumidor Livre,SUDESTE,96.0,11.09358
,2022-01-30,85873.0,VIBRA SETE LAGOAS CL,Consumidor Livre,SUDESTE,96.0,0.976672
,2022-01-31,85873.0,VIBRA SETE LAGOAS CL,Consumidor Livre,SUDESTE,96.0,11.460429
,2022-02-01,85873.0,VIBRA SETE LAGOAS CL,Consumidor Livre,SUDESTE,96.0,14.925723
,2022-02-02,85873.0,VIBRA SETE LAGOAS CL,Consumidor Livre,SUDESTE,96.0,12.468265
,2022-02-03,85873.0,VIBRA SETE LAGOAS CL,Consumidor Livre,SUDESTE,96.0,12.641854
,2022-02-04,85873.0,VIBRA SETE LAGOAS CL,Consumidor Livre,SUDESTE,96.0,14.809117
,2022-02-05,85873.0,VIBRA SETE LAGOAS CL,Consumidor Livre,SUDESTE,96.0,11.81528
,2022-02-06,85873.0,VIBRA SETE LAGOAS CL,Consumidor Livre,SUDESTE,96.0,0.56272
,2022-02-07,85873.0,VIBRA SETE LAGOAS CL,Consumidor Livre,SUDESTE,96.0,12.711115
,2022-02-08,85873.0,VIBRA SETE LAGOAS CL,Consumidor Livre,SUDESTE,96.0,14.10899
,2022-02-09,85873.0,VIBRA SETE LAGOAS CL,Consumidor Livre,SUDESTE,96.0,13.431145
,2022-02-10,85873.0,VIBRA SETE LAGOAS CL,Consumidor Livre,SUDESTE,96.0,12.232579
,2022-02-11,85873.0,VIBRA SETE LAGOAS CL,Consumidor Livre,SUDESTE,96.0,9.430374
,2022-02-12,85873.0,VIBRA SETE LAGOAS CL,Consumidor Livre,SUDESTE,96.0,14.465481
,2022-02-13,85873.0,VIBRA SETE LAGOAS CL,Consumidor Livre,SUDESTE,96.0,0.841461
,2022-02-14,85873.0,VIBRA SETE LAGOAS CL,Consumidor Livre,SUDESTE,96.0,13.945802
,2022-02-15,85873.0,VIBRA SETE LAGOAS CL,Consumidor Livre,SUDESTE,96.0,13.917021
,2022-02-16,85873.0,VIBRA SETE LAGOAS CL,Consumidor Livre,SUDESTE,96.0,14.567073
,2022-02-17,85873.0,VIBRA SETE LAGOAS CL,Consumidor Livre,SUDESTE,96.0,14.495461
,2022-02-18,85873.0,VIBRA SETE LAGOAS CL,Consumidor Livre,SUDESTE,96.0,14.962233
,2022-02-19,85873.0,VIBRA SETE LAGOAS CL,Consumidor Livre,SUDESTE,96.0,11.61829
,2022-02-20,85873.0,VIBRA SETE LAGOAS CL,Consumidor Livre,SUDESTE,96.0,0.8915690000000001
,2022-02-21,85873.0,VIBRA SETE LAGOAS CL,Consumidor Livre,SUDESTE,96.0,12.156017
,2022-02-22,85873.0,VIBRA SETE LAGOAS CL,Consumidor Livre,SUDESTE,96.0,14.25965
,2022-02-23,85873.0,VIBRA SETE LAGOAS CL,Consumidor Livre,SUDESTE,96.0,14.201017
,2022-02-24,85873.0,VIBRA SETE LAGOAS CL,Consumidor Livre,SUDESTE,96.0,14.526611
,2022-02-25,85873.0,VIBRA SETE LAGOAS CL,Consumidor Livre,SUDESTE,96.0,15.91037
,2022-02-26,85873.0,VIBRA SETE LAGOAS CL,Consumidor Livre,SUDESTE,96.0,9.733974
,2022-02-27,85873.0,VIBRA SETE LAGOAS CL,Consumidor Livre,SUDESTE,96.0,1.071225
,2022-02-28,85873.0,VIBRA SETE LAGOAS CL,Consumidor Livre,SUDESTE,96.0,12.090299
,2022-03-01,85873.0,VIBRA SETE LAGOAS CL,Consumidor Livre,SUDESTE,96.0,14.540696
,2022-03-02,85873.0,VIBRA SETE LAGOAS CL,Consumidor Livre,SUDESTE,96.0,15.446928
,2022-03-03,85873.0,VIBRA SETE LAGOAS CL,Consumidor Livre,SUDESTE,96.0,14.423395
,2022-03-04,85873.0,VIBRA SETE LAGOAS CL,Consumidor Livre,SUDESTE,96.0,15.408633
,2022-03-05,85873.0,VIBRA SETE LAGOAS CL,Consumidor Livre,SUDESTE,96.0,11.6248
,2022-03-06,85873.0,VIBRA SETE LAGOAS CL,Consumidor Livre,SUDESTE,96.0,1.5735670000000002
,2022-03-07,85873.0,VIBRA SETE LAGOAS CL,Consumidor Livre,SUDESTE,96.0,10.997825
,2022-03-08,85873.0,VIBRA SETE LAGOAS CL,Consumidor Livre,SUDESTE,96.0,15.562805
,2022-03-09,85873.0,VIBRA SETE LAGOAS CL,Consumidor Livre,SUDESTE,96.0,14.716375
,2022-03-10,85873.0,VIBRA SETE LAGOAS CL,Consumidor Livre,SUDESTE,96.0,16.236795
,2022-03-11,85873.0,VIBRA SETE LAGOAS CL,Consumidor Livre,SUDESTE,96.0,15.683313
,2022-03-12,85873.0,VIBRA SETE LAGOAS CL,Consumidor Livre,SUDESTE,96.0,9.086549
,2022-03-13,85873.0,VIBRA SETE LAGOAS CL,Consumidor Livre,SUDESTE,96.0,0.821828
,2022-03-14,85873.0,VIBRA SETE LAGOAS CL,Consumidor Livre,SUDESTE,96.0,12.574017
,2022-03-15,85873.0,VIBRA SETE LAGOAS CL,Consumidor Livre,SUDESTE,96.0,15.002332
,2022-03-16,85873.0,VIBRA SETE LAGOAS CL,Consumidor Livre,SUDESTE,96.0,15.927545
,2022-03-17,85873.0,VIBRA SETE LAGOAS CL,Consumidor Livre,SUDESTE,96.0,15.813547
,2022-03-18,85873.0,VIBRA SETE LAGOAS CL,Consumidor Livre,SUDESTE,96.0,14.043987
,2022-03-19,85873.0,VIBRA SETE LAGOAS CL,Consumidor Livre,SUDESTE,96.0,3.740611
,2022-03-20,85873.0,VIBRA SETE LAGOAS CL,Consumidor Livre,SUDESTE,96.0,0.74264
,2022-03-21,85873.0,VIBRA SETE LAGOAS CL,Consumidor Livre,SUDESTE,96.0,12.378211
,2022-03-22,85873.0,VIBRA SETE LAGOAS CL,Consumidor Livre,SUDESTE,96.0,14.141439
,2022-03-23,85873.0,VIBRA SETE LAGOAS CL,Consumidor Livre,SUDESTE,96.0,15.566116
,2022-03-24,85873.0,VIBRA SETE LAGOAS CL,Consumidor Livre,SUDESTE,96.0,14.379491
,2022-03-25,85873.0,VIBRA SETE LAGOAS CL,Consumidor Livre,SUDESTE,96.0,14.682134
,2022-03-26,85873.0,VIBRA SETE LAGOAS CL,Consumidor Livre,SUDESTE,96.0,3.439016
,2022-03-27,85873.0,VIBRA SETE LAGOAS CL,Consumidor Livre,SUDESTE,96.0,1.045352
,2022-03-28,85873.0,VIBRA SETE LAGOAS CL,Consumidor Livre,SUDESTE,96.0,12.710785
,2022-03-29,85873.0,VIBRA SETE LAGOAS CL,Consumidor Livre,SUDESTE,96.0,15.588407
,2022-03-30,85873.0,VIBRA SETE LAGOAS CL,Consumidor Livre,SUDESTE,96.0,15.059741
,2022-03-31,85873.0,VIBRA SETE LAGOAS CL,Consumidor Livre,SUDESTE,96.0,11.533378
,2022-04-01,85873.0,VIBRA SETE LAGOAS CL,Consumidor Livre,SUDESTE,96.0,14.286243
,2022-04-02,85873.0,VIBRA SETE LAGOAS CL,Consumidor Livre,SUDESTE,96.0,5.442919
,2022-04-03,85873.0,VIBRA SETE LAGOAS CL,Consumidor Livre,SUDESTE,96.0,1.226635
,2022-04-04,85873.0,VIBRA SETE LAGOAS CL,Consumidor Livre,SUDESTE,96.0,11.948049
,2022-04-05,85873.0,VIBRA SETE LAGOAS CL,Consumidor Livre,SUDESTE,96.0,13.270036
,2022-04-06,85873.0,VIBRA SETE LAGOAS CL,Consumidor Livre,SUDESTE,96.0,15.887617
,2022-04-07,85873.0,VIBRA SETE LAGOAS CL,Consumidor Livre,SUDESTE,96.0,14.095878
,2022-04-08,85873.0,VIBRA SETE LAGOAS CL,Consumidor Livre,SUDESTE,96.0,14.577752
,2022-04-09,85873.0,VIBRA SETE LAGOAS CL,Consumidor Livre,SUDESTE,96.0,8.698585
,2022-04-10,85873.0,VIBRA SETE LAGOAS CL,Consumidor Livre,SUDESTE,96.0,1.183061
,2022-04-11,85873.0,VIBRA SETE LAGOAS CL,Consumidor Livre,SUDESTE,96.0,12.829937
,2022-04-12,85873.0,VIBRA SETE LAGOAS CL,Consumidor Livre,SUDESTE,96.0,15.54223
,2022-04-13,85873.0,VIBRA SETE LAGOAS CL,Consumidor Livre,SUDESTE,96.0,15.480181
,2022-04-14,85873.0,VIBRA SETE LAGOAS CL,Consumidor Livre,SUDESTE,96.0,16.065042
,2022-04-15,85873.0,VIBRA SETE LAGOAS CL,Consumidor Livre,SUDESTE,96.0,16.272883
,2022-04-16,85873.0,VIBRA SETE LAGOAS CL,Consumidor Livre,SUDESTE,96.0,6.783453
,2022-04-17,85873.0,VIBRA SETE LAGOAS CL,Consumidor Livre,SUDESTE,96.0,0.8568119999999999
,2022-04-18,85873.0,VIBRA SETE LAGOAS CL,Consumidor Livre,SUDESTE,96.0,7.777002
,2022-04-19,85873.0,VIBRA SETE LAGOAS CL,Consumidor Livre,SUDESTE,96.0,14.518887
,2022-04-20,85873.0,VIBRA SETE LAGOAS CL,Consumidor Livre,SUDESTE,96.0,13.76154
,2022-04-21,85873.0,VIBRA SETE LAGOAS CL,Consumidor Livre,SUDESTE,96.0,15.305738
,2022-04-22,85873.0,VIBRA SETE LAGOAS CL,Consumidor Livre,SUDESTE,96.0,16.046273
,2022-04-23,85873.0,VIBRA SETE LAGOAS CL,Consumidor Livre,SUDESTE,96.0,9.370521
,2022-04-24,85873.0,VIBRA SETE LAGOAS CL,Consumidor Livre,SUDESTE,96.0,0.768814
,2022-04-25,85873.0,VIBRA SETE LAGOAS CL,Consumidor Livre,SUDESTE,96.0,11.734631
,2022-04-26,85873.0,VIBRA SETE LAGOAS CL,Consumidor Livre,SUDESTE,96.0,15.817256
,2022-04-27,85873.0,VIBRA SETE LAGOAS CL,Consumidor Livre,SUDESTE,96.0,15.925523
,2022-04-28,85873.0,VIBRA SETE LAGOAS CL,Consumidor Livre,SUDESTE,96.0,14.392081
,2022-04-29,85873.0,VIBRA SETE LAGOAS CL,Consumidor Livre,SUDESTE,96.0,16.880518
,2022-04-30,85873.0,VIBRA SETE LAGOAS CL,Consumidor Livre,SUDESTE,96.0,10.559542
,2022-05-01,85873.0,VIBRA SETE LAGOAS CL,Consumidor Livre,SUDESTE,96.0,1.18221
,2022-05-02,85873.0,VIBRA SETE LAGOAS CL,Consumidor Livre,SUDESTE,96.0,12.714235
,2022-05-03,85873.0,VIBRA SETE LAGOAS CL,Consumidor Livre,SUDESTE,96.0,15.456569
,2022-05-04,85873.0,VIBRA SETE LAGOAS CL,Consumidor Livre,SUDESTE,96.0,15.74514
,2022-05-05,85873.0,VIBRA SETE LAGOAS CL,Consumidor Livre,SUDESTE,96.0,15.445601
,2022-05-06,85873.0,VIBRA SETE LAGOAS CL,Consumidor Livre,SUDESTE,96.0,14.853678
,2022-05-07,85873.0,VIBRA SETE LAGOAS CL,Consumidor Livre,SUDESTE,96.0,8.650060999999999
,2022-05-08,85873.0,VIBRA SETE LAGOAS CL,Consumidor Livre,SUDESTE,96.0,1.028621
,2022-05-09,85873.0,VIBRA SETE LAGOAS CL,Consumidor Livre,SUDESTE,96.0,13.650313
,2022-05-10,85873.0,VIBRA SETE LAGOAS CL,Consumidor Livre,SUDESTE,96.0,15.497061
,2022-05-11,85873.0,VIBRA SETE LAGOAS CL,Consumidor Livre,SUDESTE,96.0,14.981535
,2022-05-12,85873.0,VIBRA SETE LAGOAS CL,Consumidor Livre,SUDESTE,96.0,14.468599
,2022-05-13,85873.0,VIBRA SETE LAGOAS CL,Consumidor Livre,SUDESTE,96.0,16.077408
,2022-05-14,85873.0,VIBRA SETE LAGOAS CL,Consumidor Livre,SUDESTE,96.0,12.638457
,2022-05-15,85873.0,VIBRA SETE LAGOAS CL,Consumidor Livre,SUDESTE,96.0,1.755192
,2022-05-16,85873.0,VIBRA SETE LAGOAS CL,Consumidor Livre,SUDESTE,96.0,7.133348
,2022-05-17,85873.0,VIBRA SETE LAGOAS CL,Consumidor Livre,SUDESTE,96.0,15.29365
,2022-05-18,85873.0,VIBRA SETE LAGOAS CL,Consumidor Livre,SUDESTE,96.0,15.788635
,2022-05-19,85873.0,VIBRA SETE LAGOAS CL,Consumidor Livre,SUDESTE,96.0,15.378895
,2022-05-20,85873.0,VIBRA SETE LAGOAS CL,Consumidor Livre,SUDESTE,96.0,12.595416
,2022-05-21,85873.0,VIBRA SETE LAGOAS CL,Consumidor Livre,SUDESTE,96.0,14.224567
,2022-05-22,85873.0,VIBRA SETE LAGOAS CL,Consumidor Livre,SUDESTE,96.0,14.975453
,2022-05-23,85873.0,VIBRA SETE LAGOAS CL,Consumidor Livre,SUDESTE,96.0,12.849104
,2022-05-24,85873.0,VIBRA SETE LAGOAS CL,Consumidor Livre,SUDESTE,96.0,15.242623
,2022-05-25,85873.0,VIBRA SETE LAGOAS CL,Consumidor Livre,SUDESTE,96.0,16.046245
,2022-05-26,85873.0,VIBRA SETE LAGOAS CL,Consumidor Livre,SUDESTE,96.0,15.55546
,2022-05-27,85873.0,VIBRA SETE LAGOAS CL,Consumidor Livre,SUDESTE,96.0,15.269085
,2022-05-28,85873.0,VIBRA SETE LAGOAS CL,Consumidor Livre,SUDESTE,96.0,11.612961
,2022-05-29,85873.0,VIBRA SETE LAGOAS CL,Consumidor Livre,SUDESTE,96.0,1.342812
,2022-05-30,85873.0,VIBRA SETE LAGOAS CL,Consumidor Livre,SUDESTE,96.0,13.733947
,2022-05-31,85873.0,VIBRA SETE LAGOAS CL,Consumidor Livre,SUDESTE,96.0,14.758689
,2022-06-01,85873.0,VIBRA SETE LAGOAS CL,Consumidor Livre,SUDESTE,96.0,15.199309
,2022-06-02,85873.0,VIBRA SETE LAGOAS CL,Consumidor Livre,SUDESTE,96.0,15.218598
,2022-06-03,85873.0,VIBRA SETE LAGOAS CL,Consumidor Livre,SUDESTE,96.0,14.529172
,2022-06-04,85873.0,VIBRA SETE LAGOAS CL,Consumidor Livre,SUDESTE,96.0,10.336838
,2022-06-05,85873.0,VIBRA SETE LAGOAS CL,Consumidor Livre,SUDESTE,96.0,1.134927
,2022-06-06,85873.0,VIBRA SETE LAGOAS CL,Consumidor Livre,SUDESTE,96.0,13.92826
,2022-06-07,85873.0,VIBRA SETE LAGOAS CL,Consumidor Livre,SUDESTE,96.0,14.530535
,2022-06-08,85873.0,VIBRA SETE LAGOAS CL,Consumidor Livre,SUDESTE,96.0,14.95765
,2022-06-09,85873.0,VIBRA SETE LAGOAS CL,Consumidor Livre,SUDESTE,96.0,14.746105
,2022-06-10,85873.0,VIBRA SETE LAGOAS CL,Consumidor Livre,SUDESTE,96.0,14.423616
,2022-06-11,85873.0,VIBRA SETE LAGOAS CL,Consumidor Livre,SUDESTE,96.0,10.70671
,2022-06-12,85873.0,VIBRA SETE LAGOAS CL,Consumidor Livre,SUDESTE,96.0,1.335717
,2022-06-13,85873.0,VIBRA SETE LAGOAS CL,Consumidor Livre,SUDESTE,96.0,15.07439
,2022-06-14,85873.0,VIBRA SETE LAGOAS CL,Consumidor Livre,SUDESTE,96.0,15.568395
,2022-06-15,85873.0,VIBRA SETE LAGOAS CL,Consumidor Livre,SUDESTE,96.0,14.703796
,2022-06-16,85873.0,VIBRA SETE LAGOAS CL,Consumidor Livre,SUDESTE,96.0,15.051731
,2022-06-17,85873.0,VIBRA SETE LAGOAS CL,Consumidor Livre,SUDESTE,96.0,14.001591
,2022-06-18,85873.0,VIBRA SETE LAGOAS CL,Consumidor Livre,SUDESTE,96.0,11.200222
,2022-06-19,85873.0,VIBRA SETE LAGOAS CL,Consumidor Livre,SUDESTE,96.0,0.907387
,2022-06-20,85873.0,VIBRA SETE LAGOAS CL,Consumidor Livre,SUDESTE,96.0,13.406384
,2022-06-21,85873.0,VIBRA SETE LAGOAS CL,Consumidor Livre,SUDESTE,96.0,14.47866
,2022-06-22,85873.0,VIBRA SETE LAGOAS CL,Consumidor Livre,SUDESTE,96.0,14.281949
,2022-06-23,85873.0,VIBRA SETE LAGOAS CL,Consumidor Livre,SUDESTE,96.0,15.245893
,2022-06-24,85873.0,VIBRA SETE LAGOAS CL,Consumidor Livre,SUDESTE,96.0,14.390974
,2022-06-25,85873.0,VIBRA SETE LAGOAS CL,Consumidor Livre,SUDESTE,96.0,11.366669
,2022-06-26,85873.0,VIBRA SETE LAGOAS CL,Consumidor Livre,SUDESTE,96.0,7.927201
,2022-06-27,85873.0,VIBRA SETE LAGOAS CL,Consumidor Livre,SUDESTE,96.0,14.958673
,2022-06-28,85873.0,VIBRA SETE LAGOAS CL,Consumidor Livre,SUDESTE,96.0,15.246684
,2022-06-29,85873.0,VIBRA SETE LAGOAS CL,Consumidor Livre,SUDESTE,96.0,15.266743
,2022-06-30,85873.0,VIBRA SETE LAGOAS CL,Consumidor Livre,SUDESTE,96.0,14.10703
,2022-07-01,85873.0,VIBRA SETE LAGOAS CL,Consumidor Livre,SUDESTE,96.0,14.313677
,2022-07-02,85873.0,VIBRA SETE LAGOAS CL,Consumidor Livre,SUDESTE,96.0,14.962601
,2022-07-03,85873.0,VIBRA SETE LAGOAS CL,Consumidor Livre,SUDESTE,96.0,6.619199
,2022-07-04,85873.0,VIBRA SETE LAGOAS CL,Consumidor Livre,SUDESTE,96.0,14.534393
,2022-07-05,85873.0,VIBRA SETE LAGOAS CL,Consumidor Livre,SUDESTE,96.0,16.382445
,2022-07-06,85873.0,VIBRA SETE LAGOAS CL,Consumidor Livre,SUDESTE,96.0,13.756539
,2022-07-07,85873.0,VIBRA SETE LAGOAS CL,Consumidor Livre,SUDESTE,96.0,15.921373
,2022-07-08,85873.0,VIBRA SETE LAGOAS CL,Consumidor Livre,SUDESTE,96.0,15.501924
,2022-07-09,85873.0,VIBRA SETE LAGOAS CL,Consumidor Livre,SUDESTE,96.0,14.609748
,2022-07-10,85873.0,VIBRA SETE LAGOAS CL,Consumidor Livre,SUDESTE,96.0,5.783939999999999
,2022-07-11,85873.0,VIBRA SETE LAGOAS CL,Consumidor Livre,SUDESTE,96.0,15.41931
,2022-07-12,85873.0,VIBRA SETE LAGOAS CL,Consumidor Livre,SUDESTE,96.0,13.689822
,2022-07-13,85873.0,VIBRA SETE LAGOAS CL,Consumidor Livre,SUDESTE,96.0,16.009897
,2022-07-14,85873.0,VIBRA SETE LAGOAS CL,Consumidor Livre,SUDESTE,96.0,16.222616
,2022-07-15,85873.0,VIBRA SETE LAGOAS CL,Consumidor Livre,SUDESTE,96.0,12.690016
,2022-07-16,85873.0,VIBRA SETE LAGOAS CL,Consumidor Livre,SUDESTE,96.0,13.38564
,2022-07-17,85873.0,VIBRA SETE LAGOAS CL,Consumidor Livre,SUDESTE,96.0,1.539063
,2022-07-18,85873.0,VIBRA SETE LAGOAS CL,Consumidor Livre,SUDESTE,96.0,15.454084
,2022-07-19,85873.0,VIBRA SETE LAGOAS CL,Consumidor Livre,SUDESTE,96.0,16.618297
,2022-07-20,85873.0,VIBRA SETE LAGOAS CL,Consumidor Livre,SUDESTE,96.0,16.159917
,2022-07-21,85873.0,VIBRA SETE LAGOAS CL,Consumidor Livre,SUDESTE,96.0,16.523194
,2022-07-22,85873.0,VIBRA SETE LAGOAS CL,Consumidor Livre,SUDESTE,96.0,15.491702
,2022-07-23,85873.0,VIBRA SETE LAGOAS CL,Consumidor Livre,SUDESTE,96.0,14.442813
,2022-07-24,85873.0,VIBRA SETE LAGOAS CL,Consumidor Livre,SUDESTE,96.0,0.90285
,2022-07-25,85873.0,VIBRA SETE LAGOAS CL,Consumidor Livre,SUDESTE,96.0,15.548686
,2022-07-26,85873.0,VIBRA SETE LAGOAS CL,Consumidor Livre,SUDESTE,96.0,15.66426
,2022-07-27,85873.0,VIBRA SETE LAGOAS CL,Consumidor Livre,SUDESTE,96.0,16.053415
,2022-07-28,85873.0,VIBRA SETE LAGOAS CL,Consumidor Livre,SUDESTE,96.0,15.050935
,2022-07-29,85873.0,VIBRA SETE LAGOAS CL,Consumidor Livre,SUDESTE,96.0,15.502535
,2022-07-30,85873.0,VIBRA SETE LAGOAS CL,Consumidor Livre,SUDESTE,96.0,14.911241
,2022-07-31,85873.0,VIBRA SETE LAGOAS CL,Consumidor Livre,SUDESTE,96.0,3.5152660000000004
,2022-08-01,85873.0,VIBRA SETE LAGOAS CL,Consumidor Livre,SUDESTE,96.0,16.009203
,2022-08-02,85873.0,VIBRA SETE LAGOAS CL,Consumidor Livre,SUDESTE,96.0,14.87557
,2022-08-03,85873.0,VIBRA SETE LAGOAS CL,Consumidor Livre,SUDESTE,96.0,16.367523
,2022-08-04,85873.0,VIBRA SETE LAGOAS CL,Consumidor Livre,SUDESTE,96.0,15.578265
,2022-08-05,85873.0,VIBRA SETE LAGOAS CL,Consumidor Livre,SUDESTE,96.0,16.261952
,2022-08-06,85873.0,VIBRA SETE LAGOAS CL,Consumidor Livre,SUDESTE,96.0,14.724001
,2022-08-07,85873.0,VIBRA SETE LAGOAS CL,Consumidor Livre,SUDESTE,96.0,5.928293
,2022-08-08,85873.0,VIBRA SETE LAGOAS CL,Consumidor Livre,SUDESTE,96.0,14.085128
,2022-08-09,85873.0,VIBRA SETE LAGOAS CL,Consumidor Livre,SUDESTE,96.0,14.835829
,2022-08-10,85873.0,VIBRA SETE LAGOAS CL,Consumidor Livre,SUDESTE,96.0,15.191225
,2022-08-11,85873.0,VIBRA SETE LAGOAS CL,Consumidor Livre,SUDESTE,96.0,15.942545
,2022-08-12,85873.0,VIBRA SETE LAGOAS CL,Consumidor Livre,SUDESTE,96.0,15.767382
,2022-08-13,85873.0,VIBRA SETE LAGOAS CL,Consumidor Livre,SUDESTE,96.0,14.534077
,2022-08-14,85873.0,VIBRA SETE LAGOAS CL,Consumidor Livre,SUDESTE,96.0,1.4814120000000002
,2022-08-15,85873.0,VIBRA SETE LAGOAS CL,Consumidor Livre,SUDESTE,96.0,15.851073
,2022-08-16,85873.0,VIBRA SETE LAGOAS CL,Consumidor Livre,SUDESTE,96.0,15.199668
,2022-08-17,85873.0,VIBRA SETE LAGOAS CL,Consumidor Livre,SUDESTE,96.0,15.00266
,2022-08-18,85873.0,VIBRA SETE LAGOAS CL,Consumidor Livre,SUDESTE,96.0,15.785963
,2022-08-19,85873.0,VIBRA SETE LAGOAS CL,Consumidor Livre,SUDESTE,96.0,15.440099
,2022-08-20,85873.0,VIBRA SETE LAGOAS CL,Consumidor Livre,SUDESTE,96.0,12.315826
,2022-08-21,85873.0,VIBRA SETE LAGOAS CL,Consumidor Livre,SUDESTE,96.0,1.199013
,2022-08-22,85873.0,VIBRA SETE LAGOAS CL,Consumidor Livre,SUDESTE,96.0,13.572963
,2022-08-23,85873.0,VIBRA SETE LAGOAS CL,Consumidor Livre,SUDESTE,96.0,15.882197
,2022-08-24,85873.0,VIBRA SETE LAGOAS CL,Consumidor Livre,SUDESTE,96.0,16.378578
,2022-08-25,85873.0,VIBRA SETE LAGOAS CL,Consumidor Livre,SUDESTE,96.0,16.264792
,2022-08-26,85873.0,VIBRA SETE LAGOAS CL,Consumidor Livre,SUDESTE,96.0,16.170348
,2022-08-27,85873.0,VIBRA SETE LAGOAS CL,Consumidor Livre,SUDESTE,96.0,10.281201
,2022-08-28,85873.0,VIBRA SETE LAGOAS CL,Consumidor Livre,SUDESTE,96.0,1.100043
,2022-08-29,85873.0,VIBRA SETE LAGOAS CL,Consumidor Livre,SUDESTE,96.0,13.792211
,2022-08-30,85873.0,VIBRA SETE LAGOAS CL,Consumidor Livre,SUDESTE,96.0,15.235164
,2022-08-31,85873.0,VIBRA SETE LAGOAS CL,Consumidor Livre,SUDESTE,96.0,15.585028
,2022-09-01,85873.0,VIBRA SETE LAGOAS CL,Consumidor Livre,SUDESTE,96.0,15.48688
,2022-09-02,85873.0,VIBRA SETE LAGOAS CL,Consumidor Livre,SUDESTE,96.0,16.266963
,2022-09-03,85873.0,VIBRA SETE LAGOAS CL,Consumidor Livre,SUDESTE,96.0,6.044042
,2022-09-04,85873.0,VIBRA SETE LAGOAS CL,Consumidor Livre,SUDESTE,96.0,1.448894
,2022-09-05,85873.0,VIBRA SETE LAGOAS CL,Consumidor Livre,SUDESTE,96.0,12.821023
,2022-09-06,85873.0,VIBRA SETE LAGOAS CL,Consumidor Livre,SUDESTE,96.0,15.587194
,2022-09-07,85873.0,VIBRA SETE LAGOAS CL,Consumidor Livre,SUDESTE,96.0,15.664211
,2022-09-08,85873.0,VIBRA SETE LAGOAS CL,Consumidor Livre,SUDESTE,96.0,14.406138
,2022-09-09,85873.0,VIBRA SETE LAGOAS CL,Consumidor Livre,SUDESTE,96.0,13.835479
,2022-09-10,85873.0,VIBRA SETE LAGOAS CL,Consumidor Livre,SUDESTE,96.0,10.846724
,2022-09-11,85873.0,VIBRA SETE LAGOAS CL,Consumidor Livre,SUDESTE,96.0,1.090112
,2022-09-12,85873.0,VIBRA SETE LAGOAS CL,Consumidor Livre,SUDESTE,96.0,15.071781
,2022-09-13,85873.0,VIBRA SETE LAGOAS CL,Consumidor Livre,SUDESTE,96.0,15.592055
,2022-09-14,85873.0,VIBRA SETE LAGOAS CL,Consumidor Livre,SUDESTE,96.0,14.792447
,2022-09-15,85873.0,VIBRA SETE LAGOAS CL,Consumidor Livre,SUDESTE,96.0,15.599728
,2022-09-16,85873.0,VIBRA SETE LAGOAS CL,Consumidor Livre,SUDESTE,96.0,15.80849
,2022-09-17,85873.0,VIBRA SETE LAGOAS CL,Consumidor Livre,SUDESTE,96.0,14.418135
,2022-09-18,85873.0,VIBRA SETE LAGOAS CL,Consumidor Livre,SUDESTE,96.0,1.233724
,2022-09-19,85873.0,VIBRA SETE LAGOAS CL,Consumidor Livre,SUDESTE,96.0,13.94834
,2022-09-20,85873.0,VIBRA SETE LAGOAS CL,Consumidor Livre,SUDESTE,96.0,15.523754
,2022-09-21,85873.0,VIBRA SETE LAGOAS CL,Consumidor Livre,SUDESTE,96.0,15.622671
,2022-09-22,85873.0,VIBRA SETE LAGOAS CL,Consumidor Livre,SUDESTE,96.0,15.555309
,2022-09-23,85873.0,VIBRA SETE LAGOAS CL,Consumidor Livre,SUDESTE,96.0,16.158781
,2022-09-24,85873.0,VIBRA SETE LAGOAS CL,Consumidor Livre,SUDESTE,96.0,11.716132
,2022-09-25,85873.0,VIBRA SETE LAGOAS CL,Consumidor Livre,SUDESTE,96.0,1.070871
,2022-09-26,85873.0,VIBRA SETE LAGOAS CL,Consumidor Livre,SUDESTE,96.0,13.714676
,2022-09-27,85873.0,VIBRA SETE LAGOAS CL,Consumidor Livre,SUDESTE,96.0,15.597252
,2022-09-28,85873.0,VIBRA SETE LAGOAS CL,Consumidor Livre,SUDESTE,96.0,14.128691
,2022-09-29,85873.0,VIBRA SETE LAGOAS CL,Consumidor Livre,SUDESTE,96.0,15.229417
,2022-09-30,85873.0,VIBRA SETE LAGOAS CL,Consumidor Livre,SUDESTE,96.0,15.454886
,2022-10-01,85873.0,VIBRA SETE LAGOAS CL,Consumidor Livre,SUDESTE,96.0,10.908473
,2022-10-02,85873.0,VIBRA SETE LAGOAS CL,Consumidor Livre,SUDESTE,96.0,0.903445
,2022-10-03,85873.0,VIBRA SETE LAGOAS CL,Consumidor Livre,SUDESTE,96.0,13.635915
,2022-10-04,85873.0,VIBRA SETE LAGOAS CL,Consumidor Livre,SUDESTE,96.0,14.427231
,2022-10-05,85873.0,VIBRA SETE LAGOAS CL,Consumidor Livre,SUDESTE,96.0,15.062991
,2022-10-06,85873.0,VIBRA SETE LAGOAS CL,Consumidor Livre,SUDESTE,96.0,14.852273
,2022-10-07,85873.0,VIBRA SETE LAGOAS CL,Consumidor Livre,SUDESTE,96.0,14.951349
,2022-10-08,85873.0,VIBRA SETE LAGOAS CL,Consumidor Livre,SUDESTE,96.0,11.114737
,2022-10-09,85873.0,VIBRA SETE LAGOAS CL,Consumidor Livre,SUDESTE,96.0,0.893931
,2022-10-10,85873.0,VIBRA SETE LAGOAS CL,Consumidor Livre,SUDESTE,96.0,9.760178
,2022-10-11,85873.0,VIBRA SETE LAGOAS CL,Consumidor Livre,SUDESTE,96.0,13.518249
,2022-10-12,85873.0,VIBRA SETE LAGOAS CL,Consumidor Livre,SUDESTE,96.0,14.158554
,2022-10-13,85873.0,VIBRA SETE LAGOAS CL,Consumidor Livre,SUDESTE,96.0,13.957101
,2022-10-14,85873.0,VIBRA SETE LAGOAS CL,Consumidor Livre,SUDESTE,96.0,15.357103
,2022-10-15,85873.0,VIBRA SETE LAGOAS CL,Consumidor Livre,SUDESTE,96.0,14.10602
,2022-10-16,85873.0,VIBRA SETE LAGOAS CL,Consumidor Livre,SUDESTE,96.0,0.871678
,2022-10-17,85873.0,VIBRA SETE LAGOAS CL,Consumidor Livre,SUDESTE,96.0,14.879233
,2022-10-18,85873.0,VIBRA SETE LAGOAS CL,Consumidor Livre,SUDESTE,96.0,14.875598
,2022-10-19,85873.0,VIBRA SETE LAGOAS CL,Consumidor Livre,SUDESTE,96.0,11.64098
,2022-10-20,85873.0,VIBRA SETE LAGOAS CL,Consumidor Livre,SUDESTE,96.0,13.6969
,2022-10-21,85873.0,VIBRA SETE LAGOAS CL,Consumidor Livre,SUDESTE,96.0,14.00252
,2022-10-22,85873.0,VIBRA SETE LAGOAS CL,Consumidor Livre,SUDESTE,96.0,14.773948
,2022-10-23,85873.0,VIBRA SETE LAGOAS CL,Consumidor Livre,SUDESTE,96.0,13.336773
,2022-10-24,85873.0,VIBRA SETE LAGOAS CL,Consumidor Livre,SUDESTE,96.0,15.098603
,2022-10-25,85873.0,VIBRA SETE LAGOAS CL,Consumidor Livre,SUDESTE,96.0,15.41025
,2022-10-26,85873.0,VIBRA SETE LAGOAS CL,Consumidor Livre,SUDESTE,96.0,15.614838
,2022-10-27,85873.0,VIBRA SETE LAGOAS CL,Consumidor Livre,SUDESTE,96.0,15.084336
,2022-10-28,85873.0,VIBRA SETE LAGOAS CL,Consumidor Livre,SUDESTE,96.0,15.452928
,2022-10-29,85873.0,VIBRA SETE LAGOAS CL,Consumidor Livre,SUDESTE,96.0,13.612284
,2022-10-30,85873.0,VIBRA SETE LAGOAS CL,Consumidor Livre,SUDESTE,96.0,1.232619
,2022-10-31,85873.0,VIBRA SETE LAGOAS CL,Consumidor Livre,SUDESTE,96.0,15.024472
,2022-11-01,85873.0,VIBRA SETE LAGOAS CL,Consumidor Livre,SUDESTE,96.0,15.322215
,2022-11-02,85873.0,VIBRA SETE LAGOAS CL,Consumidor Livre,SUDESTE,96.0,15.481134
,2022-11-03,85873.0,VIBRA SETE LAGOAS CL,Consumidor Livre,SUDESTE,96.0,14.565063
,2022-11-04,85873.0,VIBRA SETE LAGOAS CL,Consumidor Livre,SUDESTE,96.0,14.975779
,2022-11-05,85873.0,VIBRA SETE LAGOAS CL,Consumidor Livre,SUDESTE,96.0,13.385757
,2022-11-06,85873.0,VIBRA SETE LAGOAS CL,Consumidor Livre,SUDESTE,96.0,1.23738
,2022-11-07,85873.0,VIBRA SETE LAGOAS CL,Consumidor Livre,SUDESTE,96.0,15.584322
,2022-11-08,85873.0,VIBRA SETE LAGOAS CL,Consumidor Livre,SUDESTE,96.0,14.627478
,2022-11-09,85873.0,VIBRA SETE LAGOAS CL,Consumidor Livre,SUDESTE,96.0,15.456217
,2022-11-10,85873.0,VIBRA SETE LAGOAS CL,Consumidor Livre,SUDESTE,96.0,14.862672
,2022-11-11,85873.0,VIBRA SETE LAGOAS CL,Consumidor Livre,SUDESTE,96.0,15.316024
,2022-11-12,85873.0,VIBRA SETE LAGOAS CL,Consumidor Livre,SUDESTE,96.0,11.532186
,2022-11-13,85873.0,VIBRA SETE LAGOAS CL,Consumidor Livre,SUDESTE,96.0,1.046098
,2022-11-14,85873.0,VIBRA SETE LAGOAS CL,Consumidor Livre,SUDESTE,96.0,14.915801
,2022-11-15,85873.0,VIBRA SETE LAGOAS CL,Consumidor Livre,SUDESTE,96.0,15.173723
,2022-11-16,85873.0,VIBRA SETE LAGOAS CL,Consumidor Livre,SUDESTE,96.0,15.594885
,2022-11-17,85873.0,VIBRA SETE LAGOAS CL,Consumidor Livre,SUDESTE,96.0,14.784979
,2022-11-18,85873.0,VIBRA SETE LAGOAS CL,Consumidor Livre,SUDESTE,96.0,15.711012
,2022-11-19,85873.0,VIBRA SETE LAGOAS CL,Consumidor Livre,SUDESTE,96.0,13.267412
,2022-11-20,85873.0,VIBRA SETE LAGOAS CL,Consumidor Livre,SUDESTE,96.0,6.395548
,2022-11-21,85873.0,VIBRA SETE LAGOAS CL,Consumidor Livre,SUDESTE,96.0,14.767601
,2022-11-22,85873.0,VIBRA SETE LAGOAS CL,Consumidor Livre,SUDESTE,96.0,15.736324
,2022-11-23,85873.0,VIBRA SETE LAGOAS CL,Consumidor Livre,SUDESTE,96.0,15.132585
,2022-11-24,85873.0,VIBRA SETE LAGOAS CL,Consumidor Livre,SUDESTE,96.0,15.326729
,2022-11-25,85873.0,VIBRA SETE LAGOAS CL,Consumidor Livre,SUDESTE,96.0,15.763972
,2022-11-26,85873.0,VIBRA SETE LAGOAS CL,Consumidor Livre,SUDESTE,96.0,15.293259
,2022-11-27,85873.0,VIBRA SETE LAGOAS CL,Consumidor Livre,SUDESTE,96.0,6.156788
,2022-11-28,85873.0,VIBRA SETE LAGOAS CL,Consumidor Livre,SUDESTE,96.0,13.358516
,2022-11-29,85873.0,VIBRA SETE LAGOAS CL,Consumidor Livre,SUDESTE,96.0,15.892204
,2022-11-30,85873.0,VIBRA SETE LAGOAS CL,Consumidor Livre,SUDESTE,96.0,14.47324
,2022-12-01,85873.0,VIBRA SETE LAGOAS CL,Consumidor Livre,SUDESTE,96.0,11.43391
,2022-12-02,85873.0,VIBRA SETE LAGOAS CL,Consumidor Livre,SUDESTE,96.0,15.376999
,2022-12-03,85873.0,VIBRA SETE LAGOAS CL,Consumidor Livre,SUDESTE,96.0,12.898487
,2022-12-04,85873.0,VIBRA SETE LAGOAS CL,Consumidor Livre,SUDESTE,96.0,9.533877
,2022-12-05,85873.0,VIBRA SETE LAGOAS CL,Consumidor Livre,SUDESTE,96.0,15.254813
,2022-12-06,85873.0,VIBRA SETE LAGOAS CL,Consumidor Livre,SUDESTE,96.0,15.686036
,2022-12-07,85873.0,VIBRA SETE LAGOAS CL,Consumidor Livre,SUDESTE,96.0,15.179614
,2022-12-08,85873.0,VIBRA SETE LAGOAS CL,Consumidor Livre,SUDESTE,96.0,15.821317
,2022-12-09,85873.0,VIBRA SETE LAGOAS CL,Consumidor Livre,SUDESTE,96.0,15.321377
,2022-12-10,85873.0,VIBRA SETE LAGOAS CL,Consumidor Livre,SUDESTE,96.0,13.412437
,2022-12-11,85873.0,VIBRA SETE LAGOAS CL,Consumidor Livre,SUDESTE,96.0,4.88802
,2022-12-12,85873.0,VIBRA SETE LAGOAS CL,Consumidor Livre,SUDESTE,96.0,15.782719
,2022-12-13,85873.0,VIBRA SETE LAGOAS CL,Consumidor Livre,SUDESTE,96.0,15.156848
,2022-12-14,85873.0,VIBRA SETE LAGOAS CL,Consumidor Livre,SUDESTE,96.0,15.562736
,2022-12-15,85873.0,VIBRA SETE LAGOAS CL,Consumidor Livre,SUDESTE,96.0,15.383091
,2022-12-16,85873.0,VIBRA SETE LAGOAS CL,Consumidor Livre,SUDESTE,96.0,15.10829
,2022-12-17,85873.0,VIBRA SETE LAGOAS CL,Consumidor Livre,SUDESTE,96.0,15.296394
,2022-12-18,85873.0,VIBRA SETE LAGOAS CL,Consumidor Livre,SUDESTE,96.0,14.153845
,2022-12-19,85873.0,VIBRA SETE LAGOAS CL,Consumidor Livre,SUDESTE,96.0,15.257878
,2022-12-20,85873.0,VIBRA SETE LAGOAS CL,Consumidor Livre,SUDESTE,96.0,14.03143
,2022-12-21,85873.0,VIBRA SETE LAGOAS CL,Consumidor Livre,SUDESTE,96.0,15.238867
,2022-12-22,85873.0,VIBRA SETE LAGOAS CL,Consumidor Livre,SUDESTE,96.0,15.632946
,2022-12-23,85873.0,VIBRA SETE LAGOAS CL,Consumidor Livre,SUDESTE,96.0,15.731351
,2022-12-24,85873.0,VIBRA SETE LAGOAS CL,Consumidor Livre,SUDESTE,96.0,12.814343
,2022-12-25,85873.0,VIBRA SETE LAGOAS CL,Consumidor Livre,SUDESTE,96.0,5.473969
,2022-12-26,85873.0,VIBRA SETE LAGOAS CL,Consumidor Livre,SUDESTE,96.0,14.672813
,2022-12-27,85873.0,VIBRA SETE LAGOAS CL,Consumidor Livre,SUDESTE,96.0,15.250633
,2022-12-28,85873.0,VIBRA SETE LAGOAS CL,Consumidor Livre,SUDESTE,96.0,14.195173
,2022-12-29,85873.0,VIBRA SETE LAGOAS CL,Consumidor Livre,SUDESTE,96.0,15.519839
,2022-12-30,85873.0,VIBRA SETE LAGOAS CL,Consumidor Livre,SUDESTE,96.0,15.268272
,2022-12-31,85873.0,VIBRA SETE LAGOAS CL,Consumidor Livre,SUDESTE,96.0,11.959029
,2023-01-01,85873.0,VIBRA SETE LAGOAS CL,Consumidor Livre,SUDESTE,96.0,6.341187
,2023-01-02,85873.0,VIBRA SETE LAGOAS CL,Consumidor Livre,SUDESTE,96.0,15.437711
,2023-01-03,85873.0,VIBRA SETE LAGOAS CL,Consumidor Livre,SUDESTE,96.0,16.114048
,2023-01-04,85873.0,VIBRA SETE LAGOAS CL,Consumidor Livre,SUDESTE,96.0,16.112034
,2023-01-05,85873.0,VIBRA SETE LAGOAS CL,Consumidor Livre,SUDESTE,96.0,15.924652
,2023-01-06,85873.0,VIBRA SETE LAGOAS CL,Consumidor Livre,SUDESTE,96.0,13.381225
,2023-01-07,85873.0,VIBRA SETE LAGOAS CL,Consumidor Livre,SUDESTE,96.0,13.793016
,2023-01-08,85873.0,VIBRA SETE LAGOAS CL,Consumidor Livre,SUDESTE,96.0,1.17845
,2023-01-09,85873.0,VIBRA SETE LAGOAS CL,Consumidor Livre,SUDESTE,96.0,14.399756
,2023-01-10,85873.0,VIBRA SETE LAGOAS CL,Consumidor Livre,SUDESTE,96.0,15.106263
,2023-01-11,85873.0,VIBRA SETE LAGOAS CL,Consumidor Livre,SUDESTE,96.0,15.197105
,2023-01-12,85873.0,VIBRA SETE LAGOAS CL,Consumidor Livre,SUDESTE,96.0,14.72701
,2023-01-13,85873.0,VIBRA SETE LAGOAS CL,Consumidor Livre,SUDESTE,96.0,15.715393
,2023-01-14,85873.0,VIBRA SETE LAGOAS CL,Consumidor Livre,SUDESTE,96.0,15.51626
,2023-01-15,85873.0,VIBRA SETE LAGOAS CL,Consumidor Livre,SUDESTE,96.0,15.292585
,2023-01-16,85873.0,VIBRA SETE LAGOAS CL,Consumidor Livre,SUDESTE,96.0,12.037625
,2023-01-17,85873.0,VIBRA SETE LAGOAS CL,Consumidor Livre,SUDESTE,96.0,15.462227
,2023-01-18,85873.0,VIBRA SETE LAGOAS CL,Consumidor Livre,SUDESTE,96.0,15.71895
,2023-01-19,85873.0,VIBRA SETE LAGOAS CL,Consumidor Livre,SUDESTE,96.0,15.82772
,2023-01-20,85873.0,VIBRA SETE LAGOAS CL,Consumidor Livre,SUDESTE,96.0,16.466499
,2023-01-21,85873.0,VIBRA SETE LAGOAS CL,Consumidor Livre,SUDESTE,96.0,16.259434
,2023-01-22,85873.0,VIBRA SETE LAGOAS CL,Consumidor Livre,SUDESTE,96.0,12.658092
,2023-01-23,85873.0,VIBRA SETE LAGOAS CL,Consumidor Livre,SUDESTE,96.0,15.850098
,2023-01-24,85873.0,VIBRA SETE LAGOAS CL,Consumidor Livre,SUDESTE,96.0,15.771003
,2023-01-25,85873.0,VIBRA SETE LAGOAS CL,Consumidor Livre,SUDESTE,96.0,15.971004
,2023-01-26,85873.0,VIBRA SETE LAGOAS CL,Consumidor Livre,SUDESTE,96.0,16.607779
,2023-01-27,85873.0,VIBRA SETE LAGOAS CL,Consumidor Livre,SUDESTE,96.0,15.863264
,2023-01-28,85873.0,VIBRA SETE LAGOAS CL,Consumidor Livre,SUDESTE,96.0,16.790345
,2023-01-29,85873.0,VIBRA SETE LAGOAS CL,Consumidor Livre,SUDESTE,96.0,15.941099
,2023-01-30,85873.0,VIBRA SETE LAGOAS CL,Consumidor Livre,SUDESTE,96.0,11.826228
,2023-01-31,85873.0,VIBRA SETE LAGOAS CL,Consumidor Livre,SUDESTE,96.0,15.307868
,2023-02-01,85873.0,VIBRA SETE LAGOAS CL,Consumidor Livre,SUDESTE,96.0,14.56042
,2023-02-02,85873.0,VIBRA SETE LAGOAS CL,Consumidor Livre,SUDESTE,96.0,15.23593
,2023-02-03,85873.0,VIBRA SETE LAGOAS CL,Consumidor Livre,SUDESTE,96.0,15.112598
,2023-02-04,85873.0,VIBRA SETE LAGOAS CL,Consumidor Livre,SUDESTE,96.0,15.45868
,2023-02-05,85873.0,VIBRA SETE LAGOAS CL,Consumidor Livre,SUDESTE,96.0,15.126758
,2023-02-06,85873.0,VIBRA SETE LAGOAS CL,Consumidor Livre,SUDESTE,96.0,15.85512
,2023-02-07,85873.0,VIBRA SETE LAGOAS CL,Consumidor Livre,SUDESTE,96.0,16.016425
,2023-02-08,85873.0,VIBRA SETE LAGOAS CL,Consumidor Livre,SUDESTE,96.0,15.724189
,2023-02-09,85873.0,VIBRA SETE LAGOAS CL,Consumidor Livre,SUDESTE,96.0,16.625831
,2023-02-10,85873.0,VIBRA SETE LAGOAS CL,Consumidor Livre,SUDESTE,96.0,15.280481
,2023-02-11,85873.0,VIBRA SETE LAGOAS CL,Consumidor Livre,SUDESTE,96.0,15.720733
,2023-02-12,85873.0,VIBRA SETE LAGOAS CL,Consumidor Livre,SUDESTE,96.0,15.916699
,2023-02-13,85873.0,VIBRA SETE LAGOAS CL,Consumidor Livre,SUDESTE,96.0,14.88629
,2023-02-14,85873.0,VIBRA SETE LAGOAS CL,Consumidor Livre,SUDESTE,96.0,15.154908
,2023-02-15,85873.0,VIBRA SETE LAGOAS CL,Consumidor Livre,SUDESTE,96.0,15.781818
,2023-02-16,85873.0,VIBRA SETE LAGOAS CL,Consumidor Livre,SUDESTE,96.0,16.055892
,2023-02-17,85873.0,VIBRA SETE LAGOAS CL,Consumidor Livre,SUDESTE,96.0,15.298064
,2023-02-18,85873.0,VIBRA SETE LAGOAS CL,Consumidor Livre,SUDESTE,96.0,16.297508
,2023-02-19,85873.0,VIBRA SETE LAGOAS CL,Consumidor Livre,SUDESTE,96.0,4.873028
,2023-02-20,85873.0,VIBRA SETE LAGOAS CL,Consumidor Livre,SUDESTE,96.0,14.683778
,2023-02-21,85873.0,VIBRA SETE LAGOAS CL,Consumidor Livre,SUDESTE,96.0,14.951086
,2023-02-22,85873.0,VIBRA SETE LAGOAS CL,Consumidor Livre,SUDESTE,96.0,15.451245
,2023-02-23,85873.0,VIBRA SETE LAGOAS CL,Consumidor Livre,SUDESTE,96.0,15.654007
,2023-02-24,85873.0,VIBRA SETE LAGOAS CL,Consumidor Livre,SUDESTE,96.0,14.847213
,2023-02-25,85873.0,VIBRA SETE LAGOAS CL,Consumidor Livre,SUDESTE,96.0,14.807432
,2023-02-26,85873.0,VIBRA SETE LAGOAS CL,Consumidor Livre,SUDESTE,96.0,6.276877
,2023-02-27,85873.0,VIBRA SETE LAGOAS CL,Consumidor Livre,SUDESTE,96.0,15.55297
,2023-02-28,85873.0,VIBRA SETE LAGOAS CL,Consumidor Livre,SUDESTE,96.0,15.217543
,2023-03-01,85873.0,VIBRA SETE LAGOAS CL,Consumidor Livre,SUDESTE,96.0,14.373561
,2023-03-02,85873.0,VIBRA SETE LAGOAS CL,Consumidor Livre,SUDESTE,96.0,15.762617
,2023-03-03,85873.0,VIBRA SETE LAGOAS CL,Consumidor Livre,SUDESTE,96.0,16.195129
,2023-03-04,85873.0,VIBRA SETE LAGOAS CL,Consumidor Livre,SUDESTE,96.0,14.788941
,2023-03-05,85873.0,VIBRA SETE LAGOAS CL,Consumidor Livre,SUDESTE,96.0,4.882032
,2023-03-06,85873.0,VIBRA SETE LAGOAS CL,Consumidor Livre,SUDESTE,96.0,13.833978
,2023-03-07,85873.0,VIBRA SETE LAGOAS CL,Consumidor Livre,SUDESTE,96.0,15.873113
,2023-03-08,85873.0,VIBRA SETE LAGOAS CL,Consumidor Livre,SUDESTE,96.0,15.246024
,2023-03-09,85873.0,VIBRA SETE LAGOAS CL,Consumidor Livre,SUDESTE,96.0,16.523376
,2023-03-10,85873.0,VIBRA SETE LAGOAS CL,Consumidor Livre,SUDESTE,96.0,15.896909
,2023-03-11,85873.0,VIBRA SETE LAGOAS CL,Consumidor Livre,SUDESTE,96.0,11.683351
,2023-03-12,85873.0,VIBRA SETE LAGOAS CL,Consumidor Livre,SUDESTE,96.0,1.499634
,2023-03-13,85873.0,VIBRA SETE LAGOAS CL,Consumidor Livre,SUDESTE,96.0,15.883042
,2023-03-14,85873.0,VIBRA SETE LAGOAS CL,Consumidor Livre,SUDESTE,96.0,15.431318
,2023-03-15,85873.0,VIBRA SETE LAGOAS CL,Consumidor Livre,SUDESTE,96.0,12.408655
,2023-03-16,85873.0,VIBRA SETE LAGOAS CL,Consumidor Livre,SUDESTE,96.0,15.194064
,2023-03-17,85873.0,VIBRA SETE LAGOAS CL,Consumidor Livre,SUDESTE,96.0,15.447359
,2023-03-18,85873.0,VIBRA SETE LAGOAS CL,Consumidor Livre,SUDESTE,96.0,13.685413
,2023-03-19,85873.0,VIBRA SETE LAGOAS CL,Consumidor Livre,SUDESTE,96.0,1.90606
,2023-03-20,85873.0,VIBRA SETE LAGOAS CL,Consumidor Livre,SUDESTE,96.0,15.990425
,2023-03-21,85873.0,VIBRA SETE LAGOAS CL,Consumidor Livre,SUDESTE,96.0,15.261038
,2023-03-22,85873.0,VIBRA SETE LAGOAS CL,Consumidor Livre,SUDESTE,96.0,15.624248
,2023-03-23,85873.0,VIBRA SETE LAGOAS CL,Consumidor Livre,SUDESTE,96.0,15.786923
,2023-03-24,85873.0,VIBRA SETE LAGOAS CL,Consumidor Livre,SUDESTE,96.0,15.120163
,2023-03-25,85873.0,VIBRA SETE LAGOAS CL,Consumidor Livre,SUDESTE,96.0,14.029374
,2023-03-26,85873.0,VIBRA SETE LAGOAS CL,Consumidor Livre,SUDESTE,96.0,1.675229
,2023-03-27,85873.0,VIBRA SETE LAGOAS CL,Consumidor Livre,SUDESTE,96.0,15.798736
,2023-03-28,85873.0,VIBRA SETE LAGOAS CL,Consumidor Livre,SUDESTE,96.0,15.248876
,2023-03-29,85873.0,VIBRA SETE LAGOAS CL,Consumidor Livre,SUDESTE,96.0,15.743714
,2023-03-30,85873.0,VIBRA SETE LAGOAS CL,Consumidor Livre,SUDESTE,96.0,15.11223
,2023-03-31,85873.0,VIBRA SETE LAGOAS CL,Consumidor Livre,SUDESTE,96.0,14.832314
,2023-04-01,85873.0,VIBRA SETE LAGOAS CL,Consumidor Livre,SUDESTE,96.0,15.440491
,2023-04-02,85873.0,VIBRA SETE LAGOAS CL,Consumidor Livre,SUDESTE,96.0,4.174314
,2023-04-03,85873.0,VIBRA SETE LAGOAS CL,Consumidor Livre,SUDESTE,96.0,12.586429
,2023-04-04,85873.0,VIBRA SETE LAGOAS CL,Consumidor Livre,SUDESTE,96.0,15.335892
,2023-04-05,85873.0,VIBRA SETE LAGOAS CL,Consumidor Livre,SUDESTE,96.0,15.084614
,2023-04-06,85873.0,VIBRA SETE LAGOAS CL,Consumidor Livre,SUDESTE,96.0,15.377883
,2023-04-07,85873.0,VIBRA SETE LAGOAS CL,Consumidor Livre,SUDESTE,96.0,14.698632
,2023-04-08,85873.0,VIBRA SETE LAGOAS CL,Consumidor Livre,SUDESTE,96.0,13.510198
,2023-04-09,85873.0,VIBRA SETE LAGOAS CL,Consumidor Livre,SUDESTE,96.0,4.65901
,2023-04-10,85873.0,VIBRA SETE LAGOAS CL,Consumidor Livre,SUDESTE,96.0,15.504617
,2023-04-11,85873.0,VIBRA SETE LAGOAS CL,Consumidor Livre,SUDESTE,96.0,15.545272
,2023-04-12,85873.0,VIBRA SETE LAGOAS CL,Consumidor Livre,SUDESTE,96.0,15.917698
,2023-04-13,85873.0,VIBRA SETE LAGOAS CL,Consumidor Livre,SUDESTE,96.0,15.738837
,2023-04-14,85873.0,VIBRA SETE LAGOAS CL,Consumidor Livre,SUDESTE,96.0,15.077135
,2023-04-15,85873.0,VIBRA SETE LAGOAS CL,Consumidor Livre,SUDESTE,96.0,11.87291
,2023-04-16,85873.0,VIBRA SETE LAGOAS CL,Consumidor Livre,SUDESTE,96.0,1.675763
,2023-04-17,85873.0,VIBRA SETE LAGOAS CL,Consumidor Livre,SUDESTE,96.0,15.313591
,2023-04-18,85873.0,VIBRA SETE LAGOAS CL,Consumidor Livre,SUDESTE,96.0,15.320138
,2023-04-19,85873.0,VIBRA SETE LAGOAS CL,Consumidor Livre,SUDESTE,96.0,14.265192
,2023-04-20,85873.0,VIBRA SETE LAGOAS CL,Consumidor Livre,SUDESTE,96.0,15.144049
,2023-04-21,85873.0,VIBRA SETE LAGOAS CL,Consumidor Livre,SUDESTE,96.0,15.189583
,2023-04-22,85873.0,VIBRA SETE LAGOAS CL,Consumidor Livre,SUDESTE,96.0,12.398886
,2023-04-23,85873.0,VIBRA SETE LAGOAS CL,Consumidor Livre,SUDESTE,96.0,1.422569
,2023-04-24,85873.0,VIBRA SETE LAGOAS CL,Consumidor Livre,SUDESTE,96.0,13.8153
,2023-04-25,85873.0,VIBRA SETE LAGOAS CL,Consumidor Livre,SUDESTE,96.0,15.541067
,2023-04-26,85873.0,VIBRA SETE LAGOAS CL,Consumidor Livre,SUDESTE,96.0,15.400037
,2023-04-27,85873.0,VIBRA SETE LAGOAS CL,Consumidor Livre,SUDESTE,96.0,15.029164
,2023-04-28,85873.0,VIBRA SETE LAGOAS CL,Consumidor Livre,SUDESTE,96.0,12.99957
,2023-04-29,85873.0,VIBRA SETE LAGOAS CL,Consumidor Livre,SUDESTE,96.0,13.691491
,2023-04-30,85873.0,VIBRA SETE LAGOAS CL,Consumidor Livre,SUDESTE,96.0,6.0452840000000005
,2023-05-01,85873.0,VIBRA SETE LAGOAS CL,Consumidor Livre,SUDESTE,96.0,16.053601
,2023-05-02,85873.0,VIBRA SETE LAGOAS CL,Consumidor Livre,SUDESTE,96.0,16.675921
,2023-05-03,85873.0,VIBRA SETE LAGOAS CL,Consumidor Livre,SUDESTE,96.0,14.897918
,2023-05-04,85873.0,VIBRA SETE LAGOAS CL,Consumidor Livre,SUDESTE,96.0,15.208969
,2023-05-05,85873.0,VIBRA SETE LAGOAS CL,Consumidor Livre,SUDESTE,96.0,15.550556
,2023-05-06,85873.0,VIBRA SETE LAGOAS CL,Consumidor Livre,SUDESTE,96.0,12.39967
,2023-05-07,85873.0,VIBRA SETE LAGOAS CL,Consumidor Livre,SUDESTE,96.0,12.05607
,2023-05-08,85873.0,VIBRA SETE LAGOAS CL,Consumidor Livre,SUDESTE,96.0,15.604659
,2023-05-09,85873.0,VIBRA SETE LAGOAS CL,Consumidor Livre,SUDESTE,96.0,16.34433
,2023-05-10,85873.0,VIBRA SETE LAGOAS CL,Consumidor Livre,SUDESTE,96.0,15.152715
,2023-05-11,85873.0,VIBRA SETE LAGOAS CL,Consumidor Livre,SUDESTE,96.0,15.531194
,2023-05-12,85873.0,VIBRA SETE LAGOAS CL,Consumidor Livre,SUDESTE,96.0,16.058291999999998
,2023-05-13,85873.0,VIBRA SETE LAGOAS CL,Consumidor Livre,SUDESTE,96.0,15.553472
,2023-05-14,85873.0,VIBRA SETE LAGOAS CL,Consumidor Livre,SUDESTE,96.0,8.483041
,2023-05-15,85873.0,VIBRA SETE LAGOAS CL,Consumidor Livre,SUDESTE,96.0,15.237001
,2023-05-16,85873.0,VIBRA SETE LAGOAS CL,Consumidor Livre,SUDESTE,96.0,15.826165
,2023-05-17,85873.0,VIBRA SETE LAGOAS CL,Consumidor Livre,SUDESTE,96.0,15.246491
,2023-05-18,85873.0,VIBRA SETE LAGOAS CL,Consumidor Livre,SUDESTE,96.0,15.260266
,2023-05-19,85873.0,VIBRA SETE LAGOAS CL,Consumidor Livre,SUDESTE,96.0,15.371741
,2023-05-20,85873.0,VIBRA SETE LAGOAS CL,Consumidor Livre,SUDESTE,96.0,12.079523
,2023-05-21,85873.0,VIBRA SETE LAGOAS CL,Consumidor Livre,SUDESTE,96.0,2.0907340000000003
,2023-05-22,85873.0,VIBRA SETE LAGOAS CL,Consumidor Livre,SUDESTE,96.0,15.086941
,2023-05-23,85873.0,VIBRA SETE LAGOAS CL,Consumidor Livre,SUDESTE,96.0,15.58235
,2023-05-24,85873.0,VIBRA SETE LAGOAS CL,Consumidor Livre,SUDESTE,96.0,15.20172
,2023-05-25,85873.0,VIBRA SETE LAGOAS CL,Consumidor Livre,SUDESTE,96.0,15.09016
,2023-05-26,85873.0,VIBRA SETE LAGOAS CL,Consumidor Livre,SUDESTE,96.0,15.30735
,2023-05-27,85873.0,VIBRA SETE LAGOAS CL,Consumidor Livre,SUDESTE,96.0,15.052012
,2023-05-28,85873.0,VIBRA SETE LAGOAS CL,Consumidor Livre,SUDESTE,96.0,7.193222
,2023-05-29,85873.0,VIBRA SETE LAGOAS CL,Consumidor Livre,SUDESTE,96.0,15.965475
,2023-05-30,85873.0,VIBRA SETE LAGOAS CL,Consumidor Livre,SUDESTE,96.0,16.019713
,2023-05-31,85873.0,VIBRA SETE LAGOAS CL,Consumidor Livre,SUDESTE,96.0,14.272751
,2023-06-01,85873.0,VIBRA SETE LAGOAS CL,Consumidor Livre,SUDESTE,96.0,15.226463
,2023-06-02,85873.0,VIBRA SETE LAGOAS CL,Consumidor Livre,SUDESTE,96.0,16.975494
,2023-06-03,85873.0,VIBRA SETE LAGOAS CL,Consumidor Livre,SUDESTE,96.0,12.318305
,2023-06-04,85873.0,VIBRA SETE LAGOAS CL,Consumidor Livre,SUDESTE,96.0,1.0095999999999998
,2023-06-05,85873.0,VIBRA SETE LAGOAS CL,Consumidor Livre,SUDESTE,96.0,16.67955
,2023-06-06,85873.0,VIBRA SETE LAGOAS CL,Consumidor Livre,SUDESTE,96.0,15.215573
,2023-06-07,85873.0,VIBRA SETE LAGOAS CL,Consumidor Livre,SUDESTE,96.0,15.580804
,2023-06-08,85873.0,VIBRA SETE LAGOAS CL,Consumidor Livre,SUDESTE,96.0,15.496297
,2023-06-09,85873.0,VIBRA SETE LAGOAS CL,Consumidor Livre,SUDESTE,96.0,15.841042
,2023-06-10,85873.0,VIBRA SETE LAGOAS CL,Consumidor Livre,SUDESTE,96.0,11.43118
,2023-06-11,85873.0,VIBRA SETE LAGOAS CL,Consumidor Livre,SUDESTE,96.0,1.669714
,2023-06-12,85873.0,VIBRA SETE LAGOAS CL,Consumidor Livre,SUDESTE,96.0,15.144699
,2023-06-13,85873.0,VIBRA SETE LAGOAS CL,Consumidor Livre,SUDESTE,96.0,15.455241
,2023-06-14,85873.0,VIBRA SETE LAGOAS CL,Consumidor Livre,SUDESTE,96.0,15.156179
,2023-06-15,85873.0,VIBRA SETE LAGOAS CL,Consumidor Livre,SUDESTE,96.0,14.746836
,2023-06-16,85873.0,VIBRA SETE LAGOAS CL,Consumidor Livre,SUDESTE,96.0,15.639863
,2023-06-17,85873.0,VIBRA SETE LAGOAS CL,Consumidor Livre,SUDESTE,96.0,14.215663
,2023-06-18,85873.0,VIBRA SETE LAGOAS CL,Consumidor Livre,SUDESTE,96.0,7.031423
,2023-06-19,85873.0,VIBRA SETE LAGOAS CL,Consumidor Livre,SUDESTE,96.0,15.391392
,2023-06-20,85873.0,VIBRA SETE LAGOAS CL,Consumidor Livre,SUDESTE,96.0,16.17627
,2023-06-21,85873.0,VIBRA SETE LAGOAS CL,Consumidor Livre,SUDESTE,96.0,15.896834
,2023-06-22,85873.0,VIBRA SETE LAGOAS CL,Consumidor Livre,SUDESTE,96.0,15.406655
,2023-06-23,85873.0,VIBRA SETE LAGOAS CL,Consumidor Livre,SUDESTE,96.0,16.375869
,2023-06-24,85873.0,VIBRA SETE LAGOAS CL,Consumidor Livre,SUDESTE,96.0,10.812545
,2023-06-25,85873.0,VIBRA SETE LAGOAS CL,Consumidor Livre,SUDESTE,96.0,1.349886
,2023-06-26,85873.0,VIBRA SETE LAGOAS CL,Consumidor Livre,SUDESTE,96.0,14.22672
,2023-06-27,85873.0,VIBRA SETE LAGOAS CL,Consumidor Livre,SUDESTE,96.0,13.243748
,2023-06-28,85873.0,VIBRA SETE LAGOAS CL,Consumidor Livre,SUDESTE,96.0,15.893703
,2023-06-29,85873.0,VIBRA SETE LAGOAS CL,Consumidor Livre,SUDESTE,96.0,15.122867
,2023-06-30,85873.0,VIBRA SETE LAGOAS CL,Consumidor Livre,SUDESTE,96.0,15.217476
,2023-07-01,85873.0,VIBRA SETE LAGOAS CL,Consumidor Livre,SUDESTE,96.0,11.051467
,2023-07-02,85873.0,VIBRA SETE LAGOAS CL,Consumidor Livre,SUDESTE,96.0,1.297242
,2023-07-03,85873.0,VIBRA SETE LAGOAS CL,Consumidor Livre,SUDESTE,96.0,13.643007
,2023-07-04,85873.0,VIBRA SETE LAGOAS CL,Consumidor Livre,SUDESTE,96.0,12.98093
,2023-07-05,85873.0,VIBRA SETE LAGOAS CL,Consumidor Livre,SUDESTE,96.0,14.601029
,2023-07-06,85873.0,VIBRA SETE LAGOAS CL,Consumidor Livre,SUDESTE,96.0,15.543458
,2023-07-07,85873.0,VIBRA SETE LAGOAS CL,Consumidor Livre,SUDESTE,96.0,15.941414
,2023-07-08,85873.0,VIBRA SETE LAGOAS CL,Consumidor Livre,SUDESTE,96.0,11.533364
,2023-07-09,85873.0,VIBRA SETE LAGOAS CL,Consumidor Livre,SUDESTE,96.0,1.411186
,2023-07-10,85873.0,VIBRA SETE LAGOAS CL,Consumidor Livre,SUDESTE,96.0,14.184021
,2023-07-11,85873.0,VIBRA SETE LAGOAS CL,Consumidor Livre,SUDESTE,96.0,11.949393
,2023-07-12,85873.0,VIBRA SETE LAGOAS CL,Consumidor Livre,SUDESTE,96.0,15.936738
,2023-07-13,85873.0,VIBRA SETE LAGOAS CL,Consumidor Livre,SUDESTE,96.0,14.728668
,2023-07-14,85873.0,VIBRA SETE LAGOAS CL,Consumidor Livre,SUDESTE,96.0,15.513887
,2023-07-15,85873.0,VIBRA SETE LAGOAS CL,Consumidor Livre,SUDESTE,96.0,14.050329
,2023-07-16,85873.0,VIBRA SETE LAGOAS CL,Consumidor Livre,SUDESTE,96.0,5.530538
,2023-07-17,85873.0,VIBRA SETE LAGOAS CL,Consumidor Livre,SUDESTE,96.0,15.481304
,2023-07-18,85873.0,VIBRA SETE LAGOAS CL,Consumidor Livre,SUDESTE,96.0,14.975205
,2023-07-19,85873.0,VIBRA SETE LAGOAS CL,Consumidor Livre,SUDESTE,96.0,15.514285
,2023-07-20,85873.0,VIBRA SETE LAGOAS CL,Consumidor Livre,SUDESTE,96.0,15.313635
,2023-07-21,85873.0,VIBRA SETE LAGOAS CL,Consumidor Livre,SUDESTE,96.0,15.987766
,2023-07-22,85873.0,VIBRA SETE LAGOAS CL,Consumidor Livre,SUDESTE,96.0,7.872372
,2023-07-23,85873.0,VIBRA SETE LAGOAS CL,Consumidor Livre,SUDESTE,96.0,0.631788
,2023-07-24,85873.0,VIBRA SETE LAGOAS CL,Consumidor Livre,SUDESTE,96.0,15.026126
,2023-07-25,85873.0,VIBRA SETE LAGOAS CL,Consumidor Livre,SUDESTE,96.0,14.325493
,2023-07-26,85873.0,VIBRA SETE LAGOAS CL,Consumidor Livre,SUDESTE,96.0,14.300198
,2023-07-27,85873.0,VIBRA SETE LAGOAS CL,Consumidor Livre,SUDESTE,96.0,14.676057
,2023-07-28,85873.0,VIBRA SETE LAGOAS CL,Consumidor Livre,SUDESTE,96.0,14.590559
,2023-07-29,85873.0,VIBRA SETE LAGOAS CL,Consumidor Livre,SUDESTE,96.0,3.810976
,2023-07-30,85873.0,VIBRA SETE LAGOAS CL,Consumidor Livre,SUDESTE,96.0,1.502284
,2023-07-31,85873.0,VIBRA SETE LAGOAS CL,Consumidor Livre,SUDESTE,96.0,12.923078
,2023-08-01,85873.0,VIBRA SETE LAGOAS CL,Consumidor Livre,SUDESTE,96.0,14.646388
,2023-08-02,85873.0,VIBRA SETE LAGOAS CL,Consumidor Livre,SUDESTE,96.0,14.383204
,2023-08-03,85873.0,VIBRA SETE LAGOAS CL,Consumidor Livre,SUDESTE,96.0,14.944523
,2023-08-04,85873.0,VIBRA SETE LAGOAS CL,Consumidor Livre,SUDESTE,96.0,13.558157
,2023-08-05,85873.0,VIBRA SETE LAGOAS CL,Consumidor Livre,SUDESTE,96.0,4.687626
,2023-08-06,85873.0,VIBRA SETE LAGOAS CL,Consumidor Livre,SUDESTE,96.0,0.87828
,2023-08-07,85873.0,VIBRA SETE LAGOAS CL,Consumidor Livre,SUDESTE,96.0,12.347816
,2023-08-08,85873.0,VIBRA SETE LAGOAS CL,Consumidor Livre,SUDESTE,96.0,13.118552
,2023-08-09,85873.0,VIBRA SETE LAGOAS CL,Consumidor Livre,SUDESTE,96.0,13.391379
,2023-08-10,85873.0,VIBRA SETE LAGOAS CL,Consumidor Livre,SUDESTE,96.0,14.764542
,2023-08-11,85873.0,VIBRA SETE LAGOAS CL,Consumidor Livre,SUDESTE,96.0,14.067271
,2023-08-12,85873.0,VIBRA SETE LAGOAS CL,Consumidor Livre,SUDESTE,96.0,9.415981
,2023-08-13,85873.0,VIBRA SETE LAGOAS CL,Consumidor Livre,SUDESTE,96.0,1.043093
,2023-08-14,85873.0,VIBRA SETE LAGOAS CL,Consumidor Livre,SUDESTE,96.0,11.936388
,2023-08-15,85873.0,VIBRA SETE LAGOAS CL,Consumidor Livre,SUDESTE,96.0,14.223787
,2023-08-16,85873.0,VIBRA SETE LAGOAS CL,Consumidor Livre,SUDESTE,96.0,13.070465
,2023-08-17,85873.0,VIBRA SETE LAGOAS CL,Consumidor Livre,SUDESTE,96.0,13.733374
,2023-08-18,85873.0,VIBRA SETE LAGOAS CL,Consumidor Livre,SUDESTE,96.0,14.539447
,2023-08-19,85873.0,VIBRA SETE LAGOAS CL,Consumidor Livre,SUDESTE,96.0,10.391868
,2023-08-20,85873.0,VIBRA SETE LAGOAS CL,Consumidor Livre,SUDESTE,96.0,0.881472
,2023-08-21,85873.0,VIBRA SETE LAGOAS CL,Consumidor Livre,SUDESTE,96.0,11.201545
,2023-08-22,85873.0,VIBRA SETE LAGOAS CL,Consumidor Livre,SUDESTE,96.0,14.596411
,2023-08-23,85873.0,VIBRA SETE LAGOAS CL,Consumidor Livre,SUDESTE,96.0,14.182755
,2023-08-24,85873.0,VIBRA SETE LAGOAS CL,Consumidor Livre,SUDESTE,96.0,14.936967
,2023-08-25,85873.0,VIBRA SETE LAGOAS CL,Consumidor Livre,SUDESTE,96.0,14.500827
,2023-08-26,85873.0,VIBRA SETE LAGOAS CL,Consumidor Livre,SUDESTE,96.0,11.060426
,2023-08-27,85873.0,VIBRA SETE LAGOAS CL,Consumidor Livre,SUDESTE,96.0,1.315508
,2023-08-28,85873.0,VIBRA SETE LAGOAS CL,Consumidor Livre,SUDESTE,96.0,14.598112
,2023-08-29,85873.0,VIBRA SETE LAGOAS CL,Consumidor Livre,SUDESTE,96.0,14.744254
,2023-08-30,85873.0,VIBRA SETE LAGOAS CL,Consumidor Livre,SUDESTE,96.0,15.824329
,2023-08-31,85873.0,VIBRA SETE LAGOAS CL,Consumidor Livre,SUDESTE,96.0,14.891867
,2023-09-01,85873.0,VIBRA SETE LAGOAS CL,Consumidor Livre,SUDESTE,96.0,15.86008
,2023-09-02,85873.0,VIBRA SETE LAGOAS CL,Consumidor Livre,SUDESTE,96.0,12.999457
,2023-09-03,85873.0,VIBRA SETE LAGOAS CL,Consumidor Livre,SUDESTE,96.0,1.547941
,2023-09-04,85873.0,VIBRA SETE LAGOAS CL,Consumidor Livre,SUDESTE,96.0,12.902111
,2023-09-05,85873.0,VIBRA SETE LAGOAS CL,Consumidor Livre,SUDESTE,96.0,15.01718
,2023-09-06,85873.0,VIBRA SETE LAGOAS CL,Consumidor Livre,SUDESTE,96.0,13.881618
,2023-09-07,85873.0,VIBRA SETE LAGOAS CL,Consumidor Livre,SUDESTE,96.0,14.929406
,2023-09-08,85873.0,VIBRA SETE LAGOAS CL,Consumidor Livre,SUDESTE,96.0,14.81022
,2023-09-09,85873.0,VIBRA SETE LAGOAS CL,Consumidor Livre,SUDESTE,96.0,4.277335
,2023-09-10,85873.0,VIBRA SETE LAGOAS CL,Consumidor Livre,SUDESTE,96.0,1.008925
,2023-09-11,85873.0,VIBRA SETE LAGOAS CL,Consumidor Livre,SUDESTE,96.0,10.594425
,2023-09-12,85873.0,VIBRA SETE LAGOAS CL,Consumidor Livre,SUDESTE,96.0,14.106889
,2023-09-13,85873.0,VIBRA SETE LAGOAS CL,Consumidor Livre,SUDESTE,96.0,15.530831
,2023-09-14,85873.0,VIBRA SETE LAGOAS CL,Consumidor Livre,SUDESTE,96.0,14.215778
,2023-09-15,85873.0,VIBRA SETE LAGOAS CL,Consumidor Livre,SUDESTE,96.0,15.244563
,2023-09-16,85873.0,VIBRA SETE LAGOAS CL,Consumidor Livre,SUDESTE,96.0,8.135458
,2023-09-17,85873.0,VIBRA SETE LAGOAS CL,Consumidor Livre,SUDESTE,96.0,1.654379
,2023-09-18,85873.0,VIBRA SETE LAGOAS CL,Consumidor Livre,SUDESTE,96.0,12.782559
,2023-09-19,85873.0,VIBRA SETE LAGOAS CL,Consumidor Livre,SUDESTE,96.0,15.544309
,2023-09-20,85873.0,VIBRA SETE LAGOAS CL,Consumidor Livre,SUDESTE,96.0,14.72363
,2023-09-21,85873.0,VIBRA SETE LAGOAS CL,Consumidor Livre,SUDESTE,96.0,14.314246
,2023-09-22,85873.0,VIBRA SETE LAGOAS CL,Consumidor Livre,SUDESTE,96.0,15.485313
,2023-09-23,85873.0,VIBRA SETE LAGOAS CL,Consumidor Livre,SUDESTE,96.0,11.266495
,2023-09-24,85873.0,VIBRA SETE LAGOAS CL,Consumidor Livre,SUDESTE,96.0,1.702595
,2023-09-25,85873.0,VIBRA SETE LAGOAS CL,Consumidor Livre,SUDESTE,96.0,14.024886
,2023-09-26,85873.0,VIBRA SETE LAGOAS CL,Consumidor Livre,SUDESTE,96.0,15.173476
,2023-09-27,85873.0,VIBRA SETE LAGOAS CL,Consumidor Livre,SUDESTE,96.0,15.14024
,2023-09-28,85873.0,VIBRA SETE LAGOAS CL,Consumidor Livre,SUDESTE,96.0,15.198406
,2023-09-29,85873.0,VIBRA SETE LAGOAS CL,Consumidor Livre,SUDESTE,96.0,15.611599
,2023-09-30,85873.0,VIBRA SETE LAGOAS CL,Consumidor Livre,SUDESTE,96.0,10.354035
,2023-10-01,85873.0,VIBRA SETE LAGOAS CL,Consumidor Livre,SUDESTE,96.0,1.529876
,2023-10-02,85873.0,VIBRA SETE LAGOAS CL,Consumidor Livre,SUDESTE,96.0,13.425618
,2023-10-03,85873.0,VIBRA SETE LAGOAS CL,Consumidor Livre,SUDESTE,96.0,14.680381
,2023-10-04,85873.0,VIBRA SETE LAGOAS CL,Consumidor Livre,SUDESTE,96.0,15.046093
,2023-10-05,85873.0,VIBRA SETE LAGOAS CL,Consumidor Livre,SUDESTE,96.0,15.064348
,2023-10-06,85873.0,VIBRA SETE LAGOAS CL,Consumidor Livre,SUDESTE,96.0,15.577332
,2023-10-07,85873.0,VIBRA SETE LAGOAS CL,Consumidor Livre,SUDESTE,96.0,10.738511
,2023-10-08,85873.0,VIBRA SETE LAGOAS CL,Consumidor Livre,SUDESTE,96.0,1.426814
,2023-10-09,85873.0,VIBRA SETE LAGOAS CL,Consumidor Livre,SUDESTE,96.0,9.620954
,2023-10-10,85873.0,VIBRA SETE LAGOAS CL,Consumidor Livre,SUDESTE,96.0,15.088762
,2023-10-11,85873.0,VIBRA SETE LAGOAS CL,Consumidor Livre,SUDESTE,96.0,13.693945
,2023-10-12,85873.0,VIBRA SETE LAGOAS CL,Consumidor Livre,SUDESTE,96.0,14.171667
,2023-10-13,85873.0,VIBRA SETE LAGOAS CL,Consumidor Livre,SUDESTE,96.0,13.874725
,2023-10-14,85873.0,VIBRA SETE LAGOAS CL,Consumidor Livre,SUDESTE,96.0,10.495659
,2023-10-15,85873.0,VIBRA SETE LAGOAS CL,Consumidor Livre,SUDESTE,96.0,1.921549
,2023-10-16,85873.0,VIBRA SETE LAGOAS CL,Consumidor Livre,SUDESTE,96.0,14.17953
,2023-10-17,85873.0,VIBRA SETE LAGOAS CL,Consumidor Livre,SUDESTE,96.0,14.608063
,2023-10-18,85873.0,VIBRA SETE LAGOAS CL,Consumidor Livre,SUDESTE,96.0,13.384847
,2023-10-19,85873.0,VIBRA SETE LAGOAS CL,Consumidor Livre,SUDESTE,96.0,14.418555
,2023-10-20,85873.0,VIBRA SETE LAGOAS CL,Consumidor Livre,SUDESTE,96.0,13.59624
,2023-10-21,85873.0,VIBRA SETE LAGOAS CL,Consumidor Livre,SUDESTE,96.0,10.92346
,2023-10-22,85873.0,VIBRA SETE LAGOAS CL,Consumidor Livre,SUDESTE,96.0,2.19513
,2023-10-23,85873.0,VIBRA SETE LAGOAS CL,Consumidor Livre,SUDESTE,96.0,14.066338
,2023-10-24,85873.0,VIBRA SETE LAGOAS CL,Consumidor Livre,SUDESTE,96.0,14.833512
,2023-10-25,85873.0,VIBRA SETE LAGOAS CL,Consumidor Livre,SUDESTE,96.0,15.331426
,2023-10-26,85873.0,VIBRA SETE LAGOAS CL,Consumidor Livre,SUDESTE,96.0,13.189813
,2023-10-27,85873.0,VIBRA SETE LAGOAS CL,Consumidor Livre,SUDESTE,96.0,13.113071
,2023-10-28,85873.0,VIBRA SETE LAGOAS CL,Consumidor Livre,SUDESTE,96.0,11.025488
,2023-10-29,85873.0,VIBRA SETE LAGOAS CL,Consumidor Livre,SUDESTE,96.0,1.226596
,2023-10-30,85873.0,VIBRA SETE LAGOAS CL,Consumidor Livre,SUDESTE,96.0,12.747444
,2023-10-31,85873.0,VIBRA SETE LAGOAS CL,Consumidor Livre,SUDESTE,96.0,13.813791
,2023-11-01,85873.0,VIBRA SETE LAGOAS CL,Consumidor Livre,SUDESTE,96.0,11.142499
,2023-11-02,85873.0,VIBRA SETE LAGOAS CL,Consumidor Livre,SUDESTE,96.0,14.600382
,2023-11-03,85873.0,VIBRA SETE LAGOAS CL,Consumidor Livre,SUDESTE,96.0,14.660116
,2023-11-04,85873.0,VIBRA SETE LAGOAS CL,Consumidor Livre,SUDESTE,96.0,9.750752
,2023-11-05,85873.0,VIBRA SETE LAGOAS CL,Consumidor Livre,SUDESTE,96.0,1.706773
,2023-11-06,85873.0,VIBRA SETE LAGOAS CL,Consumidor Livre,SUDESTE,96.0,14.460086
,2023-11-07,85873.0,VIBRA SETE LAGOAS CL,Consumidor Livre,SUDESTE,96.0,12.544748
,2023-11-08,85873.0,VIBRA SETE LAGOAS CL,Consumidor Livre,SUDESTE,96.0,14.14645
,2023-11-09,85873.0,VIBRA SETE LAGOAS CL,Consumidor Livre,SUDESTE,96.0,14.063561
,2023-11-10,85873.0,VIBRA SETE LAGOAS CL,Consumidor Livre,SUDESTE,96.0,14.352793
,2023-11-11,85873.0,VIBRA SETE LAGOAS CL,Consumidor Livre,SUDESTE,96.0,7.419922
,2023-11-12,85873.0,VIBRA SETE LAGOAS CL,Consumidor Livre,SUDESTE,96.0,1.058205
,2023-11-13,85873.0,VIBRA SETE LAGOAS CL,Consumidor Livre,SUDESTE,96.0,11.42276
,2023-11-14,85873.0,VIBRA SETE LAGOAS CL,Consumidor Livre,SUDESTE,96.0,14.133151
,2023-11-15,85873.0,VIBRA SETE LAGOAS CL,Consumidor Livre,SUDESTE,96.0,14.086471
,2023-11-16,85873.0,VIBRA SETE LAGOAS CL,Consumidor Livre,SUDESTE,96.0,14.035376
,2023-11-17,85873.0,VIBRA SETE LAGOAS CL,Consumidor Livre,SUDESTE,96.0,13.310559
,2023-11-18,85873.0,VIBRA SETE LAGOAS CL,Consumidor Livre,SUDESTE,96.0,7.503725
,2023-11-19,85873.0,VIBRA SETE LAGOAS CL,Consumidor Livre,SUDESTE,96.0,0.970406
,2023-11-20,85873.0,VIBRA SETE LAGOAS CL,Consumidor Livre,SUDESTE,96.0,12.553297
,2023-11-21,85873.0,VIBRA SETE LAGOAS CL,Consumidor Livre,SUDESTE,96.0,14.061468
,2023-11-22,85873.0,VIBRA SETE LAGOAS CL,Consumidor Livre,SUDESTE,96.0,14.572097
,2023-11-23,85873.0,VIBRA SETE LAGOAS CL,Consumidor Livre,SUDESTE,96.0,15.514357
,2023-11-24,85873.0,VIBRA SETE LAGOAS CL,Consumidor Livre,SUDESTE,96.0,14.601817
,2023-11-25,85873.0,VIBRA SETE LAGOAS CL,Consumidor Livre,SUDESTE,96.0,8.370254
,2023-11-26,85873.0,VIBRA SETE LAGOAS CL,Consumidor Livre,SUDESTE,96.0,0.924897
,2023-11-27,85873.0,VIBRA SETE LAGOAS CL,Consumidor Livre,SUDESTE,96.0,12.742238
,2023-11-28,85873.0,VIBRA SETE LAGOAS CL,Consumidor Livre,SUDESTE,96.0,14.064905
,2023-11-29,85873.0,VIBRA SETE LAGOAS CL,Consumidor Livre,SUDESTE,96.0,12.886944
,2023-11-30,85873.0,VIBRA SETE LAGOAS CL,Consumidor Livre,SUDESTE,96.0,13.576896
,2023-12-01,85873.0,VIBRA SETE LAGOAS CL,Consumidor Livre,SUDESTE,96.0,14.48369
,2023-12-02,85873.0,VIBRA SETE LAGOAS CL,Consumidor Livre,SUDESTE,96.0,5.08636
,2023-12-03,85873.0,VIBRA SETE LAGOAS CL,Consumidor Livre,SUDESTE,96.0,1.388237
,2023-12-04,85873.0,VIBRA SETE LAGOAS CL,Consumidor Livre,SUDESTE,96.0,10.55628
,2023-12-05,85873.0,VIBRA SETE LAGOAS CL,Consumidor Livre,SUDESTE,96.0,13.281717
,2023-12-06,85873.0,VIBRA SETE LAGOAS CL,Consumidor Livre,SUDESTE,96.0,14.282586
,2023-12-07,85873.0,VIBRA SETE LAGOAS CL,Consumidor Livre,SUDESTE,96.0,14.488762
,2023-12-08,85873.0,VIBRA SETE LAGOAS CL,Consumidor Livre,SUDESTE,96.0,14.719126
,2023-12-09,85873.0,VIBRA SETE LAGOAS CL,Consumidor Livre,SUDESTE,96.0,5.590495
,2023-12-10,85873.0,VIBRA SETE LAGOAS CL,Consumidor Livre,SUDESTE,96.0,1.433347
,2023-12-11,85873.0,VIBRA SETE LAGOAS CL,Consumidor Livre,SUDESTE,96.0,9.909834
,2023-12-12,85873.0,VIBRA SETE LAGOAS CL,Consumidor Livre,SUDESTE,96.0,13.571958
,2023-12-13,85873.0,VIBRA SETE LAGOAS CL,Consumidor Livre,SUDESTE,96.0,14.225892
,2023-12-14,85873.0,VIBRA SETE LAGOAS CL,Consumidor Livre,SUDESTE,96.0,13.626881
,2023-12-15,85873.0,VIBRA SETE LAGOAS CL,Consumidor Livre,SUDESTE,96.0,14.211876
,2023-12-16,85873.0,VIBRA SETE LAGOAS CL,Consumidor Livre,SUDESTE,96.0,7.130409
,2023-12-17,85873.0,VIBRA SETE LAGOAS CL,Consumidor Livre,SUDESTE,96.0,0.777584
,2023-12-18,85873.0,VIBRA SETE LAGOAS CL,Consumidor Livre,SUDESTE,96.0,14.049395
,2023-12-19,85873.0,VIBRA SETE LAGOAS CL,Consumidor Livre,SUDESTE,96.0,14.347208
,2023-12-20,85873.0,VIBRA SETE LAGOAS CL,Consumidor Livre,SUDESTE,96.0,14.709697
,2023-12-21,85873.0,VIBRA SETE LAGOAS CL,Consumidor Livre,SUDESTE,96.0,13.21712
,2023-12-22,85873.0,VIBRA SETE LAGOAS CL,Consumidor Livre,SUDESTE,96.0,14.580473
,2023-12-23,85873.0,VIBRA SETE LAGOAS CL,Consumidor Livre,SUDESTE,96.0,13.487848
,2023-12-24,85873.0,VIBRA SETE LAGOAS CL,Consumidor Livre,SUDESTE,96.0,0.771602
,2023-12-25,85873.0,VIBRA SETE LAGOAS CL,Consumidor Livre,SUDESTE,96.0,1.390675
,2023-12-26,85873.0,VIBRA SETE LAGOAS CL,Consumidor Livre,SUDESTE,96.0,13.973322
,2023-12-27,85873.0,VIBRA SETE LAGOAS CL,Consumidor Livre,SUDESTE,96.0,14.499802
,2023-12-28,85873.0,VIBRA SETE LAGOAS CL,Consumidor Livre,SUDESTE,96.0,14.157242
,2023-12-29,85873.0,VIBRA SETE LAGOAS CL,Consumidor Livre,SUDESTE,96.0,15.246418
,2023-12-30,85873.0,VIBRA SETE LAGOAS CL,Consumidor Livre,SUDESTE,96.0,14.001342
,2023-12-31,85873.0,VIBRA SETE LAGOAS CL,Consumidor Livre,SUDESTE,96.0,7.297543
,2024-01-01,85873.0,VIBRA SETE LAGOAS CL,Consumidor Livre,SUDESTE,96.0,0.89918
,2024-01-02,85873.0,VIBRA SETE LAGOAS CL,Consumidor Livre,SUDESTE,96.0,13.689846
,2024-01-03,85873.0,VIBRA SETE LAGOAS CL,Consumidor Livre,SUDESTE,96.0,14.638546
,2024-01-04,85873.0,VIBRA SETE LAGOAS CL,Consumidor Livre,SUDESTE,96.0,13.545282
,2024-01-05,85873.0,VIBRA SETE LAGOAS CL,Consumidor Livre,SUDESTE,96.0,14.872871
,2024-01-06,85873.0,VIBRA SETE LAGOAS CL,Consumidor Livre,SUDESTE,96.0,13.143438
,2024-01-07,85873.0,VIBRA SETE LAGOAS CL,Consumidor Livre,SUDESTE,96.0,1.64689
,2024-01-08,85873.0,VIBRA SETE LAGOAS CL,Consumidor Livre,SUDESTE,96.0,14.632111
,2024-01-09,85873.0,VIBRA SETE LAGOAS CL,Consumidor Livre,SUDESTE,96.0,14.682958
,2024-01-10,85873.0,VIBRA SETE LAGOAS CL,Consumidor Livre,SUDESTE,96.0,13.938295
,2024-01-11,85873.0,VIBRA SETE LAGOAS CL,Consumidor Livre,SUDESTE,96.0,14.393015
,2024-01-12,85873.0,VIBRA SETE LAGOAS CL,Consumidor Livre,SUDESTE,96.0,8.26909
,2024-01-13,85873.0,VIBRA SETE LAGOAS CL,Consumidor Livre,SUDESTE,96.0,13.380245
,2024-01-14,85873.0,VIBRA SETE LAGOAS CL,Consumidor Livre,SUDESTE,96.0,7.556732
,2024-01-15,85873.0,VIBRA SETE LAGOAS CL,Consumidor Livre,SUDESTE,96.0,11.160515
,2024-01-16,85873.0,VIBRA SETE LAGOAS CL,Consumidor Livre,SUDESTE,96.0,13.503885
,2024-01-17,85873.0,VIBRA SETE LAGOAS CL,Consumidor Livre,SUDESTE,96.0,13.939838
,2024-01-18,85873.0,VIBRA SETE LAGOAS CL,Consumidor Livre,SUDESTE,96.0,13.831976
,2024-01-19,85873.0,VIBRA SETE LAGOAS CL,Consumidor Livre,SUDESTE,96.0,13.561183
,2024-01-20,85873.0,VIBRA SETE LAGOAS CL,Consumidor Livre,SUDESTE,96.0,6.976653
,2024-01-21,85873.0,VIBRA SETE LAGOAS CL,Consumidor Livre,SUDESTE,96.0,1.433722
,2024-01-22,85873.0,VIBRA SETE LAGOAS CL,Consumidor Livre,SUDESTE,96.0,10.675994
,2024-01-23,85873.0,VIBRA SETE LAGOAS CL,Consumidor Livre,SUDESTE,96.0,13.473844
,2024-01-24,85873.0,VIBRA SETE LAGOAS CL,Consumidor Livre,SUDESTE,96.0,12.648533
,2024-01-25,85873.0,VIBRA SETE LAGOAS CL,Consumidor Livre,SUDESTE,96.0,12.278494
,2024-01-26,85873.0,VIBRA SETE LAGOAS CL,Consumidor Livre,SUDESTE,96.0,13.178261
,2024-01-27,85873.0,VIBRA SETE LAGOAS CL,Consumidor Livre,SUDESTE,96.0,6.047882
,2024-01-28,85873.0,VIBRA SETE LAGOAS CL,Consumidor Livre,SUDESTE,96.0,1.509303
,2024-01-29,85873.0,VIBRA SETE LAGOAS CL,Consumidor Livre,SUDESTE,96.0,14.498724
,2024-01-30,85873.0,VIBRA SETE LAGOAS CL,Consumidor Livre,SUDESTE,96.0,13.828921
,2024-01-31,85873.0,VIBRA SETE LAGOAS CL,Consumidor Livre,SUDESTE,96.0,13.778449
,2024-02-01,85873.0,VIBRA SETE LAGOAS CL,Consumidor Livre,SUDESTE,96.0,13.709601
,2024-02-02,85873.0,VIBRA SETE LAGOAS CL,Consumidor Livre,SUDESTE,96.0,14.306408
,2024-02-03,85873.0,VIBRA SETE LAGOAS CL,Consumidor Livre,SUDESTE,96.0,13.235046
,2024-02-04,85873.0,VIBRA SETE LAGOAS CL,Consumidor Livre,SUDESTE,96.0,1.171194
,2024-02-05,85873.0,VIBRA SETE LAGOAS CL,Consumidor Livre,SUDESTE,96.0,12.536543
,2024-02-06,85873.0,VIBRA SETE LAGOAS CL,Consumidor Livre,SUDESTE,96.0,14.541893
,2024-02-07,85873.0,VIBRA SETE LAGOAS CL,Consumidor Livre,SUDESTE,96.0,14.393354
,2024-02-08,85873.0,VIBRA SETE LAGOAS CL,Consumidor Livre,SUDESTE,96.0,14.510406
,2024-02-09,85873.0,VIBRA SETE LAGOAS CL,Consumidor Livre,SUDESTE,96.0,14.502585
,2024-02-10,85873.0,VIBRA SETE LAGOAS CL,Consumidor Livre,SUDESTE,96.0,11.308806
,2024-02-11,85873.0,VIBRA SETE LAGOAS CL,Consumidor Livre,SUDESTE,96.0,1.549696
,2024-02-12,85873.0,VIBRA SETE LAGOAS CL,Consumidor Livre,SUDESTE,96.0,15.044709
,2024-02-13,85873.0,VIBRA SETE LAGOAS CL,Consumidor Livre,SUDESTE,96.0,14.097868
,2024-02-14,85873.0,VIBRA SETE LAGOAS CL,Consumidor Livre,SUDESTE,96.0,14.123558
,2024-02-15,85873.0,VIBRA SETE LAGOAS CL,Consumidor Livre,SUDESTE,96.0,14.384021
,2024-02-16,85873.0,VIBRA SETE LAGOAS CL,Consumidor Livre,SUDESTE,96.0,14.165755
,2024-02-17,85873.0,VIBRA SETE LAGOAS CL,Consumidor Livre,SUDESTE,96.0,11.437007
,2024-02-18,85873.0,VIBRA SETE LAGOAS CL,Consumidor Livre,SUDESTE,96.0,1.616753
,2024-02-19,85873.0,VIBRA SETE LAGOAS CL,Consumidor Livre,SUDESTE,96.0,12.686727
,2024-02-20,85873.0,VIBRA SETE LAGOAS CL,Consumidor Livre,SUDESTE,96.0,15.443874
,2024-02-21,85873.0,VIBRA SETE LAGOAS CL,Consumidor Livre,SUDESTE,96.0,15.417425
,2024-02-22,85873.0,VIBRA SETE LAGOAS CL,Consumidor Livre,SUDESTE,96.0,15.387843
,2024-02-23,85873.0,VIBRA SETE LAGOAS CL,Consumidor Livre,SUDESTE,96.0,13.398008
,2024-02-24,85873.0,VIBRA SETE LAGOAS CL,Consumidor Livre,SUDESTE,96.0,6.968173
,2024-02-25,85873.0,VIBRA SETE LAGOAS CL,Consumidor Livre,SUDESTE,96.0,8.378171
,2024-02-26,85873.0,VIBRA SETE LAGOAS CL,Consumidor Livre,SUDESTE,96.0,14.208631
,2024-02-27,85873.0,VIBRA SETE LAGOAS CL,Consumidor Livre,SUDESTE,96.0,14.158326
,2024-02-28,85873.0,VIBRA SETE LAGOAS CL,Consumidor Livre,SUDESTE,96.0,15.012669
,2024-02-29,85873.0,VIBRA SETE LAGOAS CL,Consumidor Livre,SUDESTE,96.0,15.576106
202403.0,2024-03-01,85873.0,VIBRA SETE LAGOAS CL,Consumidor Livre,SUDESTE,96.0,13.983999
202403.0,2024-03-01,85873.0,VIBRA SETE LAGOAS CL,Consumidor Livre,SUDESTE,96.0,13.983999
,2024-03-01,,VIBRA SETE LAGOAS CL,,,96.0,13.983999
202403.0,2024-03-02,85873.0,VIBRA SETE LAGOAS CL,Consumidor Livre,SUDESTE,96.0,13.060281
202403.0,2024-03-02,85873.0,VIBRA SETE LAGOAS CL,Consumidor Livre,SUDESTE,96.0,13.060281
,2024-03-02,,VIBRA SETE LAGOAS CL,,,96.0,13.060281
202403.0,2024-03-03,85873.0,VIBRA SETE LAGOAS CL,Consumidor Livre,SUDESTE,96.0,5.66844
202403.0,2024-03-03,85873.0,VIBRA SETE LAGOAS CL,Consumidor Livre,SUDESTE,96.0,5.66844
,2024-03-03,,VIBRA SETE LAGOAS CL,,,96.0,5.66844
202403.0,2024-03-04,85873.0,VIBRA SETE LAGOAS CL,Consumidor Livre,SUDESTE,96.0,15.193555
202403.0,2024-03-04,85873.0,VIBRA SETE LAGOAS CL,Consumidor Livre,SUDESTE,96.0,15.193555
,2024-03-04,,VIBRA SETE LAGOAS CL,,,96.0,15.193555
202403.0,2024-03-05,85873.0,VIBRA SETE LAGOAS CL,Consumidor Livre,SUDESTE,96.0,14.302159
202403.0,2024-03-05,85873.0,VIBRA SETE LAGOAS CL,Consumidor Livre,SUDESTE,96.0,14.302159
,2024-03-05,,VIBRA SETE LAGOAS CL,,,96.0,14.302159
202403.0,2024-03-06,85873.0,VIBRA SETE LAGOAS CL,Consumidor Livre,SUDESTE,96.0,14.905733
202403.0,2024-03-06,85873.0,VIBRA SETE LAGOAS CL,Consumidor Livre,SUDESTE,96.0,14.905733
,2024-03-06,,VIBRA SETE LAGOAS CL,,,96.0,14.905733
202403.0,2024-03-07,85873.0,VIBRA SETE LAGOAS CL,Consumidor Livre,SUDESTE,96.0,15.128364
202403.0,2024-03-07,85873.0,VIBRA SETE LAGOAS CL,Consumidor Livre,SUDESTE,96.0,15.128364
,2024-03-07,,VIBRA SETE LAGOAS CL,,,96.0,15.128364
202403.0,2024-03-08,85873.0,VIBRA SETE LAGOAS CL,Consumidor Livre,SUDESTE,96.0,14.418622
202403.0,2024-03-08,85873.0,VIBRA SETE LAGOAS CL,Consumidor Livre,SUDESTE,96.0,14.418622
,2024-03-08,,VIBRA SETE LAGOAS CL,,,96.0,14.418622
202403.0,2024-03-09,85873.0,VIBRA SETE LAGOAS CL,Consumidor Livre,SUDESTE,96.0,12.909556
202403.0,2024-03-09,85873.0,VIBRA SETE LAGOAS CL,Consumidor Livre,SUDESTE,96.0,12.909556
,2024-03-09,,VIBRA SETE LAGOAS CL,,,96.0,12.909556
202403.0,2024-03-10,85873.0,VIBRA SETE LAGOAS CL,Consumidor Livre,SUDESTE,96.0,0.858221
202403.0,2024-03-10,85873.0,VIBRA SETE LAGOAS CL,Consumidor Livre,SUDESTE,96.0,0.858221
,2024-03-10,,VIBRA SETE LAGOAS CL,,,96.0,0.858221
202403.0,2024-03-11,85873.0,VIBRA SETE LAGOAS CL,Consumidor Livre,SUDESTE,96.0,14.854089
202403.0,2024-03-11,85873.0,VIBRA SETE LAGOAS CL,Consumidor Livre,SUDESTE,96.0,14.854089
,2024-03-11,,VIBRA SETE LAGOAS CL,,,96.0,14.854089
202403.0,2024-03-12,85873.0,VIBRA SETE LAGOAS CL,Consumidor Livre,SUDESTE,96.0,14.994169
202403.0,2024-03-12,85873.0,VIBRA SETE LAGOAS CL,Consumidor Livre,SUDESTE,96.0,14.994169
,2024-03-12,,VIBRA SETE LAGOAS CL,,,96.0,14.994169
202403.0,2024-03-13,85873.0,VIBRA SETE LAGOAS CL,Consumidor Livre,SUDESTE,96.0,15.155092
202403.0,2024-03-13,85873.0,VIBRA SETE LAGOAS CL,Consumidor Livre,SUDESTE,96.0,15.155092
,2024-03-13,,VIBRA SETE LAGOAS CL,,,96.0,15.155092
202403.0,2024-03-14,85873.0,VIBRA SETE LAGOAS CL,Consumidor Livre,SUDESTE,96.0,15.441062
202403.0,2024-03-14,85873.0,VIBRA SETE LAGOAS CL,Consumidor Livre,SUDESTE,96.0,15.441062
,2024-03-14,,VIBRA SETE LAGOAS CL,,,96.0,15.441062
202403.0,2024-03-15,85873.0,VIBRA SETE LAGOAS CL,Consumidor Livre,SUDESTE,96.0,15.972742
202403.0,2024-03-15,85873.0,VIBRA SETE LAGOAS CL,Consumidor Livre,SUDESTE,96.0,15.972742
,2024-03-15,,VIBRA SETE LAGOAS CL,,,96.0,15.972742
202403.0,2024-03-16,85873.0,VIBRA SETE LAGOAS CL,Consumidor Livre,SUDESTE,96.0,14.313697
202403.0,2024-03-16,85873.0,VIBRA SETE LAGOAS CL,Consumidor Livre,SUDESTE,96.0,14.313697
,2024-03-16,,VIBRA SETE LAGOAS CL,,,96.0,14.313697
202403.0,2024-03-17,85873.0,VIBRA SETE LAGOAS CL,Consumidor Livre,SUDESTE,96.0,4.409292
202403.0,2024-03-17,85873.0,VIBRA SETE LAGOAS CL,Consumidor Livre,SUDESTE,96.0,4.409292
,2024-03-17,,VIBRA SETE LAGOAS CL,,,96.0,4.409292
202403.0,2024-03-18,85873.0,VIBRA SETE LAGOAS CL,Consumidor Livre,SUDESTE,96.0,15.87666
202403.0,2024-03-18,85873.0,VIBRA SETE LAGOAS CL,Consumidor Livre,SUDESTE,96.0,15.87666
,2024-03-18,,VIBRA SETE LAGOAS CL,,,96.0,15.87666
202403.0,2024-03-19,85873.0,VIBRA SETE LAGOAS CL,Consumidor Livre,SUDESTE,96.0,15.293757
202403.0,2024-03-19,85873.0,VIBRA SETE LAGOAS CL,Consumidor Livre,SUDESTE,96.0,15.293757
,2024-03-19,,VIBRA SETE LAGOAS CL,,,96.0,15.293757
202403.0,2024-03-20,85873.0,VIBRA SETE LAGOAS CL,Consumidor Livre,SUDESTE,96.0,15.090595
202403.0,2024-03-20,85873.0,VIBRA SETE LAGOAS CL,Consumidor Livre,SUDESTE,96.0,15.090595
,2024-03-20,,VIBRA SETE LAGOAS CL,,,96.0,15.090595
202403.0,2024-03-21,85873.0,VIBRA SETE LAGOAS CL,Consumidor Livre,SUDESTE,96.0,15.144465
202403.0,2024-03-21,85873.0,VIBRA SETE LAGOAS CL,Consumidor Livre,SUDESTE,96.0,15.144465
,2024-03-21,,VIBRA SETE LAGOAS CL,,,96.0,15.144465
202403.0,2024-03-22,85873.0,VIBRA SETE LAGOAS CL,Consumidor Livre,SUDESTE,96.0,15.26362
202403.0,2024-03-22,85873.0,VIBRA SETE LAGOAS CL,Consumidor Livre,SUDESTE,96.0,15.26362
,2024-03-22,,VIBRA SETE LAGOAS CL,,,96.0,15.26362
202403.0,2024-03-23,85873.0,VIBRA SETE LAGOAS CL,Consumidor Livre,SUDESTE,96.0,13.721079
202403.0,2024-03-23,85873.0,VIBRA SETE LAGOAS CL,Consumidor Livre,SUDESTE,96.0,13.721079
,2024-03-23,,VIBRA SETE LAGOAS CL,,,96.0,13.721079
202403.0,2024-03-24,85873.0,VIBRA SETE LAGOAS CL,Consumidor Livre,SUDESTE,96.0,1.449614
202403.0,2024-03-24,85873.0,VIBRA SETE LAGOAS CL,Consumidor Livre,SUDESTE,96.0,1.449614
,2024-03-24,,VIBRA SETE LAGOAS CL,,,96.0,1.449614
202403.0,2024-03-25,85873.0,VIBRA SETE LAGOAS CL,Consumidor Livre,SUDESTE,96.0,13.76061
202403.0,2024-03-25,85873.0,VIBRA SETE LAGOAS CL,Consumidor Livre,SUDESTE,96.0,13.76061
,2024-03-25,,VIBRA SETE LAGOAS CL,,,96.0,13.76061
202403.0,2024-03-26,85873.0,VIBRA SETE LAGOAS CL,Consumidor Livre,SUDESTE,96.0,13.67876
202403.0,2024-03-26,85873.0,VIBRA SETE LAGOAS CL,Consumidor Livre,SUDESTE,96.0,13.67876
,2024-03-26,,VIBRA SETE LAGOAS CL,,,96.0,13.67876
202403.0,2024-03-27,85873.0,VIBRA SETE LAGOAS CL,Consumidor Livre,SUDESTE,96.0,13.345364
202403.0,2024-03-27,85873.0,VIBRA SETE LAGOAS CL,Consumidor Livre,SUDESTE,96.0,13.345364
,2024-03-27,,VIBRA SETE LAGOAS CL,,,96.0,13.345364
202403.0,2024-03-28,85873.0,VIBRA SETE LAGOAS CL,Consumidor Livre,SUDESTE,96.0,13.056518
202403.0,2024-03-28,85873.0,VIBRA SETE LAGOAS CL,Consumidor Livre,SUDESTE,96.0,13.056518
,2024-03-28,,VIBRA SETE LAGOAS CL,,,96.0,13.056518
202403.0,2024-03-29,85873.0,VIBRA SETE LAGOAS CL,Consumidor Livre,SUDESTE,96.0,13.974114
202403.0,2024-03-29,85873.0,VIBRA SETE LAGOAS CL,Consumidor Livre,SUDESTE,96.0,13.974114
,2024-03-29,,VIBRA SETE LAGOAS CL,,,96.0,13.974114
202403.0,2024-03-30,85873.0,VIBRA SETE LAGOAS CL,Consumidor Livre,SUDESTE,96.0,11.062672
202403.0,2024-03-30,85873.0,VIBRA SETE LAGOAS CL,Consumidor Livre,SUDESTE,96.0,11.062672
,2024-03-30,,VIBRA SETE LAGOAS CL,,,96.0,11.062672
202403.0,2024-03-31,85873.0,VIBRA SETE LAGOAS CL,Consumidor Livre,SUDESTE,96.0,1.344351
202403.0,2024-03-31,85873.0,VIBRA SETE LAGOAS CL,Consumidor Livre,SUDESTE,96.0,1.344351
,2024-03-31,,VIBRA SETE LAGOAS CL,,,96.0,1.344351
202404.0,2024-04-01,85873.0,VIBRA SETE LAGOAS CL,Consumidor Livre,SUDESTE,96.0,14.168794
202404.0,2024-04-01,85873.0,VIBRA SETE LAGOAS CL,Consumidor Livre,SUDESTE,96.0,14.168794
,2024-04-01,,VIBRA SETE LAGOAS CL,,,96.0,14.168794
202404.0,2024-04-02,85873.0,VIBRA SETE LAGOAS CL,Consumidor Livre,SUDESTE,96.0,13.910027
202404.0,2024-04-02,85873.0,VIBRA SETE LAGOAS CL,Consumidor Livre,SUDESTE,96.0,13.910027
,2024-04-02,,VIBRA SETE LAGOAS CL,,,96.0,13.910027
202404.0,2024-04-03,85873.0,VIBRA SETE LAGOAS CL,Consumidor Livre,SUDESTE,96.0,11.202943
202404.0,2024-04-03,85873.0,VIBRA SETE LAGOAS CL,Consumidor Livre,SUDESTE,96.0,11.202943
,2024-04-03,,VIBRA SETE LAGOAS CL,,,96.0,11.202943
202404.0,2024-04-04,85873.0,VIBRA SETE LAGOAS CL,Consumidor Livre,SUDESTE,96.0,12.381194
202404.0,2024-04-04,85873.0,VIBRA SETE LAGOAS CL,Consumidor Livre,SUDESTE,96.0,12.381194
,2024-04-04,,VIBRA SETE LAGOAS CL,,,96.0,12.381194
202404.0,2024-04-05,85873.0,VIBRA SETE LAGOAS CL,Consumidor Livre,SUDESTE,96.0,14.429505
202404.0,2024-04-05,85873.0,VIBRA SETE LAGOAS CL,Consumidor Livre,SUDESTE,96.0,14.429505
,2024-04-05,,VIBRA SETE LAGOAS CL,,,96.0,14.429505
202404.0,2024-04-06,85873.0,VIBRA SETE LAGOAS CL,Consumidor Livre,SUDESTE,96.0,12.951164
202404.0,2024-04-06,85873.0,VIBRA SETE LAGOAS CL,Consumidor Livre,SUDESTE,96.0,12.951164
,2024-04-06,,VIBRA SETE LAGOAS CL,,,96.0,12.951164
202404.0,2024-04-07,85873.0,VIBRA SETE LAGOAS CL,Consumidor Livre,SUDESTE,96.0,10.761322
202404.0,2024-04-07,85873.0,VIBRA SETE LAGOAS CL,Consumidor Livre,SUDESTE,96.0,10.761322
,2024-04-07,,VIBRA SETE LAGOAS CL,,,96.0,10.761322
202404.0,2024-04-08,85873.0,VIBRA SETE LAGOAS CL,Consumidor Livre,SUDESTE,96.0,11.573875
202404.0,2024-04-08,85873.0,VIBRA SETE LAGOAS CL,Consumidor Livre,SUDESTE,96.0,11.573875
,2024-04-08,,VIBRA SETE LAGOAS CL,,,96.0,11.573875
202404.0,2024-04-09,85873.0,VIBRA SETE LAGOAS CL,Consumidor Livre,SUDESTE,96.0,14.173051
202404.0,2024-04-09,85873.0,VIBRA SETE LAGOAS CL,Consumidor Livre,SUDESTE,96.0,14.173051
,2024-04-09,,VIBRA SETE LAGOAS CL,,,96.0,14.173051
202404.0,2024-04-10,85873.0,VIBRA SETE LAGOAS CL,Consumidor Livre,SUDESTE,96.0,13.906242
202404.0,2024-04-10,85873.0,VIBRA SETE LAGOAS CL,Consumidor Livre,SUDESTE,96.0,13.906242
,2024-04-10,,VIBRA SETE LAGOAS CL,,,96.0,13.906242
202404.0,2024-04-11,85873.0,VIBRA SETE LAGOAS CL,Consumidor Livre,SUDESTE,96.0,13.652815
202404.0,2024-04-11,85873.0,VIBRA SETE LAGOAS CL,Consumidor Livre,SUDESTE,96.0,13.652815
,2024-04-11,,VIBRA SETE LAGOAS CL,,,96.0,13.652815
202404.0,2024-04-12,85873.0,VIBRA SETE LAGOAS CL,Consumidor Livre,SUDESTE,96.0,15.368948
202404.0,2024-04-12,85873.0,VIBRA SETE LAGOAS CL,Consumidor Livre,SUDESTE,96.0,15.368948
,2024-04-12,,VIBRA SETE LAGOAS CL,,,96.0,15.368948
202404.0,2024-04-13,85873.0,VIBRA SETE LAGOAS CL,Consumidor Livre,SUDESTE,96.0,13.370729
202404.0,2024-04-13,85873.0,VIBRA SETE LAGOAS CL,Consumidor Livre,SUDESTE,96.0,13.370729
,2024-04-13,,VIBRA SETE LAGOAS CL,,,96.0,13.370729
202404.0,2024-04-14,85873.0,VIBRA SETE LAGOAS CL,Consumidor Livre,SUDESTE,96.0,6.317103
202404.0,2024-04-14,85873.0,VIBRA SETE LAGOAS CL,Consumidor Livre,SUDESTE,96.0,6.317103
,2024-04-14,,VIBRA SETE LAGOAS CL,,,96.0,6.317103
202404.0,2024-04-15,85873.0,VIBRA SETE LAGOAS CL,Consumidor Livre,SUDESTE,96.0,15.227098
202404.0,2024-04-15,85873.0,VIBRA SETE LAGOAS CL,Consumidor Livre,SUDESTE,96.0,15.227098
,2024-04-15,,VIBRA SETE LAGOAS CL,,,96.0,15.227098
202404.0,2024-04-16,85873.0,VIBRA SETE LAGOAS CL,Consumidor Livre,SUDESTE,96.0,14.90247
202404.0,2024-04-16,85873.0,VIBRA SETE LAGOAS CL,Consumidor Livre,SUDESTE,96.0,14.90247
,2024-04-16,,VIBRA SETE LAGOAS CL,,,96.0,14.90247
202404.0,2024-04-17,85873.0,VIBRA SETE LAGOAS CL,Consumidor Livre,SUDESTE,96.0,15.325664
202404.0,2024-04-17,85873.0,VIBRA SETE LAGOAS CL,Consumidor Livre,SUDESTE,96.0,15.325664
,2024-04-17,,VIBRA SETE LAGOAS CL,,,96.0,15.325664
202404.0,2024-04-18,85873.0,VIBRA SETE LAGOAS CL,Consumidor Livre,SUDESTE,96.0,15.533208
202404.0,2024-04-18,85873.0,VIBRA SETE LAGOAS CL,Consumidor Livre,SUDESTE,96.0,15.533208
,2024-04-18,,VIBRA SETE LAGOAS CL,,,96.0,15.533208
202404.0,2024-04-19,85873.0,VIBRA SETE LAGOAS CL,Consumidor Livre,SUDESTE,96.0,16.059628
202404.0,2024-04-19,85873.0,VIBRA SETE LAGOAS CL,Consumidor Livre,SUDESTE,96.0,16.059628
,2024-04-19,,VIBRA SETE LAGOAS CL,,,96.0,16.059628
202404.0,2024-04-20,85873.0,VIBRA SETE LAGOAS CL,Consumidor Livre,SUDESTE,96.0,14.641014
202404.0,2024-04-20,85873.0,VIBRA SETE LAGOAS CL,Consumidor Livre,SUDESTE,96.0,14.641014
,2024-04-20,,VIBRA SETE LAGOAS CL,,,96.0,14.641014
202404.0,2024-04-21,85873.0,VIBRA SETE LAGOAS CL,Consumidor Livre,SUDESTE,96.0,14.089134
202404.0,2024-04-21,85873.0,VIBRA SETE LAGOAS CL,Consumidor Livre,SUDESTE,96.0,14.089134
,2024-04-21,,VIBRA SETE LAGOAS CL,,,96.0,14.089134
202404.0,2024-04-22,85873.0,VIBRA SETE LAGOAS CL,Consumidor Livre,SUDESTE,96.0,13.394096
202404.0,2024-04-22,85873.0,VIBRA SETE LAGOAS CL,Consumidor Livre,SUDESTE,96.0,13.394096
,2024-04-22,,VIBRA SETE LAGOAS CL,,,96.0,13.394096
202404.0,2024-04-23,85873.0,VIBRA SETE LAGOAS CL,Consumidor Livre,SUDESTE,96.0,15.173415
202404.0,2024-04-23,85873.0,VIBRA SETE LAGOAS CL,Consumidor Livre,SUDESTE,96.0,15.173415
,2024-04-23,,VIBRA SETE LAGOAS CL,,,96.0,15.173415
202404.0,2024-04-24,85873.0,VIBRA SETE LAGOAS CL,Consumidor Livre,SUDESTE,96.0,15.170535
202404.0,2024-04-24,85873.0,VIBRA SETE LAGOAS CL,Consumidor Livre,SUDESTE,96.0,15.170535
,2024-04-24,,VIBRA SETE LAGOAS CL,,,96.0,15.170535
202404.0,2024-04-25,85873.0,VIBRA SETE LAGOAS CL,Consumidor Livre,SUDESTE,96.0,16.040796
202404.0,2024-04-25,85873.0,VIBRA SETE LAGOAS CL,Consumidor Livre,SUDESTE,96.0,16.040796
,2024-04-25,,VIBRA SETE LAGOAS CL,,,96.0,16.040796
202404.0,2024-04-26,85873.0,VIBRA SETE LAGOAS CL,Consumidor Livre,SUDESTE,96.0,14.571805
202404.0,2024-04-26,85873.0,VIBRA SETE LAGOAS CL,Consumidor Livre,SUDESTE,96.0,14.571805
,2024-04-26,,VIBRA SETE LAGOAS CL,,,96.0,14.571805
202404.0,2024-04-27,85873.0,VIBRA SETE LAGOAS CL,Consumidor Livre,SUDESTE,96.0,13.38109
202404.0,2024-04-27,85873.0,VIBRA SETE LAGOAS CL,Consumidor Livre,SUDESTE,96.0,13.38109
,2024-04-27,,VIBRA SETE LAGOAS CL,,,96.0,13.38109
202404.0,2024-04-28,85873.0,VIBRA SETE LAGOAS CL,Consumidor Livre,SUDESTE,96.0,13.176772
202404.0,2024-04-28,85873.0,VIBRA SETE LAGOAS CL,Consumidor Livre,SUDESTE,96.0,13.176772
,2024-04-28,,VIBRA SETE LAGOAS CL,,,96.0,13.176772
202404.0,2024-04-29,85873.0,VIBRA SETE LAGOAS CL,Consumidor Livre,SUDESTE,96.0,13.943948
202404.0,2024-04-29,85873.0,VIBRA SETE LAGOAS CL,Consumidor Livre,SUDESTE,96.0,13.943948
,2024-04-29,,VIBRA SETE LAGOAS CL,,,96.0,13.943948
202404.0,2024-04-30,85873.0,VIBRA SETE LAGOAS CL,Consumidor Livre,SUDESTE,96.0,14.450024
202404.0,2024-04-30,85873.0,VIBRA SETE LAGOAS CL,Consumidor Livre,SUDESTE,96.0,14.450024
,2024-04-30,,VIBRA SETE LAGOAS CL,,,96.0,14.450024
202405.0,2024-05-01,85873.0,VIBRA SETE LAGOAS CL,Consumidor Livre,SUDESTE,96.0,15.471973
202405.0,2024-05-01,85873.0,VIBRA SETE LAGOAS CL,Consumidor Livre,SUDESTE,96.0,15.471973
,2024-05-01,,VIBRA SETE LAGOAS CL,,,96.0,15.471973
202405.0,2024-05-02,85873.0,VIBRA SETE LAGOAS CL,Consumidor Livre,SUDESTE,96.0,12.933492
202405.0,2024-05-02,85873.0,VIBRA SETE LAGOAS CL,Consumidor Livre,SUDESTE,96.0,12.933492
,2024-05-02,,VIBRA SETE LAGOAS CL,,,96.0,12.933492
202405.0,2024-05-03,85873.0,VIBRA SETE LAGOAS CL,Consumidor Livre,SUDESTE,96.0,14.129983
202405.0,2024-05-03,85873.0,VIBRA SETE LAGOAS CL,Consumidor Livre,SUDESTE,96.0,14.129983
,2024-05-03,,VIBRA SETE LAGOAS CL,,,96.0,14.129983
202405.0,2024-05-04,85873.0,VIBRA SETE LAGOAS CL,Consumidor Livre,SUDESTE,96.0,14.047626
202405.0,2024-05-04,85873.0,VIBRA SETE LAGOAS CL,Consumidor Livre,SUDESTE,96.0,14.047626
,2024-05-04,,VIBRA SETE LAGOAS CL,,,96.0,14.047626
202405.0,2024-05-05,85873.0,VIBRA SETE LAGOAS CL,Consumidor Livre,SUDESTE,96.0,13.759676
202405.0,2024-05-05,85873.0,VIBRA SETE LAGOAS CL,Consumidor Livre,SUDESTE,96.0,13.759676
,2024-05-05,,VIBRA SETE LAGOAS CL,,,96.0,13.759676
202405.0,2024-05-06,85873.0,VIBRA SETE LAGOAS CL,Consumidor Livre,SUDESTE,96.0,14.373451
202405.0,2024-05-06,85873.0,VIBRA SETE LAGOAS CL,Consumidor Livre,SUDESTE,96.0,14.373451
,2024-05-06,,VIBRA SETE LAGOAS CL,,,96.0,14.373451
202405.0,2024-05-07,85873.0,VIBRA SETE LAGOAS CL,Consumidor Livre,SUDESTE,96.0,14.314492
202405.0,2024-05-07,85873.0,VIBRA SETE LAGOAS CL,Consumidor Livre,SUDESTE,96.0,14.314492
,2024-05-07,,VIBRA SETE LAGOAS CL,,,96.0,14.314492
202405.0,2024-05-08,85873.0,VIBRA SETE LAGOAS CL,Consumidor Livre,SUDESTE,96.0,14.135176
202405.0,2024-05-08,85873.0,VIBRA SETE LAGOAS CL,Consumidor Livre,SUDESTE,96.0,14.135176
,2024-05-08,,VIBRA SETE LAGOAS CL,,,96.0,14.135176
202405.0,2024-05-09,85873.0,VIBRA SETE LAGOAS CL,Consumidor Livre,SUDESTE,96.0,13.409597
202405.0,2024-05-09,85873.0,VIBRA SETE LAGOAS CL,Consumidor Livre,SUDESTE,96.0,13.409597
,2024-05-09,,VIBRA SETE LAGOAS CL,,,96.0,13.409597
202405.0,2024-05-10,85873.0,VIBRA SETE LAGOAS CL,Consumidor Livre,SUDESTE,96.0,14.081617
202405.0,2024-05-10,85873.0,VIBRA SETE LAGOAS CL,Consumidor Livre,SUDESTE,96.0,14.081617
,2024-05-10,,VIBRA SETE LAGOAS CL,,,96.0,14.081617
202405.0,2024-05-11,85873.0,VIBRA SETE LAGOAS CL,Consumidor Livre,SUDESTE,96.0,14.224244
202405.0,2024-05-11,85873.0,VIBRA SETE LAGOAS CL,Consumidor Livre,SUDESTE,96.0,14.224244
,2024-05-11,,VIBRA SETE LAGOAS CL,,,96.0,14.224244
202405.0,2024-05-12,85873.0,VIBRA SETE LAGOAS CL,Consumidor Livre,SUDESTE,96.0,12.47565
202405.0,2024-05-12,85873.0,VIBRA SETE LAGOAS CL,Consumidor Livre,SUDESTE,96.0,12.47565
,2024-05-12,,VIBRA SETE LAGOAS CL,,,96.0,12.47565
202405.0,2024-05-13,85873.0,VIBRA SETE LAGOAS CL,Consumidor Livre,SUDESTE,96.0,14.102611
202405.0,2024-05-13,85873.0,VIBRA SETE LAGOAS CL,Consumidor Livre,SUDESTE,96.0,14.102611
,2024-05-13,,VIBRA SETE LAGOAS CL,,,96.0,14.102611
202405.0,2024-05-14,85873.0,VIBRA SETE LAGOAS CL,Consumidor Livre,SUDESTE,96.0,13.927087
202405.0,2024-05-14,85873.0,VIBRA SETE LAGOAS CL,Consumidor Livre,SUDESTE,96.0,13.927087
,2024-05-14,,VIBRA SETE LAGOAS CL,,,96.0,13.927087
202405.0,2024-05-15,85873.0,VIBRA SETE LAGOAS CL,Consumidor Livre,SUDESTE,96.0,13.886084
202405.0,2024-05-15,85873.0,VIBRA SETE LAGOAS CL,Consumidor Livre,SUDESTE,96.0,13.886084
,2024-05-15,,VIBRA SETE LAGOAS CL,,,96.0,13.886084
202405.0,2024-05-16,85873.0,VIBRA SETE LAGOAS CL,Consumidor Livre,SUDESTE,96.0,14.698052
202405.0,2024-05-16,85873.0,VIBRA SETE LAGOAS CL,Consumidor Livre,SUDESTE,96.0,14.698052
,2024-05-16,,VIBRA SETE LAGOAS CL,,,96.0,14.698052
202405.0,2024-05-17,85873.0,VIBRA SETE LAGOAS CL,Consumidor Livre,SUDESTE,96.0,14.796052
202405.0,2024-05-17,85873.0,VIBRA SETE LAGOAS CL,Consumidor Livre,SUDESTE,96.0,14.796052
,2024-05-17,,VIBRA SETE LAGOAS CL,,,96.0,14.796052
202405.0,2024-05-18,85873.0,VIBRA SETE LAGOAS CL,Consumidor Livre,SUDESTE,96.0,14.691019
202405.0,2024-05-18,85873.0,VIBRA SETE LAGOAS CL,Consumidor Livre,SUDESTE,96.0,14.691019
,2024-05-18,,VIBRA SETE LAGOAS CL,,,96.0,14.691019
202405.0,2024-05-19,85873.0,VIBRA SETE LAGOAS CL,Consumidor Livre,SUDESTE,96.0,13.709706
202405.0,2024-05-19,85873.0,VIBRA SETE LAGOAS CL,Consumidor Livre,SUDESTE,96.0,13.709706
,2024-05-19,,VIBRA SETE LAGOAS CL,,,96.0,13.709706
202405.0,2024-05-20,85873.0,VIBRA SETE LAGOAS CL,Consumidor Livre,SUDESTE,96.0,14.242053
202405.0,2024-05-20,85873.0,VIBRA SETE LAGOAS CL,Consumidor Livre,SUDESTE,96.0,14.242053
,2024-05-20,,VIBRA SETE LAGOAS CL,,,96.0,14.242053
202405.0,2024-05-21,85873.0,VIBRA SETE LAGOAS CL,Consumidor Livre,SUDESTE,96.0,15.220889
202405.0,2024-05-21,85873.0,VIBRA SETE LAGOAS CL,Consumidor Livre,SUDESTE,96.0,15.220889
,2024-05-21,,VIBRA SETE LAGOAS CL,,,96.0,15.220889
202405.0,2024-05-22,85873.0,VIBRA SETE LAGOAS CL,Consumidor Livre,SUDESTE,96.0,13.985821
202405.0,2024-05-22,85873.0,VIBRA SETE LAGOAS CL,Consumidor Livre,SUDESTE,96.0,13.985821
,2024-05-22,,VIBRA SETE LAGOAS CL,,,96.0,13.985821
202405.0,2024-05-23,85873.0,VIBRA SETE LAGOAS CL,Consumidor Livre,SUDESTE,96.0,13.286188
202405.0,2024-05-23,85873.0,VIBRA SETE LAGOAS CL,Consumidor Livre,SUDESTE,96.0,13.286188
,2024-05-23,,VIBRA SETE LAGOAS CL,,,96.0,13.286188
202405.0,2024-05-24,85873.0,VIBRA SETE LAGOAS CL,Consumidor Livre,SUDESTE,96.0,15.256765
202405.0,2024-05-24,85873.0,VIBRA SETE LAGOAS CL,Consumidor Livre,SUDESTE,96.0,15.256765
,2024-05-24,,VIBRA SETE LAGOAS CL,,,96.0,15.256765
202405.0,2024-05-25,85873.0,VIBRA SETE LAGOAS CL,Consumidor Livre,SUDESTE,96.0,14.769114
202405.0,2024-05-25,85873.0,VIBRA SETE LAGOAS CL,Consumidor Livre,SUDESTE,96.0,14.769114
,2024-05-25,,VIBRA SETE LAGOAS CL,,,96.0,14.769114
202405.0,2024-05-26,85873.0,VIBRA SETE LAGOAS CL,Consumidor Livre,SUDESTE,96.0,12.978983
202405.0,2024-05-26,85873.0,VIBRA SETE LAGOAS CL,Consumidor Livre,SUDESTE,96.0,12.978983
,2024-05-26,,VIBRA SETE LAGOAS CL,,,96.0,12.978983
202405.0,2024-05-27,85873.0,VIBRA SETE LAGOAS CL,Consumidor Livre,SUDESTE,96.0,14.501882
202405.0,2024-05-27,85873.0,VIBRA SETE LAGOAS CL,Consumidor Livre,SUDESTE,96.0,14.501882
,2024-05-27,,VIBRA SETE LAGOAS CL,,,96.0,14.501882
202405.0,2024-05-28,85873.0,VIBRA SETE LAGOAS CL,Consumidor Livre,SUDESTE,96.0,14.765534
202405.0,2024-05-28,85873.0,VIBRA SETE LAGOAS CL,Consumidor Livre,SUDESTE,96.0,14.765534
,2024-05-28,,VIBRA SETE LAGOAS CL,,,96.0,14.765534
202405.0,2024-05-29,85873.0,VIBRA SETE LAGOAS CL,Consumidor Livre,SUDESTE,96.0,14.938708
202405.0,2024-05-29,85873.0,VIBRA SETE LAGOAS CL,Consumidor Livre,SUDESTE,96.0,14.938708
,2024-05-29,,VIBRA SETE LAGOAS CL,,,96.0,14.938708
202405.0,2024-05-30,85873.0,VIBRA SETE LAGOAS CL,Consumidor Livre,SUDESTE,96.0,15.260874
202405.0,2024-05-30,85873.0,VIBRA SETE LAGOAS CL,Consumidor Livre,SUDESTE,96.0,15.260874
,2024-05-30,,VIBRA SETE LAGOAS CL,,,96.0,15.260874
202405.0,2024-05-31,85873.0,VIBRA SETE LAGOAS CL,Consumidor Livre,SUDESTE,96.0,15.468036
202405.0,2024-05-31,85873.0,VIBRA SETE LAGOAS CL,Consumidor Livre,SUDESTE,96.0,15.468036
,2024-05-31,,VIBRA SETE LAGOAS CL,,,96.0,15.468036
202406.0,2024-06-01,85873.0,VIBRA SETE LAGOAS CL,Consumidor Livre,SUDESTE,96.0,15.689346
202406.0,2024-06-01,85873.0,VIBRA SETE LAGOAS CL,Consumidor Livre,SUDESTE,96.0,15.689346
,2024-06-01,,VIBRA SETE LAGOAS CL,,,96.0,15.689346
202406.0,2024-06-02,85873.0,VIBRA SETE LAGOAS CL,Consumidor Livre,SUDESTE,96.0,13.826653
202406.0,2024-06-02,85873.0,VIBRA SETE LAGOAS CL,Consumidor Livre,SUDESTE,96.0,13.826653
,2024-06-02,,VIBRA SETE LAGOAS CL,,,96.0,13.826653
202406.0,2024-06-03,85873.0,VIBRA SETE LAGOAS CL,Consumidor Livre,SUDESTE,96.0,12.221762
202406.0,2024-06-03,85873.0,VIBRA SETE LAGOAS CL,Consumidor Livre,SUDESTE,96.0,12.221762
,2024-06-03,,VIBRA SETE LAGOAS CL,,,96.0,12.221762
202406.0,2024-06-04,85873.0,VIBRA SETE LAGOAS CL,Consumidor Livre,SUDESTE,96.0,14.089486
202406.0,2024-06-04,85873.0,VIBRA SETE LAGOAS CL,Consumidor Livre,SUDESTE,96.0,14.089486
,2024-06-04,,VIBRA SETE LAGOAS CL,,,96.0,14.089486
202406.0,2024-06-05,85873.0,VIBRA SETE LAGOAS CL,Consumidor Livre,SUDESTE,96.0,13.270539
202406.0,2024-06-05,85873.0,VIBRA SETE LAGOAS CL,Consumidor Livre,SUDESTE,96.0,13.270539
,2024-06-05,,VIBRA SETE LAGOAS CL,,,96.0,13.270539
202406.0,2024-06-06,85873.0,VIBRA SETE LAGOAS CL,Consumidor Livre,SUDESTE,96.0,14.261563
202406.0,2024-06-06,85873.0,VIBRA SETE LAGOAS CL,Consumidor Livre,SUDESTE,96.0,14.261563
,2024-06-06,,VIBRA SETE LAGOAS CL,,,96.0,14.261563
202406.0,2024-06-07,85873.0,VIBRA SETE LAGOAS CL,Consumidor Livre,SUDESTE,96.0,14.715944
202406.0,2024-06-07,85873.0,VIBRA SETE LAGOAS CL,Consumidor Livre,SUDESTE,96.0,14.715944
,2024-06-07,,VIBRA SETE LAGOAS CL,,,96.0,14.715944
202406.0,2024-06-08,85873.0,VIBRA SETE LAGOAS CL,Consumidor Livre,SUDESTE,96.0,13.657391
202406.0,2024-06-08,85873.0,VIBRA SETE LAGOAS CL,Consumidor Livre,SUDESTE,96.0,13.657391
,2024-06-08,,VIBRA SETE LAGOAS CL,,,96.0,13.657391
202406.0,2024-06-09,85873.0,VIBRA SETE LAGOAS CL,Consumidor Livre,SUDESTE,96.0,8.14696
202406.0,2024-06-09,85873.0,VIBRA SETE LAGOAS CL,Consumidor Livre,SUDESTE,96.0,8.14696
,2024-06-09,,VIBRA SETE LAGOAS CL,,,96.0,8.14696
202406.0,2024-06-10,85873.0,VIBRA SETE LAGOAS CL,Consumidor Livre,SUDESTE,96.0,14.075232
202406.0,2024-06-10,85873.0,VIBRA SETE LAGOAS CL,Consumidor Livre,SUDESTE,96.0,14.075232
,2024-06-10,,VIBRA SETE LAGOAS CL,,,96.0,14.075232
202406.0,2024-06-11,85873.0,VIBRA SETE LAGOAS CL,Consumidor Livre,SUDESTE,96.0,13.907647
202406.0,2024-06-11,85873.0,VIBRA SETE LAGOAS CL,Consumidor Livre,SUDESTE,96.0,13.907647
,2024-06-11,,VIBRA SETE LAGOAS CL,,,96.0,13.907647
202406.0,2024-06-12,85873.0,VIBRA SETE LAGOAS CL,Consumidor Livre,SUDESTE,96.0,14.141531
202406.0,2024-06-12,85873.0,VIBRA SETE LAGOAS CL,Consumidor Livre,SUDESTE,96.0,14.141531
,2024-06-12,,VIBRA SETE LAGOAS CL,,,96.0,14.141531
202406.0,2024-06-13,85873.0,VIBRA SETE LAGOAS CL,Consumidor Livre,SUDESTE,96.0,14.982484
202406.0,2024-06-13,85873.0,VIBRA SETE LAGOAS CL,Consumidor Livre,SUDESTE,96.0,14.982484
,2024-06-13,,VIBRA SETE LAGOAS CL,,,96.0,14.982484
202406.0,2024-06-14,85873.0,VIBRA SETE LAGOAS CL,Consumidor Livre,SUDESTE,96.0,14.852466
202406.0,2024-06-14,85873.0,VIBRA SETE LAGOAS CL,Consumidor Livre,SUDESTE,96.0,14.852466
,2024-06-14,,VIBRA SETE LAGOAS CL,,,96.0,14.852466
202406.0,2024-06-15,85873.0,VIBRA SETE LAGOAS CL,Consumidor Livre,SUDESTE,96.0,14.122949
202406.0,2024-06-15,85873.0,VIBRA SETE LAGOAS CL,Consumidor Livre,SUDESTE,96.0,14.122949
,2024-06-15,,VIBRA SETE LAGOAS CL,,,96.0,14.122949
202406.0,2024-06-16,85873.0,VIBRA SETE LAGOAS CL,Consumidor Livre,SUDESTE,96.0,9.713704
202406.0,2024-06-16,85873.0,VIBRA SETE LAGOAS CL,Consumidor Livre,SUDESTE,96.0,9.713704
,2024-06-16,,VIBRA SETE LAGOAS CL,,,96.0,9.713704
202406.0,2024-06-17,85873.0,VIBRA SETE LAGOAS CL,Consumidor Livre,SUDESTE,96.0,15.286439
202406.0,2024-06-17,85873.0,VIBRA SETE LAGOAS CL,Consumidor Livre,SUDESTE,96.0,15.286439
,2024-06-17,,VIBRA SETE LAGOAS CL,,,96.0,15.286439
202406.0,2024-06-18,85873.0,VIBRA SETE LAGOAS CL,Consumidor Livre,SUDESTE,96.0,15.211761
202406.0,2024-06-18,85873.0,VIBRA SETE LAGOAS CL,Consumidor Livre,SUDESTE,96.0,15.211761
,2024-06-18,,VIBRA SETE LAGOAS CL,,,96.0,15.211761
202406.0,2024-06-19,85873.0,VIBRA SETE LAGOAS CL,Consumidor Livre,SUDESTE,96.0,14.65477
202406.0,2024-06-19,85873.0,VIBRA SETE LAGOAS CL,Consumidor Livre,SUDESTE,96.0,14.65477
,2024-06-19,,VIBRA SETE LAGOAS CL,,,96.0,14.65477
202406.0,2024-06-20,85873.0,VIBRA SETE LAGOAS CL,Consumidor Livre,SUDESTE,96.0,14.76524
202406.0,2024-06-20,85873.0,VIBRA SETE LAGOAS CL,Consumidor Livre,SUDESTE,96.0,14.76524
,2024-06-20,,VIBRA SETE LAGOAS CL,,,96.0,14.76524
202406.0,2024-06-21,85873.0,VIBRA SETE LAGOAS CL,Consumidor Livre,SUDESTE,96.0,14.056611
202406.0,2024-06-21,85873.0,VIBRA SETE LAGOAS CL,Consumidor Livre,SUDESTE,96.0,14.056611
,2024-06-21,,VIBRA SETE LAGOAS CL,,,96.0,14.056611
202406.0,2024-06-22,85873.0,VIBRA SETE LAGOAS CL,Consumidor Livre,SUDESTE,96.0,13.458072
202406.0,2024-06-22,85873.0,VIBRA SETE LAGOAS CL,Consumidor Livre,SUDESTE,96.0,13.458072
,2024-06-22,,VIBRA SETE LAGOAS CL,,,96.0,13.458072
202406.0,2024-06-23,85873.0,VIBRA SETE LAGOAS CL,Consumidor Livre,SUDESTE,96.0,10.962815
202406.0,2024-06-23,85873.0,VIBRA SETE LAGOAS CL,Consumidor Livre,SUDESTE,96.0,10.962815
,2024-06-23,,VIBRA SETE LAGOAS CL,,,96.0,10.962815
202406.0,2024-06-24,85873.0,VIBRA SETE LAGOAS CL,Consumidor Livre,SUDESTE,96.0,15.465812
202406.0,2024-06-24,85873.0,VIBRA SETE LAGOAS CL,Consumidor Livre,SUDESTE,96.0,15.465812
,2024-06-24,,VIBRA SETE LAGOAS CL,,,96.0,15.465812
202406.0,2024-06-25,85873.0,VIBRA SETE LAGOAS CL,Consumidor Livre,SUDESTE,96.0,15.370381
202406.0,2024-06-25,85873.0,VIBRA SETE LAGOAS CL,Consumidor Livre,SUDESTE,96.0,15.370381
,2024-06-25,,VIBRA SETE LAGOAS CL,,,96.0,15.370381
202406.0,2024-06-26,85873.0,VIBRA SETE LAGOAS CL,Consumidor Livre,SUDESTE,96.0,15.388471
202406.0,2024-06-26,85873.0,VIBRA SETE LAGOAS CL,Consumidor Livre,SUDESTE,96.0,15.388471
,2024-06-26,,VIBRA SETE LAGOAS CL,,,96.0,15.388471
202406.0,2024-06-27,85873.0,VIBRA SETE LAGOAS CL,Consumidor Livre,SUDESTE,96.0,14.59107
202406.0,2024-06-27,85873.0,VIBRA SETE LAGOAS CL,Consumidor Livre,SUDESTE,96.0,14.59107
,2024-06-27,,VIBRA SETE LAGOAS CL,,,96.0,14.59107
202406.0,2024-06-28,85873.0,VIBRA SETE LAGOAS CL,Consumidor Livre,SUDESTE,96.0,14.392348
202406.0,2024-06-28,85873.0,VIBRA SETE LAGOAS CL,Consumidor Livre,SUDESTE,96.0,14.392348
,2024-06-28,,VIBRA SETE LAGOAS CL,,,96.0,14.392348
202406.0,2024-06-29,85873.0,VIBRA SETE LAGOAS CL,Consumidor Livre,SUDESTE,96.0,13.984684
202406.0,2024-06-29,85873.0,VIBRA SETE LAGOAS CL,Consumidor Livre,SUDESTE,96.0,13.984684
,2024-06-29,,VIBRA SETE LAGOAS CL,,,96.0,13.984684
202406.0,2024-06-30,85873.0,VIBRA SETE LAGOAS CL,Consumidor Livre,SUDESTE,96.0,12.744006
202406.0,2024-06-30,85873.0,VIBRA SETE LAGOAS CL,Consumidor Livre,SUDESTE,96.0,12.744006
,2024-06-30,,VIBRA SETE LAGOAS CL,,,96.0,12.744006
202407.0,2024-07-01,85873.0,VIBRA SETE LAGOAS CL,Consumidor Livre,SUDESTE,96.0,12.873187
202407.0,2024-07-01,85873.0,VIBRA SETE LAGOAS CL,Consumidor Livre,SUDESTE,96.0,12.873187
,2024-07-01,,VIBRA SETE LAGOAS CL,,,96.0,12.873187
202407.0,2024-07-02,85873.0,VIBRA SETE LAGOAS CL,Consumidor Livre,SUDESTE,96.0,12.63102
202407.0,2024-07-02,85873.0,VIBRA SETE LAGOAS CL,Consumidor Livre,SUDESTE,96.0,12.63102
,2024-07-02,,VIBRA SETE LAGOAS CL,,,96.0,12.63102
202407.0,2024-07-03,85873.0,VIBRA SETE LAGOAS CL,Consumidor Livre,SUDESTE,96.0,14.615483
202407.0,2024-07-03,85873.0,VIBRA SETE LAGOAS CL,Consumidor Livre,SUDESTE,96.0,14.615483
,2024-07-03,,VIBRA SETE LAGOAS CL,,,96.0,14.615483
202407.0,2024-07-04,85873.0,VIBRA SETE LAGOAS CL,Consumidor Livre,SUDESTE,96.0,14.576762
202407.0,2024-07-04,85873.0,VIBRA SETE LAGOAS CL,Consumidor Livre,SUDESTE,96.0,14.576762
,2024-07-04,,VIBRA SETE LAGOAS CL,,,96.0,14.576762
202407.0,2024-07-05,85873.0,VIBRA SETE LAGOAS CL,Consumidor Livre,SUDESTE,96.0,14.142166
202407.0,2024-07-05,85873.0,VIBRA SETE LAGOAS CL,Consumidor Livre,SUDESTE,96.0,14.142166
,2024-07-05,,VIBRA SETE LAGOAS CL,,,96.0,14.142166
202407.0,2024-07-06,85873.0,VIBRA SETE LAGOAS CL,Consumidor Livre,SUDESTE,96.0,15.249689
202407.0,2024-07-06,85873.0,VIBRA SETE LAGOAS CL,Consumidor Livre,SUDESTE,96.0,15.249689
,2024-07-06,,VIBRA SETE LAGOAS CL,,,96.0,15.249689
202407.0,2024-07-07,85873.0,VIBRA SETE LAGOAS CL,Consumidor Livre,SUDESTE,96.0,15.079448
202407.0,2024-07-07,85873.0,VIBRA SETE LAGOAS CL,Consumidor Livre,SUDESTE,96.0,15.079448
,2024-07-07,,VIBRA SETE LAGOAS CL,,,96.0,15.079448
202407.0,2024-07-08,85873.0,VIBRA SETE LAGOAS CL,Consumidor Livre,SUDESTE,96.0,14.186972
202407.0,2024-07-08,85873.0,VIBRA SETE LAGOAS CL,Consumidor Livre,SUDESTE,96.0,14.186972
,2024-07-08,,VIBRA SETE LAGOAS CL,,,96.0,14.186972
202407.0,2024-07-09,85873.0,VIBRA SETE LAGOAS CL,Consumidor Livre,SUDESTE,96.0,15.699306
202407.0,2024-07-09,85873.0,VIBRA SETE LAGOAS CL,Consumidor Livre,SUDESTE,96.0,15.699306
,2024-07-09,,VIBRA SETE LAGOAS CL,,,96.0,15.699306
202407.0,2024-07-10,85873.0,VIBRA SETE LAGOAS CL,Consumidor Livre,SUDESTE,96.0,15.534507
202407.0,2024-07-10,85873.0,VIBRA SETE LAGOAS CL,Consumidor Livre,SUDESTE,96.0,15.534507
,2024-07-10,,VIBRA SETE LAGOAS CL,,,96.0,15.534507
202407.0,2024-07-11,85873.0,VIBRA SETE LAGOAS CL,Consumidor Livre,SUDESTE,96.0,14.833482
202407.0,2024-07-11,85873.0,VIBRA SETE LAGOAS CL,Consumidor Livre,SUDESTE,96.0,14.833482
,2024-07-11,,VIBRA SETE LAGOAS CL,,,96.0,14.833482
202407.0,2024-07-12,85873.0,VIBRA SETE LAGOAS CL,Consumidor Livre,SUDESTE,96.0,15.746795
202407.0,2024-07-12,85873.0,VIBRA SETE LAGOAS CL,Consumidor Livre,SUDESTE,96.0,15.746795
,2024-07-12,,VIBRA SETE LAGOAS CL,,,96.0,15.746795
202407.0,2024-07-13,85873.0,VIBRA SETE LAGOAS CL,Consumidor Livre,SUDESTE,96.0,15.41853
202407.0,2024-07-13,85873.0,VIBRA SETE LAGOAS CL,Consumidor Livre,SUDESTE,96.0,15.41853
,2024-07-13,,VIBRA SETE LAGOAS CL,,,96.0,15.41853
202407.0,2024-07-14,85873.0,VIBRA SETE LAGOAS CL,Consumidor Livre,SUDESTE,96.0,12.688193
202407.0,2024-07-14,85873.0,VIBRA SETE LAGOAS CL,Consumidor Livre,SUDESTE,96.0,12.688193
,2024-07-14,,VIBRA SETE LAGOAS CL,,,96.0,12.688193
202407.0,2024-07-15,85873.0,VIBRA SETE LAGOAS CL,Consumidor Livre,SUDESTE,96.0,14.091432
202407.0,2024-07-15,85873.0,VIBRA SETE LAGOAS CL,Consumidor Livre,SUDESTE,96.0,14.091432
,2024-07-15,,VIBRA SETE LAGOAS CL,,,96.0,14.091432
202407.0,2024-07-16,85873.0,VIBRA SETE LAGOAS CL,Consumidor Livre,SUDESTE,96.0,16.223306
202407.0,2024-07-16,85873.0,VIBRA SETE LAGOAS CL,Consumidor Livre,SUDESTE,96.0,16.223306
,2024-07-16,,VIBRA SETE LAGOAS CL,,,96.0,16.223306
202407.0,2024-07-17,85873.0,VIBRA SETE LAGOAS CL,Consumidor Livre,SUDESTE,96.0,15.99322
202407.0,2024-07-17,85873.0,VIBRA SETE LAGOAS CL,Consumidor Livre,SUDESTE,96.0,15.99322
,2024-07-17,,VIBRA SETE LAGOAS CL,,,96.0,15.99322
202407.0,2024-07-18,85873.0,VIBRA SETE LAGOAS CL,Consumidor Livre,SUDESTE,96.0,15.808515
202407.0,2024-07-18,85873.0,VIBRA SETE LAGOAS CL,Consumidor Livre,SUDESTE,96.0,15.808515
,2024-07-18,,VIBRA SETE LAGOAS CL,,,96.0,15.808515
202407.0,2024-07-19,85873.0,VIBRA SETE LAGOAS CL,Consumidor Livre,SUDESTE,96.0,15.908705
202407.0,2024-07-19,85873.0,VIBRA SETE LAGOAS CL,Consumidor Livre,SUDESTE,96.0,15.908705
,2024-07-19,,VIBRA SETE LAGOAS CL,,,96.0,15.908705
202407.0,2024-07-20,85873.0,VIBRA SETE LAGOAS CL,Consumidor Livre,SUDESTE,96.0,13.354596
202407.0,2024-07-20,85873.0,VIBRA SETE LAGOAS CL,Consumidor Livre,SUDESTE,96.0,13.354596
,2024-07-20,,VIBRA SETE LAGOAS CL,,,96.0,13.354596
202407.0,2024-07-21,85873.0,VIBRA SETE LAGOAS CL,Consumidor Livre,SUDESTE,96.0,6.259236
202407.0,2024-07-21,85873.0,VIBRA SETE LAGOAS CL,Consumidor Livre,SUDESTE,96.0,6.259236
,2024-07-21,,VIBRA SETE LAGOAS CL,,,96.0,6.259236
202407.0,2024-07-22,85873.0,VIBRA SETE LAGOAS CL,Consumidor Livre,SUDESTE,96.0,14.018268
202407.0,2024-07-22,85873.0,VIBRA SETE LAGOAS CL,Consumidor Livre,SUDESTE,96.0,14.018268
,2024-07-22,,VIBRA SETE LAGOAS CL,,,96.0,14.018268
202407.0,2024-07-23,85873.0,VIBRA SETE LAGOAS CL,Consumidor Livre,SUDESTE,96.0,14.520889
202407.0,2024-07-23,85873.0,VIBRA SETE LAGOAS CL,Consumidor Livre,SUDESTE,96.0,14.520889
,2024-07-23,,VIBRA SETE LAGOAS CL,,,96.0,14.520889
202407.0,2024-07-24,85873.0,VIBRA SETE LAGOAS CL,Consumidor Livre,SUDESTE,96.0,15.238836
202407.0,2024-07-24,85873.0,VIBRA SETE LAGOAS CL,Consumidor Livre,SUDESTE,96.0,15.238836
,2024-07-24,,VIBRA SETE LAGOAS CL,,,96.0,15.238836
202407.0,2024-07-25,85873.0,VIBRA SETE LAGOAS CL,Consumidor Livre,SUDESTE,96.0,15.546674
202407.0,2024-07-25,85873.0,VIBRA SETE LAGOAS CL,Consumidor Livre,SUDESTE,96.0,15.546674
,2024-07-25,,VIBRA SETE LAGOAS CL,,,96.0,15.546674
202407.0,2024-07-26,85873.0,VIBRA SETE LAGOAS CL,Consumidor Livre,SUDESTE,96.0,14.228029
202407.0,2024-07-26,85873.0,VIBRA SETE LAGOAS CL,Consumidor Livre,SUDESTE,96.0,14.228029
,2024-07-26,,VIBRA SETE LAGOAS CL,,,96.0,14.228029
202407.0,2024-07-27,85873.0,VIBRA SETE LAGOAS CL,Consumidor Livre,SUDESTE,96.0,13.814214
202407.0,2024-07-27,85873.0,VIBRA SETE LAGOAS CL,Consumidor Livre,SUDESTE,96.0,13.814214
,2024-07-27,,VIBRA SETE LAGOAS CL,,,96.0,13.814214
202407.0,2024-07-28,85873.0,VIBRA SETE LAGOAS CL,Consumidor Livre,SUDESTE,96.0,1.660979
202407.0,2024-07-28,85873.0,VIBRA SETE LAGOAS CL,Consumidor Livre,SUDESTE,96.0,1.660979
,2024-07-28,,VIBRA SETE LAGOAS CL,,,96.0,1.660979
202407.0,2024-07-29,85873.0,VIBRA SETE LAGOAS CL,Consumidor Livre,SUDESTE,96.0,15.637426
202407.0,2024-07-29,85873.0,VIBRA SETE LAGOAS CL,Consumidor Livre,SUDESTE,96.0,15.637426
,2024-07-29,,VIBRA SETE LAGOAS CL,,,96.0,15.637426
202407.0,2024-07-30,85873.0,VIBRA SETE LAGOAS CL,Consumidor Livre,SUDESTE,96.0,15.408219
202407.0,2024-07-30,85873.0,VIBRA SETE LAGOAS CL,Consumidor Livre,SUDESTE,96.0,15.408219
,2024-07-30,,VIBRA SETE LAGOAS CL,,,96.0,15.408219
202407.0,2024-07-31,85873.0,VIBRA SETE LAGOAS CL,Consumidor Livre,SUDESTE,96.0,15.52531
202407.0,2024-07-31,85873.0,VIBRA SETE LAGOAS CL,Consumidor Livre,SUDESTE,96.0,15.52531
,2024-07-31,,VIBRA SETE LAGOAS CL,,,96.0,15.52531
202408.0,2024-08-01,85873.0,VIBRA SETE LAGOAS CL,Consumidor Livre,SUDESTE,96.0,15.217046
202408.0,2024-08-01,85873.0,VIBRA SETE LAGOAS CL,Consumidor Livre,SUDESTE,96.0,15.217046
,2024-08-01,,VIBRA SETE LAGOAS CL,,,96.0,15.217046
202408.0,2024-08-02,85873.0,VIBRA SETE LAGOAS CL,Consumidor Livre,SUDESTE,96.0,16.227776
202408.0,2024-08-02,85873.0,VIBRA SETE LAGOAS CL,Consumidor Livre,SUDESTE,96.0,16.227776
,2024-08-02,,VIBRA SETE LAGOAS CL,,,96.0,16.227776
202408.0,2024-08-03,85873.0,VIBRA SETE LAGOAS CL,Consumidor Livre,SUDESTE,96.0,14.247572
202408.0,2024-08-03,85873.0,VIBRA SETE LAGOAS CL,Consumidor Livre,SUDESTE,96.0,14.247572
,2024-08-03,,VIBRA SETE LAGOAS CL,,,96.0,14.247572
202408.0,2024-08-04,85873.0,VIBRA SETE LAGOAS CL,Consumidor Livre,SUDESTE,96.0,1.720541
202408.0,2024-08-04,85873.0,VIBRA SETE LAGOAS CL,Consumidor Livre,SUDESTE,96.0,1.720541
,2024-08-04,,VIBRA SETE LAGOAS CL,,,96.0,1.720541
202408.0,2024-08-05,85873.0,VIBRA SETE LAGOAS CL,Consumidor Livre,SUDESTE,96.0,15.434611
202408.0,2024-08-05,85873.0,VIBRA SETE LAGOAS CL,Consumidor Livre,SUDESTE,96.0,15.434611
,2024-08-05,,VIBRA SETE LAGOAS CL,,,96.0,15.434611
202408.0,2024-08-06,85873.0,VIBRA SETE LAGOAS CL,Consumidor Livre,SUDESTE,96.0,15.88322
202408.0,2024-08-06,85873.0,VIBRA SETE LAGOAS CL,Consumidor Livre,SUDESTE,96.0,15.88322
,2024-08-06,,VIBRA SETE LAGOAS CL,,,96.0,15.88322
202408.0,2024-08-07,85873.0,VIBRA SETE LAGOAS CL,Consumidor Livre,SUDESTE,96.0,17.324926
202408.0,2024-08-07,85873.0,VIBRA SETE LAGOAS CL,Consumidor Livre,SUDESTE,96.0,17.324926
,2024-08-07,,VIBRA SETE LAGOAS CL,,,96.0,17.324926
202408.0,2024-08-08,85873.0,VIBRA SETE LAGOAS CL,Consumidor Livre,SUDESTE,96.0,16.166066
202408.0,2024-08-08,85873.0,VIBRA SETE LAGOAS CL,Consumidor Livre,SUDESTE,96.0,16.166066
,2024-08-08,,VIBRA SETE LAGOAS CL,,,96.0,16.166066
202408.0,2024-08-09,85873.0,VIBRA SETE LAGOAS CL,Consumidor Livre,SUDESTE,96.0,15.533244
202408.0,2024-08-09,85873.0,VIBRA SETE LAGOAS CL,Consumidor Livre,SUDESTE,96.0,15.533244
,2024-08-09,,VIBRA SETE LAGOAS CL,,,96.0,15.533244
202408.0,2024-08-10,85873.0,VIBRA SETE LAGOAS CL,Consumidor Livre,SUDESTE,96.0,14.170946
202408.0,2024-08-10,85873.0,VIBRA SETE LAGOAS CL,Consumidor Livre,SUDESTE,96.0,14.170946
,2024-08-10,,VIBRA SETE LAGOAS CL,,,96.0,14.170946
202408.0,2024-08-11,85873.0,VIBRA SETE LAGOAS CL,Consumidor Livre,SUDESTE,96.0,1.681541
202408.0,2024-08-11,85873.0,VIBRA SETE LAGOAS CL,Consumidor Livre,SUDESTE,96.0,1.681541
,2024-08-11,,VIBRA SETE LAGOAS CL,,,96.0,1.681541
202408.0,2024-08-12,85873.0,VIBRA SETE LAGOAS CL,Consumidor Livre,SUDESTE,96.0,15.901202
202408.0,2024-08-12,85873.0,VIBRA SETE LAGOAS CL,Consumidor Livre,SUDESTE,96.0,15.901202
,2024-08-12,,VIBRA SETE LAGOAS CL,,,96.0,15.901202
202408.0,2024-08-13,85873.0,VIBRA SETE LAGOAS CL,Consumidor Livre,SUDESTE,96.0,14.520544
202408.0,2024-08-13,85873.0,VIBRA SETE LAGOAS CL,Consumidor Livre,SUDESTE,96.0,14.520544
,2024-08-13,,VIBRA SETE LAGOAS CL,,,96.0,14.520544
202408.0,2024-08-14,85873.0,VIBRA SETE LAGOAS CL,Consumidor Livre,SUDESTE,96.0,16.004375
202408.0,2024-08-14,85873.0,VIBRA SETE LAGOAS CL,Consumidor Livre,SUDESTE,96.0,16.004375
,2024-08-14,,VIBRA SETE LAGOAS CL,,,96.0,16.004375
202408.0,2024-08-15,85873.0,VIBRA SETE LAGOAS CL,Consumidor Livre,SUDESTE,96.0,15.739746
202408.0,2024-08-15,85873.0,VIBRA SETE LAGOAS CL,Consumidor Livre,SUDESTE,96.0,15.739746
,2024-08-15,,VIBRA SETE LAGOAS CL,,,96.0,15.739746
202408.0,2024-08-16,85873.0,VIBRA SETE LAGOAS CL,Consumidor Livre,SUDESTE,96.0,16.426704
202408.0,2024-08-16,85873.0,VIBRA SETE LAGOAS CL,Consumidor Livre,SUDESTE,96.0,16.426704
,2024-08-16,,VIBRA SETE LAGOAS CL,,,96.0,16.426704
202408.0,2024-08-17,85873.0,VIBRA SETE LAGOAS CL,Consumidor Livre,SUDESTE,96.0,14.462875
202408.0,2024-08-17,85873.0,VIBRA SETE LAGOAS CL,Consumidor Livre,SUDESTE,96.0,14.462875
,2024-08-17,,VIBRA SETE LAGOAS CL,,,96.0,14.462875
202408.0,2024-08-18,85873.0,VIBRA SETE LAGOAS CL,Consumidor Livre,SUDESTE,96.0,6.818951
202408.0,2024-08-18,85873.0,VIBRA SETE LAGOAS CL,Consumidor Livre,SUDESTE,96.0,6.818951
,2024-08-18,,VIBRA SETE LAGOAS CL,,,96.0,6.818951
202408.0,2024-08-19,85873.0,VIBRA SETE LAGOAS CL,Consumidor Livre,SUDESTE,96.0,16.657285
202408.0,2024-08-19,85873.0,VIBRA SETE LAGOAS CL,Consumidor Livre,SUDESTE,96.0,16.657285
,2024-08-19,,VIBRA SETE LAGOAS CL,,,96.0,16.657285
202408.0,2024-08-20,85873.0,VIBRA SETE LAGOAS CL,Consumidor Livre,SUDESTE,96.0,16.528494
202408.0,2024-08-20,85873.0,VIBRA SETE LAGOAS CL,Consumidor Livre,SUDESTE,96.0,16.528494
,2024-08-20,,VIBRA SETE LAGOAS CL,,,96.0,16.528494
202408.0,2024-08-21,85873.0,VIBRA SETE LAGOAS CL,Consumidor Livre,SUDESTE,96.0,16.195429
202408.0,2024-08-21,85873.0,VIBRA SETE LAGOAS CL,Consumidor Livre,SUDESTE,96.0,16.195429
,2024-08-21,,VIBRA SETE LAGOAS CL,,,96.0,16.195429
202408.0,2024-08-22,85873.0,VIBRA SETE LAGOAS CL,Consumidor Livre,SUDESTE,96.0,16.588135
202408.0,2024-08-22,85873.0,VIBRA SETE LAGOAS CL,Consumidor Livre,SUDESTE,96.0,16.588135
,2024-08-22,,VIBRA SETE LAGOAS CL,,,96.0,16.588135
202408.0,2024-08-23,85873.0,VIBRA SETE LAGOAS CL,Consumidor Livre,SUDESTE,96.0,16.840809
202408.0,2024-08-23,85873.0,VIBRA SETE LAGOAS CL,Consumidor Livre,SUDESTE,96.0,16.840809
,2024-08-23,,VIBRA SETE LAGOAS CL,,,96.0,16.840809
202408.0,2024-08-24,85873.0,VIBRA SETE LAGOAS CL,Consumidor Livre,SUDESTE,96.0,6.824822999999999
202408.0,2024-08-24,85873.0,VIBRA SETE LAGOAS CL,Consumidor Livre,SUDESTE,96.0,6.824822999999999
,2024-08-24,,VIBRA SETE LAGOAS CL,,,96.0,6.824822999999999
202408.0,2024-08-25,85873.0,VIBRA SETE LAGOAS CL,Consumidor Livre,SUDESTE,96.0,4.578171
202408.0,2024-08-25,85873.0,VIBRA SETE LAGOAS CL,Consumidor Livre,SUDESTE,96.0,4.578171
,2024-08-25,,VIBRA SETE LAGOAS CL,,,96.0,4.578171
202408.0,2024-08-26,85873.0,VIBRA SETE LAGOAS CL,Consumidor Livre,SUDESTE,96.0,11.189229
202408.0,2024-08-26,85873.0,VIBRA SETE LAGOAS CL,Consumidor Livre,SUDESTE,96.0,11.189229
,2024-08-26,,VIBRA SETE LAGOAS CL,,,96.0,11.189229
202408.0,2024-08-27,85873.0,VIBRA SETE LAGOAS CL,Consumidor Livre,SUDESTE,96.0,14.372058
202408.0,2024-08-27,85873.0,VIBRA SETE LAGOAS CL,Consumidor Livre,SUDESTE,96.0,14.372058
,2024-08-27,,VIBRA SETE LAGOAS CL,,,96.0,14.372058
202408.0,2024-08-28,85873.0,VIBRA SETE LAGOAS CL,Consumidor Livre,SUDESTE,96.0,15.427043
202408.0,2024-08-28,85873.0,VIBRA SETE LAGOAS CL,Consumidor Livre,SUDESTE,96.0,15.427043
,2024-08-28,,VIBRA SETE LAGOAS CL,,,96.0,15.427043
202408.0,2024-08-29,85873.0,VIBRA SETE LAGOAS CL,Consumidor Livre,SUDESTE,96.0,14.899994
202408.0,2024-08-29,85873.0,VIBRA SETE LAGOAS CL,Consumidor Livre,SUDESTE,96.0,14.899994
,2024-08-29,,VIBRA SETE LAGOAS CL,,,96.0,14.899994
202408.0,2024-08-30,85873.0,VIBRA SETE LAGOAS CL,Consumidor Livre,SUDESTE,96.0,16.083103
202408.0,2024-08-30,85873.0,VIBRA SETE LAGOAS CL,Consumidor Livre,SUDESTE,96.0,16.083103
,2024-08-30,,VIBRA SETE LAGOAS CL,,,96.0,16.083103
202408.0,2024-08-31,85873.0,VIBRA SETE LAGOAS CL,Consumidor Livre,SUDESTE,96.0,15.205006
202408.0,2024-08-31,85873.0,VIBRA SETE LAGOAS CL,Consumidor Livre,SUDESTE,96.0,15.205006
,2024-08-31,,VIBRA SETE LAGOAS CL,,,96.0,15.205006
202409.0,2024-09-01,85873.0,VIBRA SETE LAGOAS CL,Consumidor Livre,SUDESTE,96.0,7.201505
202409.0,2024-09-01,85873.0,VIBRA SETE LAGOAS CL,Consumidor Livre,SUDESTE,96.0,7.201505
,2024-09-01,,VIBRA SETE LAGOAS CL,,,96.0,7.201505
202409.0,2024-09-02,85873.0,VIBRA SETE LAGOAS CL,Consumidor Livre,SUDESTE,96.0,15.535052
202409.0,2024-09-02,85873.0,VIBRA SETE LAGOAS CL,Consumidor Livre,SUDESTE,96.0,15.535052
,2024-09-02,,VIBRA SETE LAGOAS CL,,,96.0,15.535052
202409.0,2024-09-03,85873.0,VIBRA SETE LAGOAS CL,Consumidor Livre,SUDESTE,96.0,15.370549
202409.0,2024-09-03,85873.0,VIBRA SETE LAGOAS CL,Consumidor Livre,SUDESTE,96.0,15.370549
,2024-09-03,,VIBRA SETE LAGOAS CL,,,96.0,15.370549
202409.0,2024-09-04,85873.0,VIBRA SETE LAGOAS CL,Consumidor Livre,SUDESTE,96.0,16.357075
202409.0,2024-09-04,85873.0,VIBRA SETE LAGOAS CL,Consumidor Livre,SUDESTE,96.0,16.357075
,2024-09-04,,VIBRA SETE LAGOAS CL,,,96.0,16.357075
202409.0,2024-09-05,85873.0,VIBRA SETE LAGOAS CL,Consumidor Livre,SUDESTE,96.0,15.956212
202409.0,2024-09-05,85873.0,VIBRA SETE LAGOAS CL,Consumidor Livre,SUDESTE,96.0,15.956212
,2024-09-05,,VIBRA SETE LAGOAS CL,,,96.0,15.956212
202409.0,2024-09-06,85873.0,VIBRA SETE LAGOAS CL,Consumidor Livre,SUDESTE,96.0,15.989953
202409.0,2024-09-06,85873.0,VIBRA SETE LAGOAS CL,Consumidor Livre,SUDESTE,96.0,15.989953
,2024-09-06,,VIBRA SETE LAGOAS CL,,,96.0,15.989953
202409.0,2024-09-07,85873.0,VIBRA SETE LAGOAS CL,Consumidor Livre,SUDESTE,96.0,16.038761
202409.0,2024-09-07,85873.0,VIBRA SETE LAGOAS CL,Consumidor Livre,SUDESTE,96.0,16.038761
,2024-09-07,,VIBRA SETE LAGOAS CL,,,96.0,16.038761
202409.0,2024-09-08,85873.0,VIBRA SETE LAGOAS CL,Consumidor Livre,SUDESTE,96.0,5.517236
202409.0,2024-09-08,85873.0,VIBRA SETE LAGOAS CL,Consumidor Livre,SUDESTE,96.0,5.517236
,2024-09-08,,VIBRA SETE LAGOAS CL,,,96.0,5.517236
202409.0,2024-09-09,85873.0,VIBRA SETE LAGOAS CL,Consumidor Livre,SUDESTE,96.0,15.348745
202409.0,2024-09-09,85873.0,VIBRA SETE LAGOAS CL,Consumidor Livre,SUDESTE,96.0,15.348745
,2024-09-09,,VIBRA SETE LAGOAS CL,,,96.0,15.348745
202409.0,2024-09-10,85873.0,VIBRA SETE LAGOAS CL,Consumidor Livre,SUDESTE,96.0,16.150995
202409.0,2024-09-10,85873.0,VIBRA SETE LAGOAS CL,Consumidor Livre,SUDESTE,96.0,16.150995
,2024-09-10,,VIBRA SETE LAGOAS CL,,,96.0,16.150995
202409.0,2024-09-11,85873.0,VIBRA SETE LAGOAS CL,Consumidor Livre,SUDESTE,96.0,15.99286
202409.0,2024-09-11,85873.0,VIBRA SETE LAGOAS CL,Consumidor Livre,SUDESTE,96.0,15.99286
,2024-09-11,,VIBRA SETE LAGOAS CL,,,96.0,15.99286
202409.0,2024-09-12,85873.0,VIBRA SETE LAGOAS CL,Consumidor Livre,SUDESTE,96.0,16.265742
202409.0,2024-09-12,85873.0,VIBRA SETE LAGOAS CL,Consumidor Livre,SUDESTE,96.0,16.265742
,2024-09-12,,VIBRA SETE LAGOAS CL,,,96.0,16.265742
202409.0,2024-09-13,85873.0,VIBRA SETE LAGOAS CL,Consumidor Livre,SUDESTE,96.0,16.081012
202409.0,2024-09-13,85873.0,VIBRA SETE LAGOAS CL,Consumidor Livre,SUDESTE,96.0,16.081012
,2024-09-13,,VIBRA SETE LAGOAS CL,,,96.0,16.081012
202409.0,2024-09-14,85873.0,VIBRA SETE LAGOAS CL,Consumidor Livre,SUDESTE,96.0,14.353769
202409.0,2024-09-14,85873.0,VIBRA SETE LAGOAS CL,Consumidor Livre,SUDESTE,96.0,14.353769
,2024-09-14,,VIBRA SETE LAGOAS CL,,,96.0,14.353769
202409.0,2024-09-15,85873.0,VIBRA SETE LAGOAS CL,Consumidor Livre,SUDESTE,96.0,6.529819
202409.0,2024-09-15,85873.0,VIBRA SETE LAGOAS CL,Consumidor Livre,SUDESTE,96.0,6.529819
,2024-09-15,,VIBRA SETE LAGOAS CL,,,96.0,6.529819
202409.0,2024-09-16,85873.0,VIBRA SETE LAGOAS CL,Consumidor Livre,SUDESTE,96.0,14.895612
202409.0,2024-09-16,85873.0,VIBRA SETE LAGOAS CL,Consumidor Livre,SUDESTE,96.0,14.895612
,2024-09-16,,VIBRA SETE LAGOAS CL,,,96.0,14.895612
202409.0,2024-09-17,85873.0,VIBRA SETE LAGOAS CL,Consumidor Livre,SUDESTE,96.0,15.620741
202409.0,2024-09-17,85873.0,VIBRA SETE LAGOAS CL,Consumidor Livre,SUDESTE,96.0,15.620741
,2024-09-17,,VIBRA SETE LAGOAS CL,,,96.0,15.620741
202409.0,2024-09-18,85873.0,VIBRA SETE LAGOAS CL,Consumidor Livre,SUDESTE,96.0,14.886173
202409.0,2024-09-18,85873.0,VIBRA SETE LAGOAS CL,Consumidor Livre,SUDESTE,96.0,14.886173
,2024-09-18,,VIBRA SETE LAGOAS CL,,,96.0,14.886173
202409.0,2024-09-19,85873.0,VIBRA SETE LAGOAS CL,Consumidor Livre,SUDESTE,96.0,15.071826
202409.0,2024-09-19,85873.0,VIBRA SETE LAGOAS CL,Consumidor Livre,SUDESTE,96.0,15.071826
,2024-09-19,,VIBRA SETE LAGOAS CL,,,96.0,15.071826
202409.0,2024-09-20,85873.0,VIBRA SETE LAGOAS CL,Consumidor Livre,SUDESTE,96.0,15.622638
202409.0,2024-09-20,85873.0,VIBRA SETE LAGOAS CL,Consumidor Livre,SUDESTE,96.0,15.622638
,2024-09-20,,VIBRA SETE LAGOAS CL,,,96.0,15.622638
202409.0,2024-09-21,85873.0,VIBRA SETE LAGOAS CL,Consumidor Livre,SUDESTE,96.0,15.281096
202409.0,2024-09-21,85873.0,VIBRA SETE LAGOAS CL,Consumidor Livre,SUDESTE,96.0,15.281096
,2024-09-21,,VIBRA SETE LAGOAS CL,,,96.0,15.281096
202409.0,2024-09-22,85873.0,VIBRA SETE LAGOAS CL,Consumidor Livre,SUDESTE,96.0,4.7917950000000005
202409.0,2024-09-22,85873.0,VIBRA SETE LAGOAS CL,Consumidor Livre,SUDESTE,96.0,4.7917950000000005
,2024-09-22,,VIBRA SETE LAGOAS CL,,,96.0,4.7917950000000005
202409.0,2024-09-23,85873.0,VIBRA SETE LAGOAS CL,Consumidor Livre,SUDESTE,96.0,14.95543
202409.0,2024-09-23,85873.0,VIBRA SETE LAGOAS CL,Consumidor Livre,SUDESTE,96.0,14.95543
,2024-09-23,,VIBRA SETE LAGOAS CL,,,96.0,14.95543
202409.0,2024-09-24,85873.0,VIBRA SETE LAGOAS CL,Consumidor Livre,SUDESTE,96.0,15.907643
202409.0,2024-09-24,85873.0,VIBRA SETE LAGOAS CL,Consumidor Livre,SUDESTE,96.0,15.907643
,2024-09-24,,VIBRA SETE LAGOAS CL,,,96.0,15.907643
202409.0,2024-09-25,85873.0,VIBRA SETE LAGOAS CL,Consumidor Livre,SUDESTE,96.0,15.859614
202409.0,2024-09-25,85873.0,VIBRA SETE LAGOAS CL,Consumidor Livre,SUDESTE,96.0,15.859614
,2024-09-25,,VIBRA SETE LAGOAS CL,,,96.0,15.859614
202409.0,2024-09-26,85873.0,VIBRA SETE LAGOAS CL,Consumidor Livre,SUDESTE,96.0,16.694913
202409.0,2024-09-26,85873.0,VIBRA SETE LAGOAS CL,Consumidor Livre,SUDESTE,96.0,16.694913
,2024-09-26,,VIBRA SETE LAGOAS CL,,,96.0,16.694913
202409.0,2024-09-27,85873.0,VIBRA SETE LAGOAS CL,Consumidor Livre,SUDESTE,96.0,17.329118
202409.0,2024-09-27,85873.0,VIBRA SETE LAGOAS CL,Consumidor Livre,SUDESTE,96.0,17.329118
,2024-09-27,,VIBRA SETE LAGOAS CL,,,96.0,17.329118
202409.0,2024-09-28,85873.0,VIBRA SETE LAGOAS CL,Consumidor Livre,SUDESTE,96.0,12.426478
202409.0,2024-09-28,85873.0,VIBRA SETE LAGOAS CL,Consumidor Livre,SUDESTE,96.0,12.426478
,2024-09-28,,VIBRA SETE LAGOAS CL,,,96.0,12.426478
202409.0,2024-09-29,85873.0,VIBRA SETE LAGOAS CL,Consumidor Livre,SUDESTE,96.0,1.172457
202409.0,2024-09-29,85873.0,VIBRA SETE LAGOAS CL,Consumidor Livre,SUDESTE,96.0,1.172457
,2024-09-29,,VIBRA SETE LAGOAS CL,,,96.0,1.172457
202409.0,2024-09-30,85873.0,VIBRA SETE LAGOAS CL,Consumidor Livre,SUDESTE,96.0,13.291552
202409.0,2024-09-30,85873.0,VIBRA SETE LAGOAS CL,Consumidor Livre,SUDESTE,96.0,13.291552
,2024-09-30,,VIBRA SETE LAGOAS CL,,,96.0,13.291552
202410.0,2024-10-01,85873.0,VIBRA SETE LAGOAS CL,Consumidor Livre,SUDESTE,96.0,16.255624
202410.0,2024-10-01,85873.0,VIBRA SETE LAGOAS CL,Consumidor Livre,SUDESTE,96.0,16.255624
,2024-10-01,,VIBRA SETE LAGOAS CL,,,96.0,16.255624
202410.0,2024-10-02,85873.0,VIBRA SETE LAGOAS CL,Consumidor Livre,SUDESTE,96.0,16.455883
202410.0,2024-10-02,85873.0,VIBRA SETE LAGOAS CL,Consumidor Livre,SUDESTE,96.0,16.455883
,2024-10-02,,VIBRA SETE LAGOAS CL,,,96.0,16.455883
202410.0,2024-10-03,85873.0,VIBRA SETE LAGOAS CL,Consumidor Livre,SUDESTE,96.0,15.527646
202410.0,2024-10-03,85873.0,VIBRA SETE LAGOAS CL,Consumidor Livre,SUDESTE,96.0,15.527646
,2024-10-03,,VIBRA SETE LAGOAS CL,,,96.0,15.527646
202410.0,2024-10-04,85873.0,VIBRA SETE LAGOAS CL,Consumidor Livre,SUDESTE,96.0,15.006913
202410.0,2024-10-04,85873.0,VIBRA SETE LAGOAS CL,Consumidor Livre,SUDESTE,96.0,15.006913
,2024-10-04,,VIBRA SETE LAGOAS CL,,,96.0,15.006913
202410.0,2024-10-05,85873.0,VIBRA SETE LAGOAS CL,Consumidor Livre,SUDESTE,96.0,14.065654
202410.0,2024-10-05,85873.0,VIBRA SETE LAGOAS CL,Consumidor Livre,SUDESTE,96.0,14.065654
,2024-10-05,,VIBRA SETE LAGOAS CL,,,96.0,14.065654
202410.0,2024-10-06,85873.0,VIBRA SETE LAGOAS CL,Consumidor Livre,SUDESTE,96.0,10.40107
202410.0,2024-10-06,85873.0,VIBRA SETE LAGOAS CL,Consumidor Livre,SUDESTE,96.0,10.40107
,2024-10-06,,VIBRA SETE LAGOAS CL,,,96.0,10.40107
202410.0,2024-10-07,85873.0,VIBRA SETE LAGOAS CL,Consumidor Livre,SUDESTE,96.0,11.93292
202410.0,2024-10-07,85873.0,VIBRA SETE LAGOAS CL,Consumidor Livre,SUDESTE,96.0,11.93292
,2024-10-07,,VIBRA SETE LAGOAS CL,,,96.0,11.93292
202410.0,2024-10-08,85873.0,VIBRA SETE LAGOAS CL,Consumidor Livre,SUDESTE,96.0,15.374924
202410.0,2024-10-08,85873.0,VIBRA SETE LAGOAS CL,Consumidor Livre,SUDESTE,96.0,15.374924
,2024-10-08,,VIBRA SETE LAGOAS CL,,,96.0,15.374924
202410.0,2024-10-09,85873.0,VIBRA SETE LAGOAS CL,Consumidor Livre,SUDESTE,96.0,15.884713
202410.0,2024-10-09,85873.0,VIBRA SETE LAGOAS CL,Consumidor Livre,SUDESTE,96.0,15.884713
,2024-10-09,,VIBRA SETE LAGOAS CL,,,96.0,15.884713
202410.0,2024-10-10,85873.0,VIBRA SETE LAGOAS CL,Consumidor Livre,SUDESTE,96.0,15.567664
202410.0,2024-10-10,85873.0,VIBRA SETE LAGOAS CL,Consumidor Livre,SUDESTE,96.0,15.567664
,2024-10-10,,VIBRA SETE LAGOAS CL,,,96.0,15.567664
202410.0,2024-10-11,85873.0,VIBRA SETE LAGOAS CL,Consumidor Livre,SUDESTE,96.0,14.979327
202410.0,2024-10-11,85873.0,VIBRA SETE LAGOAS CL,Consumidor Livre,SUDESTE,96.0,14.979327
,2024-10-11,,VIBRA SETE LAGOAS CL,,,96.0,14.979327
202410.0,2024-10-12,85873.0,VIBRA SETE LAGOAS CL,Consumidor Livre,SUDESTE,96.0,4.622357
202410.0,2024-10-12,85873.0,VIBRA SETE LAGOAS CL,Consumidor Livre,SUDESTE,96.0,4.622357
,2024-10-12,,VIBRA SETE LAGOAS CL,,,96.0,4.622357
202410.0,2024-10-13,85873.0,VIBRA SETE LAGOAS CL,Consumidor Livre,SUDESTE,96.0,1.034827
202410.0,2024-10-13,85873.0,VIBRA SETE LAGOAS CL,Consumidor Livre,SUDESTE,96.0,1.034827
,2024-10-13,,VIBRA SETE LAGOAS CL,,,96.0,1.034827
202410.0,2024-10-14,85873.0,VIBRA SETE LAGOAS CL,Consumidor Livre,SUDESTE,96.0,15.101362
202410.0,2024-10-14,85873.0,VIBRA SETE LAGOAS CL,Consumidor Livre,SUDESTE,96.0,15.101362
,2024-10-14,,VIBRA SETE LAGOAS CL,,,96.0,15.101362
202410.0,2024-10-15,85873.0,VIBRA SETE LAGOAS CL,Consumidor Livre,SUDESTE,96.0,16.55535
202410.0,2024-10-15,85873.0,VIBRA SETE LAGOAS CL,Consumidor Livre,SUDESTE,96.0,16.55535
,2024-10-15,,VIBRA SETE LAGOAS CL,,,96.0,16.55535
202410.0,2024-10-16,85873.0,VIBRA SETE LAGOAS CL,Consumidor Livre,SUDESTE,96.0,15.269381
202410.0,2024-10-16,85873.0,VIBRA SETE LAGOAS CL,Consumidor Livre,SUDESTE,96.0,15.269381
,2024-10-16,,VIBRA SETE LAGOAS CL,,,96.0,15.269381
202410.0,2024-10-17,85873.0,VIBRA SETE LAGOAS CL,Consumidor Livre,SUDESTE,96.0,15.109632
202410.0,2024-10-17,85873.0,VIBRA SETE LAGOAS CL,Consumidor Livre,SUDESTE,96.0,15.109632
,2024-10-17,,VIBRA SETE LAGOAS CL,,,96.0,15.109632
202410.0,2024-10-18,85873.0,VIBRA SETE LAGOAS CL,Consumidor Livre,SUDESTE,96.0,16.429083
202410.0,2024-10-18,85873.0,VIBRA SETE LAGOAS CL,Consumidor Livre,SUDESTE,96.0,16.429083
,2024-10-18,,VIBRA SETE LAGOAS CL,,,96.0,16.429083
202410.0,2024-10-19,85873.0,VIBRA SETE LAGOAS CL,Consumidor Livre,SUDESTE,96.0,11.500985
202410.0,2024-10-19,85873.0,VIBRA SETE LAGOAS CL,Consumidor Livre,SUDESTE,96.0,11.500985
,2024-10-19,,VIBRA SETE LAGOAS CL,,,96.0,11.500985
202410.0,2024-10-20,85873.0,VIBRA SETE LAGOAS CL,Consumidor Livre,SUDESTE,96.0,0.601259
202410.0,2024-10-20,85873.0,VIBRA SETE LAGOAS CL,Consumidor Livre,SUDESTE,96.0,0.601259
,2024-10-20,,VIBRA SETE LAGOAS CL,,,96.0,0.601259
202410.0,2024-10-21,85873.0,VIBRA SETE LAGOAS CL,Consumidor Livre,SUDESTE,96.0,4.901227
202410.0,2024-10-21,85873.0,VIBRA SETE LAGOAS CL,Consumidor Livre,SUDESTE,96.0,4.901227
,2024-10-21,,VIBRA SETE LAGOAS CL,,,96.0,4.901227
202410.0,2024-10-22,85873.0,VIBRA SETE LAGOAS CL,Consumidor Livre,SUDESTE,96.0,14.804214
202410.0,2024-10-22,85873.0,VIBRA SETE LAGOAS CL,Consumidor Livre,SUDESTE,96.0,14.804214
,2024-10-22,,VIBRA SETE LAGOAS CL,,,96.0,14.804214
202410.0,2024-10-23,85873.0,VIBRA SETE LAGOAS CL,Consumidor Livre,SUDESTE,96.0,16.62695
202410.0,2024-10-23,85873.0,VIBRA SETE LAGOAS CL,Consumidor Livre,SUDESTE,96.0,16.62695
,2024-10-23,,VIBRA SETE LAGOAS CL,,,96.0,16.62695
202410.0,2024-10-24,85873.0,VIBRA SETE LAGOAS CL,Consumidor Livre,SUDESTE,96.0,15.733911
202410.0,2024-10-24,85873.0,VIBRA SETE LAGOAS CL,Consumidor Livre,SUDESTE,96.0,15.733911
,2024-10-24,,VIBRA SETE LAGOAS CL,,,96.0,15.733911
202410.0,2024-10-25,85873.0,VIBRA SETE LAGOAS CL,Consumidor Livre,SUDESTE,96.0,15.263651
202410.0,2024-10-25,85873.0,VIBRA SETE LAGOAS CL,Consumidor Livre,SUDESTE,96.0,15.263651
,2024-10-25,,VIBRA SETE LAGOAS CL,,,96.0,15.263651
202410.0,2024-10-26,85873.0,VIBRA SETE LAGOAS CL,Consumidor Livre,SUDESTE,96.0,15.337312
202410.0,2024-10-26,85873.0,VIBRA SETE LAGOAS CL,Consumidor Livre,SUDESTE,96.0,15.337312
,2024-10-26,,VIBRA SETE LAGOAS CL,,,96.0,15.337312
202410.0,2024-10-27,85873.0,VIBRA SETE LAGOAS CL,Consumidor Livre,SUDESTE,96.0,4.819886
202410.0,2024-10-27,85873.0,VIBRA SETE LAGOAS CL,Consumidor Livre,SUDESTE,96.0,4.819886
,2024-10-27,,VIBRA SETE LAGOAS CL,,,96.0,4.819886
202410.0,2024-10-28,85873.0,VIBRA SETE LAGOAS CL,Consumidor Livre,SUDESTE,96.0,9.829753
202410.0,2024-10-28,85873.0,VIBRA SETE LAGOAS CL,Consumidor Livre,SUDESTE,96.0,9.829753
,2024-10-28,,VIBRA SETE LAGOAS CL,,,96.0,9.829753
202410.0,2024-10-29,85873.0,VIBRA SETE LAGOAS CL,Consumidor Livre,SUDESTE,96.0,14.801072
202410.0,2024-10-29,85873.0,VIBRA SETE LAGOAS CL,Consumidor Livre,SUDESTE,96.0,14.801072
,2024-10-29,,VIBRA SETE LAGOAS CL,,,96.0,14.801072
202410.0,2024-10-30,85873.0,VIBRA SETE LAGOAS CL,Consumidor Livre,SUDESTE,96.0,15.157908
202410.0,2024-10-30,85873.0,VIBRA SETE LAGOAS CL,Consumidor Livre,SUDESTE,96.0,15.157908
,2024-10-30,,VIBRA SETE LAGOAS CL,,,96.0,15.157908
202410.0,2024-10-31,85873.0,VIBRA SETE LAGOAS CL,Consumidor Livre,SUDESTE,96.0,14.511986
202410.0,2024-10-31,85873.0,VIBRA SETE LAGOAS CL,Consumidor Livre,SUDESTE,96.0,14.511986
,2024-10-31,,VIBRA SETE LAGOAS CL,,,96.0,14.511986
202411.0,2024-11-01,85873.0,VIBRA SETE LAGOAS CL,Consumidor Livre,SUDESTE,96.0,16.19859
202411.0,2024-11-01,85873.0,VIBRA SETE LAGOAS CL,Consumidor Livre,SUDESTE,96.0,16.19859
,2024-11-01,,VIBRA SETE LAGOAS CL,,,96.0,16.19859
202411.0,2024-11-02,85873.0,VIBRA SETE LAGOAS CL,Consumidor Livre,SUDESTE,96.0,14.850882
202411.0,2024-11-02,85873.0,VIBRA SETE LAGOAS CL,Consumidor Livre,SUDESTE,96.0,14.850882
,2024-11-02,,VIBRA SETE LAGOAS CL,,,96.0,14.850882
202411.0,2024-11-03,85873.0,VIBRA SETE LAGOAS CL,Consumidor Livre,SUDESTE,96.0,7.040379
202411.0,2024-11-03,85873.0,VIBRA SETE LAGOAS CL,Consumidor Livre,SUDESTE,96.0,7.040379
,2024-11-03,,VIBRA SETE LAGOAS CL,,,96.0,7.040379
202411.0,2024-11-04,85873.0,VIBRA SETE LAGOAS CL,Consumidor Livre,SUDESTE,96.0,14.086917
202411.0,2024-11-04,85873.0,VIBRA SETE LAGOAS CL,Consumidor Livre,SUDESTE,96.0,14.086917
,2024-11-04,,VIBRA SETE LAGOAS CL,,,96.0,14.086917
202411.0,2024-11-05,85873.0,VIBRA SETE LAGOAS CL,Consumidor Livre,SUDESTE,96.0,15.683836
202411.0,2024-11-05,85873.0,VIBRA SETE LAGOAS CL,Consumidor Livre,SUDESTE,96.0,15.683836
,2024-11-05,,VIBRA SETE LAGOAS CL,,,96.0,15.683836
202411.0,2024-11-06,85873.0,VIBRA SETE LAGOAS CL,Consumidor Livre,SUDESTE,96.0,15.493112
202411.0,2024-11-06,85873.0,VIBRA SETE LAGOAS CL,Consumidor Livre,SUDESTE,96.0,15.493112
,2024-11-06,,VIBRA SETE LAGOAS CL,,,96.0,15.493112
202411.0,2024-11-07,85873.0,VIBRA SETE LAGOAS CL,Consumidor Livre,SUDESTE,96.0,15.26838
202411.0,2024-11-07,85873.0,VIBRA SETE LAGOAS CL,Consumidor Livre,SUDESTE,96.0,15.26838
,2024-11-07,,VIBRA SETE LAGOAS CL,,,96.0,15.26838
202411.0,2024-11-08,85873.0,VIBRA SETE LAGOAS CL,Consumidor Livre,SUDESTE,96.0,14.482335
202411.0,2024-11-08,85873.0,VIBRA SETE LAGOAS CL,Consumidor Livre,SUDESTE,96.0,14.482335
,2024-11-08,,VIBRA SETE LAGOAS CL,,,96.0,14.482335
202411.0,2024-11-09,85873.0,VIBRA SETE LAGOAS CL,Consumidor Livre,SUDESTE,96.0,11.287675
202411.0,2024-11-09,85873.0,VIBRA SETE LAGOAS CL,Consumidor Livre,SUDESTE,96.0,11.287675
,2024-11-09,,VIBRA SETE LAGOAS CL,,,96.0,11.287675
202411.0,2024-11-10,85873.0,VIBRA SETE LAGOAS CL,Consumidor Livre,SUDESTE,96.0,1.604347
202411.0,2024-11-10,85873.0,VIBRA SETE LAGOAS CL,Consumidor Livre,SUDESTE,96.0,1.604347
,2024-11-10,,VIBRA SETE LAGOAS CL,,,96.0,1.604347
202411.0,2024-11-11,85873.0,VIBRA SETE LAGOAS CL,Consumidor Livre,SUDESTE,96.0,12.976807
202411.0,2024-11-11,85873.0,VIBRA SETE LAGOAS CL,Consumidor Livre,SUDESTE,96.0,12.976807
,2024-11-11,,VIBRA SETE LAGOAS CL,,,96.0,12.976807
202411.0,2024-11-12,85873.0,VIBRA SETE LAGOAS CL,Consumidor Livre,SUDESTE,96.0,15.527098
202411.0,2024-11-12,85873.0,VIBRA SETE LAGOAS CL,Consumidor Livre,SUDESTE,96.0,15.527098
,2024-11-12,,VIBRA SETE LAGOAS CL,,,96.0,15.527098
202411.0,2024-11-13,85873.0,VIBRA SETE LAGOAS CL,Consumidor Livre,SUDESTE,96.0,15.099784
202411.0,2024-11-13,85873.0,VIBRA SETE LAGOAS CL,Consumidor Livre,SUDESTE,96.0,15.099784
,2024-11-13,,VIBRA SETE LAGOAS CL,,,96.0,15.099784
202411.0,2024-11-14,85873.0,VIBRA SETE LAGOAS CL,Consumidor Livre,SUDESTE,96.0,15.601147
202411.0,2024-11-14,85873.0,VIBRA SETE LAGOAS CL,Consumidor Livre,SUDESTE,96.0,15.601147
,2024-11-14,,VIBRA SETE LAGOAS CL,,,96.0,15.601147
202411.0,2024-11-15,85873.0,VIBRA SETE LAGOAS CL,Consumidor Livre,SUDESTE,96.0,15.19487
202411.0,2024-11-15,85873.0,VIBRA SETE LAGOAS CL,Consumidor Livre,SUDESTE,96.0,15.19487
,2024-11-15,,VIBRA SETE LAGOAS CL,,,96.0,15.19487
202411.0,2024-11-16,85873.0,VIBRA SETE LAGOAS CL,Consumidor Livre,SUDESTE,96.0,13.7106
202411.0,2024-11-16,85873.0,VIBRA SETE LAGOAS CL,Consumidor Livre,SUDESTE,96.0,13.7106
,2024-11-16,,VIBRA SETE LAGOAS CL,,,96.0,13.7106
202411.0,2024-11-17,85873.0,VIBRA SETE LAGOAS CL,Consumidor Livre,SUDESTE,96.0,5.666778
202411.0,2024-11-17,85873.0,VIBRA SETE LAGOAS CL,Consumidor Livre,SUDESTE,96.0,5.666778
,2024-11-17,,VIBRA SETE LAGOAS CL,,,96.0,5.666778
202411.0,2024-11-18,85873.0,VIBRA SETE LAGOAS CL,Consumidor Livre,SUDESTE,96.0,14.680797
202411.0,2024-11-18,85873.0,VIBRA SETE LAGOAS CL,Consumidor Livre,SUDESTE,96.0,14.680797
,2024-11-18,,VIBRA SETE LAGOAS CL,,,96.0,14.680797
202411.0,2024-11-19,85873.0,VIBRA SETE LAGOAS CL,Consumidor Livre,SUDESTE,96.0,14.860388
202411.0,2024-11-19,85873.0,VIBRA SETE LAGOAS CL,Consumidor Livre,SUDESTE,96.0,14.860388
,2024-11-19,,VIBRA SETE LAGOAS CL,,,96.0,14.860388
202411.0,2024-11-20,85873.0,VIBRA SETE LAGOAS CL,Consumidor Livre,SUDESTE,96.0,14.784882
202411.0,2024-11-20,85873.0,VIBRA SETE LAGOAS CL,Consumidor Livre,SUDESTE,96.0,14.784882
,2024-11-20,,VIBRA SETE LAGOAS CL,,,96.0,14.784882
202411.0,2024-11-21,85873.0,VIBRA SETE LAGOAS CL,Consumidor Livre,SUDESTE,96.0,14.635655
202411.0,2024-11-21,85873.0,VIBRA SETE LAGOAS CL,Consumidor Livre,SUDESTE,96.0,14.635655
,2024-11-21,,VIBRA SETE LAGOAS CL,,,96.0,14.635655
202411.0,2024-11-22,85873.0,VIBRA SETE LAGOAS CL,Consumidor Livre,SUDESTE,96.0,14.812013
202411.0,2024-11-22,85873.0,VIBRA SETE LAGOAS CL,Consumidor Livre,SUDESTE,96.0,14.812013
,2024-11-22,,VIBRA SETE LAGOAS CL,,,96.0,14.812013
202411.0,2024-11-23,85873.0,VIBRA SETE LAGOAS CL,Consumidor Livre,SUDESTE,96.0,13.204641
202411.0,2024-11-23,85873.0,VIBRA SETE LAGOAS CL,Consumidor Livre,SUDESTE,96.0,13.204641
,2024-11-23,,VIBRA SETE LAGOAS CL,,,96.0,13.204641
202411.0,2024-11-24,85873.0,VIBRA SETE LAGOAS CL,Consumidor Livre,SUDESTE,96.0,6.514279
202411.0,2024-11-24,85873.0,VIBRA SETE LAGOAS CL,Consumidor Livre,SUDESTE,96.0,6.514279
,2024-11-24,,VIBRA SETE LAGOAS CL,,,96.0,6.514279
202411.0,2024-11-25,85873.0,VIBRA SETE LAGOAS CL,Consumidor Livre,SUDESTE,96.0,14.808276
202411.0,2024-11-25,85873.0,VIBRA SETE LAGOAS CL,Consumidor Livre,SUDESTE,96.0,14.808276
,2024-11-25,,VIBRA SETE LAGOAS CL,,,96.0,14.808276
202411.0,2024-11-26,85873.0,VIBRA SETE LAGOAS CL,Consumidor Livre,SUDESTE,96.0,15.915496
202411.0,2024-11-26,85873.0,VIBRA SETE LAGOAS CL,Consumidor Livre,SUDESTE,96.0,15.915496
,2024-11-26,,VIBRA SETE LAGOAS CL,,,96.0,15.915496
202411.0,2024-11-27,85873.0,VIBRA SETE LAGOAS CL,Consumidor Livre,SUDESTE,96.0,15.653246
202411.0,2024-11-27,85873.0,VIBRA SETE LAGOAS CL,Consumidor Livre,SUDESTE,96.0,15.653246
,2024-11-27,,VIBRA SETE LAGOAS CL,,,96.0,15.653246
202411.0,2024-11-28,85873.0,VIBRA SETE LAGOAS CL,Consumidor Livre,SUDESTE,96.0,16.089994
202411.0,2024-11-28,85873.0,VIBRA SETE LAGOAS CL,Consumidor Livre,SUDESTE,96.0,16.089994
,2024-11-28,,VIBRA SETE LAGOAS CL,,,96.0,16.089994
202411.0,2024-11-29,85873.0,VIBRA SETE LAGOAS CL,Consumidor Livre,SUDESTE,96.0,15.827963
202411.0,2024-11-29,85873.0,VIBRA SETE LAGOAS CL,Consumidor Livre,SUDESTE,96.0,15.827963
,2024-11-29,,VIBRA SETE LAGOAS CL,,,96.0,15.827963
202411.0,2024-11-30,85873.0,VIBRA SETE LAGOAS CL,Consumidor Livre,SUDESTE,96.0,11.759591
202411.0,2024-11-30,85873.0,VIBRA SETE LAGOAS CL,Consumidor Livre,SUDESTE,96.0,11.759591
,2024-11-30,,VIBRA SETE LAGOAS CL,,,96.0,11.759591
202412.0,2024-12-01,85873.0,VIBRA SETE LAGOAS CL,Consumidor Livre,SUDESTE,96.0,1.7870620000000002
202412.0,2024-12-01,85873.0,VIBRA SETE LAGOAS CL,Consumidor Livre,SUDESTE,96.0,1.7870620000000002
,2024-12-01,,VIBRA SETE LAGOAS CL,,,96.0,1.7870620000000002
202412.0,2024-12-02,85873.0,VIBRA SETE LAGOAS CL,Consumidor Livre,SUDESTE,96.0,14.581602
202412.0,2024-12-02,85873.0,VIBRA SETE LAGOAS CL,Consumidor Livre,SUDESTE,96.0,14.581602
,2024-12-02,,VIBRA SETE LAGOAS CL,,,96.0,14.581602
202412.0,2024-12-03,85873.0,VIBRA SETE LAGOAS CL,Consumidor Livre,SUDESTE,96.0,15.360806
202412.0,2024-12-03,85873.0,VIBRA SETE LAGOAS CL,Consumidor Livre,SUDESTE,96.0,15.360806
,2024-12-03,,VIBRA SETE LAGOAS CL,,,96.0,15.360806
202412.0,2024-12-04,85873.0,VIBRA SETE LAGOAS CL,Consumidor Livre,SUDESTE,96.0,15.124386
202412.0,2024-12-04,85873.0,VIBRA SETE LAGOAS CL,Consumidor Livre,SUDESTE,96.0,15.124386
,2024-12-04,,VIBRA SETE LAGOAS CL,,,96.0,15.124386
202412.0,2024-12-05,85873.0,VIBRA SETE LAGOAS CL,Consumidor Livre,SUDESTE,96.0,16.067492
202412.0,2024-12-05,85873.0,VIBRA SETE LAGOAS CL,Consumidor Livre,SUDESTE,96.0,16.067492
,2024-12-05,,VIBRA SETE LAGOAS CL,,,96.0,16.067492
202412.0,2024-12-06,85873.0,VIBRA SETE LAGOAS CL,Consumidor Livre,SUDESTE,96.0,14.769059
202412.0,2024-12-06,85873.0,VIBRA SETE LAGOAS CL,Consumidor Livre,SUDESTE,96.0,14.769059
,2024-12-06,,VIBRA SETE LAGOAS CL,,,96.0,14.769059
202412.0,2024-12-07,85873.0,VIBRA SETE LAGOAS CL,Consumidor Livre,SUDESTE,96.0,11.049042
202412.0,2024-12-07,85873.0,VIBRA SETE LAGOAS CL,Consumidor Livre,SUDESTE,96.0,11.049042
,2024-12-07,,VIBRA SETE LAGOAS CL,,,96.0,11.049042
202412.0,2024-12-08,85873.0,VIBRA SETE LAGOAS CL,Consumidor Livre,SUDESTE,96.0,1.546567
202412.0,2024-12-08,85873.0,VIBRA SETE LAGOAS CL,Consumidor Livre,SUDESTE,96.0,1.546567
,2024-12-08,,VIBRA SETE LAGOAS CL,,,96.0,1.546567
202412.0,2024-12-09,85873.0,VIBRA SETE LAGOAS CL,Consumidor Livre,SUDESTE,96.0,13.448307
202412.0,2024-12-09,85873.0,VIBRA SETE LAGOAS CL,Consumidor Livre,SUDESTE,96.0,13.448307
,2024-12-09,,VIBRA SETE LAGOAS CL,,,96.0,13.448307
202412.0,2024-12-10,85873.0,VIBRA SETE LAGOAS CL,Consumidor Livre,SUDESTE,96.0,15.555491
202412.0,2024-12-10,85873.0,VIBRA SETE LAGOAS CL,Consumidor Livre,SUDESTE,96.0,15.555491
,2024-12-10,,VIBRA SETE LAGOAS CL,,,96.0,15.555491
202412.0,2024-12-11,85873.0,VIBRA SETE LAGOAS CL,Consumidor Livre,SUDESTE,96.0,14.667418
202412.0,2024-12-11,85873.0,VIBRA SETE LAGOAS CL,Consumidor Livre,SUDESTE,96.0,14.667418
,2024-12-11,,VIBRA SETE LAGOAS CL,,,96.0,14.667418
202412.0,2024-12-12,85873.0,VIBRA SETE LAGOAS CL,Consumidor Livre,SUDESTE,96.0,16.051645
202412.0,2024-12-12,85873.0,VIBRA SETE LAGOAS CL,Consumidor Livre,SUDESTE,96.0,16.051645
,2024-12-12,,VIBRA SETE LAGOAS CL,,,96.0,16.051645
202412.0,2024-12-13,85873.0,VIBRA SETE LAGOAS CL,Consumidor Livre,SUDESTE,96.0,15.396537
202412.0,2024-12-13,85873.0,VIBRA SETE LAGOAS CL,Consumidor Livre,SUDESTE,96.0,15.396537
,2024-12-13,,VIBRA SETE LAGOAS CL,,,96.0,15.396537
202412.0,2024-12-14,85873.0,VIBRA SETE LAGOAS CL,Consumidor Livre,SUDESTE,96.0,11.068529
202412.0,2024-12-14,85873.0,VIBRA SETE LAGOAS CL,Consumidor Livre,SUDESTE,96.0,11.068529
,2024-12-14,,VIBRA SETE LAGOAS CL,,,96.0,11.068529
202412.0,2024-12-15,85873.0,VIBRA SETE LAGOAS CL,Consumidor Livre,SUDESTE,96.0,1.561252
202412.0,2024-12-15,85873.0,VIBRA SETE LAGOAS CL,Consumidor Livre,SUDESTE,96.0,1.561252
,2024-12-15,,VIBRA SETE LAGOAS CL,,,96.0,1.561252
202412.0,2024-12-16,85873.0,VIBRA SETE LAGOAS CL,Consumidor Livre,SUDESTE,96.0,12.733768
202412.0,2024-12-16,85873.0,VIBRA SETE LAGOAS CL,Consumidor Livre,SUDESTE,96.0,12.733768
,2024-12-16,,VIBRA SETE LAGOAS CL,,,96.0,12.733768
202412.0,2024-12-17,85873.0,VIBRA SETE LAGOAS CL,Consumidor Livre,SUDESTE,96.0,14.704873
202412.0,2024-12-17,85873.0,VIBRA SETE LAGOAS CL,Consumidor Livre,SUDESTE,96.0,14.704873
,2024-12-17,,VIBRA SETE LAGOAS CL,,,96.0,14.704873
202412.0,2024-12-18,85873.0,VIBRA SETE LAGOAS CL,Consumidor Livre,SUDESTE,96.0,14.691046
202412.0,2024-12-18,85873.0,VIBRA SETE LAGOAS CL,Consumidor Livre,SUDESTE,96.0,14.691046
,2024-12-18,,VIBRA SETE LAGOAS CL,,,96.0,14.691046
202412.0,2024-12-19,85873.0,VIBRA SETE LAGOAS CL,Consumidor Livre,SUDESTE,96.0,15.360787
202412.0,2024-12-19,85873.0,VIBRA SETE LAGOAS CL,Consumidor Livre,SUDESTE,96.0,15.360787
,2024-12-19,,VIBRA SETE LAGOAS CL,,,96.0,15.360787
202412.0,2024-12-20,85873.0,VIBRA SETE LAGOAS CL,Consumidor Livre,SUDESTE,96.0,15.17292
202412.0,2024-12-20,85873.0,VIBRA SETE LAGOAS CL,Consumidor Livre,SUDESTE,96.0,15.17292
,2024-12-20,,VIBRA SETE LAGOAS CL,,,96.0,15.17292
202412.0,2024-12-21,85873.0,VIBRA SETE LAGOAS CL,Consumidor Livre,SUDESTE,96.0,14.480612
202412.0,2024-12-21,85873.0,VIBRA SETE LAGOAS CL,Consumidor Livre,SUDESTE,96.0,14.480612
,2024-12-21,,VIBRA SETE LAGOAS CL,,,96.0,14.480612
202412.0,2024-12-22,85873.0,VIBRA SETE LAGOAS CL,Consumidor Livre,SUDESTE,96.0,13.926722
202412.0,2024-12-22,85873.0,VIBRA SETE LAGOAS CL,Consumidor Livre,SUDESTE,96.0,13.926722
,2024-12-22,,VIBRA SETE LAGOAS CL,,,96.0,13.926722
202412.0,2024-12-23,85873.0,VIBRA SETE LAGOAS CL,Consumidor Livre,SUDESTE,96.0,15.630362
202412.0,2024-12-23,85873.0,VIBRA SETE LAGOAS CL,Consumidor Livre,SUDESTE,96.0,15.630362
,2024-12-23,,VIBRA SETE LAGOAS CL,,,96.0,15.630362
202412.0,2024-12-24,85873.0,VIBRA SETE LAGOAS CL,Consumidor Livre,SUDESTE,96.0,4.719261
202412.0,2024-12-24,85873.0,VIBRA SETE LAGOAS CL,Consumidor Livre,SUDESTE,96.0,4.719261
,2024-12-24,,VIBRA SETE LAGOAS CL,,,96.0,4.719261
202412.0,2024-12-25,85873.0,VIBRA SETE LAGOAS CL,Consumidor Livre,SUDESTE,96.0,1.424018
202412.0,2024-12-25,85873.0,VIBRA SETE LAGOAS CL,Consumidor Livre,SUDESTE,96.0,1.424018
,2024-12-25,,VIBRA SETE LAGOAS CL,,,96.0,1.424018
202412.0,2024-12-26,85873.0,VIBRA SETE LAGOAS CL,Consumidor Livre,SUDESTE,96.0,16.744581
202412.0,2024-12-26,85873.0,VIBRA SETE LAGOAS CL,Consumidor Livre,SUDESTE,96.0,16.744581
,2024-12-26,,VIBRA SETE LAGOAS CL,,,96.0,16.744581
202412.0,2024-12-27,85873.0,VIBRA SETE LAGOAS CL,Consumidor Livre,SUDESTE,96.0,16.205547
202412.0,2024-12-27,85873.0,VIBRA SETE LAGOAS CL,Consumidor Livre,SUDESTE,96.0,16.205547
,2024-12-27,,VIBRA SETE LAGOAS CL,,,96.0,16.205547
202412.0,2024-12-28,85873.0,VIBRA SETE LAGOAS CL,Consumidor Livre,SUDESTE,96.0,15.741733
202412.0,2024-12-28,85873.0,VIBRA SETE LAGOAS CL,Consumidor Livre,SUDESTE,96.0,15.741733
,2024-12-28,,VIBRA SETE LAGOAS CL,,,96.0,15.741733
202412.0,2024-12-29,85873.0,VIBRA SETE LAGOAS CL,Consumidor Livre,SUDESTE,96.0,12.71842
202412.0,2024-12-29,85873.0,VIBRA SETE LAGOAS CL,Consumidor Livre,SUDESTE,96.0,12.71842
,2024-12-29,,VIBRA SETE LAGOAS CL,,,96.0,12.71842
202412.0,2024-12-30,85873.0,VIBRA SETE LAGOAS CL,Consumidor Livre,SUDESTE,96.0,14.939618
202412.0,2024-12-30,85873.0,VIBRA SETE LAGOAS CL,Consumidor Livre,SUDESTE,96.0,14.939618
,2024-12-30,,VIBRA SETE LAGOAS CL,,,96.0,14.939618
202412.0,2024-12-31,85873.0,VIBRA SETE LAGOAS CL,Consumidor Livre,SUDESTE,96.0,11.706762
202412.0,2024-12-31,85873.0,VIBRA SETE LAGOAS CL,Consumidor Livre,SUDESTE,96.0,11.706762
,2024-12-31,,VIBRA SETE LAGOAS CL,,,96.0,11.706762
202501.0,2025-01-01,85873.0,VIBRA SETE LAGOAS CL,Consumidor Livre,SUDESTE,96.0,6.871672
202501.0,2025-01-01,85873.0,VIBRA SETE LAGOAS CL,Consumidor Livre,SUDESTE,96.0,6.871672
,2025-01-01,,VIBRA SETE LAGOAS CL,,,96.0,6.871672
202501.0,2025-01-02,85873.0,VIBRA SETE LAGOAS CL,Consumidor Livre,SUDESTE,96.0,15.844821
202501.0,2025-01-02,85873.0,VIBRA SETE LAGOAS CL,Consumidor Livre,SUDESTE,96.0,15.844821
,2025-01-02,,VIBRA SETE LAGOAS CL,,,96.0,15.844821
202501.0,2025-01-03,85873.0,VIBRA SETE LAGOAS CL,Consumidor Livre,SUDESTE,96.0,14.954133
202501.0,2025-01-03,85873.0,VIBRA SETE LAGOAS CL,Consumidor Livre,SUDESTE,96.0,14.954133
,2025-01-03,,VIBRA SETE LAGOAS CL,,,96.0,14.954133
202501.0,2025-01-04,85873.0,VIBRA SETE LAGOAS CL,Consumidor Livre,SUDESTE,96.0,14.130671
202501.0,2025-01-04,85873.0,VIBRA SETE LAGOAS CL,Consumidor Livre,SUDESTE,96.0,14.130671
,2025-01-04,,VIBRA SETE LAGOAS CL,,,96.0,14.130671
202501.0,2025-01-05,85873.0,VIBRA SETE LAGOAS CL,Consumidor Livre,SUDESTE,96.0,1.228709
202501.0,2025-01-05,85873.0,VIBRA SETE LAGOAS CL,Consumidor Livre,SUDESTE,96.0,1.228709
,2025-01-05,,VIBRA SETE LAGOAS CL,,,96.0,1.228709
202501.0,2025-01-06,85873.0,VIBRA SETE LAGOAS CL,Consumidor Livre,SUDESTE,96.0,15.647659
202501.0,2025-01-06,85873.0,VIBRA SETE LAGOAS CL,Consumidor Livre,SUDESTE,96.0,15.647659
,2025-01-06,,VIBRA SETE LAGOAS CL,,,96.0,15.647659
202501.0,2025-01-07,85873.0,VIBRA SETE LAGOAS CL,Consumidor Livre,SUDESTE,96.0,14.421846
202501.0,2025-01-07,85873.0,VIBRA SETE LAGOAS CL,Consumidor Livre,SUDESTE,96.0,14.421846
,2025-01-07,,VIBRA SETE LAGOAS CL,,,96.0,14.421846
202501.0,2025-01-08,85873.0,VIBRA SETE LAGOAS CL,Consumidor Livre,SUDESTE,96.0,16.01928
202501.0,2025-01-08,85873.0,VIBRA SETE LAGOAS CL,Consumidor Livre,SUDESTE,96.0,16.01928
,2025-01-08,,VIBRA SETE LAGOAS CL,,,96.0,16.01928
202501.0,2025-01-09,85873.0,VIBRA SETE LAGOAS CL,Consumidor Livre,SUDESTE,96.0,15.592082
202501.0,2025-01-09,85873.0,VIBRA SETE LAGOAS CL,Consumidor Livre,SUDESTE,96.0,15.592082
,2025-01-09,,VIBRA SETE LAGOAS CL,,,96.0,15.592082
202501.0,2025-01-10,85873.0,VIBRA SETE LAGOAS CL,Consumidor Livre,SUDESTE,96.0,15.696375
202501.0,2025-01-10,85873.0,VIBRA SETE LAGOAS CL,Consumidor Livre,SUDESTE,96.0,15.696375
,2025-01-10,,VIBRA SETE LAGOAS CL,,,96.0,15.696375
202501.0,2025-01-11,85873.0,VIBRA SETE LAGOAS CL,Consumidor Livre,SUDESTE,96.0,15.242872
202501.0,2025-01-11,85873.0,VIBRA SETE LAGOAS CL,Consumidor Livre,SUDESTE,96.0,15.242872
,2025-01-11,,VIBRA SETE LAGOAS CL,,,96.0,15.242872
202501.0,2025-01-12,85873.0,VIBRA SETE LAGOAS CL,Consumidor Livre,SUDESTE,96.0,15.099902
202501.0,2025-01-12,85873.0,VIBRA SETE LAGOAS CL,Consumidor Livre,SUDESTE,96.0,15.099902
,2025-01-12,,VIBRA SETE LAGOAS CL,,,96.0,15.099902
202501.0,2025-01-13,85873.0,VIBRA SETE LAGOAS CL,Consumidor Livre,SUDESTE,96.0,14.445186
202501.0,2025-01-13,85873.0,VIBRA SETE LAGOAS CL,Consumidor Livre,SUDESTE,96.0,14.445186
,2025-01-13,,VIBRA SETE LAGOAS CL,,,96.0,14.445186
202501.0,2025-01-14,85873.0,VIBRA SETE LAGOAS CL,Consumidor Livre,SUDESTE,96.0,15.258111
202501.0,2025-01-14,85873.0,VIBRA SETE LAGOAS CL,Consumidor Livre,SUDESTE,96.0,15.258111
,2025-01-14,,VIBRA SETE LAGOAS CL,,,96.0,15.258111
202501.0,2025-01-15,85873.0,VIBRA SETE LAGOAS CL,Consumidor Livre,SUDESTE,96.0,14.606252
202501.0,2025-01-15,85873.0,VIBRA SETE LAGOAS CL,Consumidor Livre,SUDESTE,96.0,14.606252
,2025-01-15,,VIBRA SETE LAGOAS CL,,,96.0,14.606252
202501.0,2025-01-16,85873.0,VIBRA SETE LAGOAS CL,Consumidor Livre,SUDESTE,96.0,15.562366
202501.0,2025-01-16,85873.0,VIBRA SETE LAGOAS CL,Consumidor Livre,SUDESTE,96.0,15.562366
,2025-01-16,,VIBRA SETE LAGOAS CL,,,96.0,15.562366
202501.0,2025-01-17,85873.0,VIBRA SETE LAGOAS CL,Consumidor Livre,SUDESTE,96.0,15.320037
202501.0,2025-01-17,85873.0,VIBRA SETE LAGOAS CL,Consumidor Livre,SUDESTE,96.0,15.320037
,2025-01-17,,VIBRA SETE LAGOAS CL,,,96.0,15.320037
202501.0,2025-01-18,85873.0,VIBRA SETE LAGOAS CL,Consumidor Livre,SUDESTE,96.0,14.36089
202501.0,2025-01-18,85873.0,VIBRA SETE LAGOAS CL,Consumidor Livre,SUDESTE,96.0,14.36089
,2025-01-18,,VIBRA SETE LAGOAS CL,,,96.0,14.36089
202501.0,2025-01-19,85873.0,VIBRA SETE LAGOAS CL,Consumidor Livre,SUDESTE,96.0,10.70904
202501.0,2025-01-19,85873.0,VIBRA SETE LAGOAS CL,Consumidor Livre,SUDESTE,96.0,10.70904
,2025-01-19,,VIBRA SETE LAGOAS CL,,,96.0,10.70904
202501.0,2025-01-20,85873.0,VIBRA SETE LAGOAS CL,Consumidor Livre,SUDESTE,96.0,14.453257
202501.0,2025-01-20,85873.0,VIBRA SETE LAGOAS CL,Consumidor Livre,SUDESTE,96.0,14.453257
,2025-01-20,,VIBRA SETE LAGOAS CL,,,96.0,14.453257
202501.0,2025-01-21,85873.0,VIBRA SETE LAGOAS CL,Consumidor Livre,SUDESTE,96.0,15.572622
202501.0,2025-01-21,85873.0,VIBRA SETE LAGOAS CL,Consumidor Livre,SUDESTE,96.0,15.572622
,2025-01-21,,VIBRA SETE LAGOAS CL,,,96.0,15.572622
202501.0,2025-01-22,85873.0,VIBRA SETE LAGOAS CL,Consumidor Livre,SUDESTE,96.0,16.075718
202501.0,2025-01-22,85873.0,VIBRA SETE LAGOAS CL,Consumidor Livre,SUDESTE,96.0,16.075718
,2025-01-22,,VIBRA SETE LAGOAS CL,,,96.0,16.075718
202501.0,2025-01-23,85873.0,VIBRA SETE LAGOAS CL,Consumidor Livre,SUDESTE,96.0,13.559864
202501.0,2025-01-23,85873.0,VIBRA SETE LAGOAS CL,Consumidor Livre,SUDESTE,96.0,13.559864
,2025-01-23,,VIBRA SETE LAGOAS CL,,,96.0,13.559864
202501.0,2025-01-24,85873.0,VIBRA SETE LAGOAS CL,Consumidor Livre,SUDESTE,96.0,16.228515
202501.0,2025-01-24,85873.0,VIBRA SETE LAGOAS CL,Consumidor Livre,SUDESTE,96.0,16.228515
,2025-01-24,,VIBRA SETE LAGOAS CL,,,96.0,16.228515
202501.0,2025-01-25,85873.0,VIBRA SETE LAGOAS CL,Consumidor Livre,SUDESTE,96.0,16.983228
202501.0,2025-01-25,85873.0,VIBRA SETE LAGOAS CL,Consumidor Livre,SUDESTE,96.0,16.983228
,2025-01-25,,VIBRA SETE LAGOAS CL,,,96.0,16.983228
202501.0,2025-01-26,85873.0,VIBRA SETE LAGOAS CL,Consumidor Livre,SUDESTE,96.0,15.723171
202501.0,2025-01-26,85873.0,VIBRA SETE LAGOAS CL,Consumidor Livre,SUDESTE,96.0,15.723171
,2025-01-26,,VIBRA SETE LAGOAS CL,,,96.0,15.723171
202501.0,2025-01-27,85873.0,VIBRA SETE LAGOAS CL,Consumidor Livre,SUDESTE,96.0,15.185251
202501.0,2025-01-27,85873.0,VIBRA SETE LAGOAS CL,Consumidor Livre,SUDESTE,96.0,15.185251
,2025-01-27,,VIBRA SETE LAGOAS CL,,,96.0,15.185251
202501.0,2025-01-28,85873.0,VIBRA SETE LAGOAS CL,Consumidor Livre,SUDESTE,96.0,16.426724
202501.0,2025-01-28,85873.0,VIBRA SETE LAGOAS CL,Consumidor Livre,SUDESTE,96.0,16.426724
,2025-01-28,,VIBRA SETE LAGOAS CL,,,96.0,16.426724
202501.0,2025-01-29,85873.0,VIBRA SETE LAGOAS CL,Consumidor Livre,SUDESTE,96.0,16.885012
202501.0,2025-01-29,85873.0,VIBRA SETE LAGOAS CL,Consumidor Livre,SUDESTE,96.0,16.885012
,2025-01-29,,VIBRA SETE LAGOAS CL,,,96.0,16.885012
202501.0,2025-01-30,85873.0,VIBRA SETE LAGOAS CL,Consumidor Livre,SUDESTE,96.0,15.905724
202501.0,2025-01-30,85873.0,VIBRA SETE LAGOAS CL,Consumidor Livre,SUDESTE,96.0,15.905724
,2025-01-30,,VIBRA SETE LAGOAS CL,,,96.0,15.905724
202501.0,2025-01-31,85873.0,VIBRA SETE LAGOAS CL,Consumidor Livre,SUDESTE,96.0,14.419557
202501.0,2025-01-31,85873.0,VIBRA SETE LAGOAS CL,Consumidor Livre,SUDESTE,96.0,14.419557
,2025-01-31,,VIBRA SETE LAGOAS CL,,,96.0,14.419557
202502.0,2025-02-01,85873.0,VIBRA SETE LAGOAS CL,Consumidor Livre,SUDESTE,96.0,14.49961
202502.0,2025-02-01,85873.0,VIBRA SETE LAGOAS CL,Consumidor Livre,SUDESTE,96.0,14.49961
,2025-02-01,,VIBRA SETE LAGOAS CL,,,96.0,14.49961
202502.0,2025-02-02,85873.0,VIBRA SETE LAGOAS CL,Consumidor Livre,SUDESTE,96.0,2.038283
202502.0,2025-02-02,85873.0,VIBRA SETE LAGOAS CL,Consumidor Livre,SUDESTE,96.0,2.038283
,2025-02-02,,VIBRA SETE LAGOAS CL,,,96.0,2.038283
202502.0,2025-02-03,85873.0,VIBRA SETE LAGOAS CL,Consumidor Livre,SUDESTE,96.0,13.549451
202502.0,2025-02-03,85873.0,VIBRA SETE LAGOAS CL,Consumidor Livre,SUDESTE,96.0,13.549451
,2025-02-03,,VIBRA SETE LAGOAS CL,,,96.0,13.549451
202502.0,2025-02-04,85873.0,VIBRA SETE LAGOAS CL,Consumidor Livre,SUDESTE,96.0,15.700746
202502.0,2025-02-04,85873.0,VIBRA SETE LAGOAS CL,Consumidor Livre,SUDESTE,96.0,15.700746
,2025-02-04,,VIBRA SETE LAGOAS CL,,,96.0,15.700746
202502.0,2025-02-05,85873.0,VIBRA SETE LAGOAS CL,Consumidor Livre,SUDESTE,96.0,16.080782
202502.0,2025-02-05,85873.0,VIBRA SETE LAGOAS CL,Consumidor Livre,SUDESTE,96.0,16.080782
,2025-02-05,,VIBRA SETE LAGOAS CL,,,96.0,16.080782
202502.0,2025-02-06,85873.0,VIBRA SETE LAGOAS CL,Consumidor Livre,SUDESTE,96.0,15.767151
202502.0,2025-02-06,85873.0,VIBRA SETE LAGOAS CL,Consumidor Livre,SUDESTE,96.0,15.767151
,2025-02-06,,VIBRA SETE LAGOAS CL,,,96.0,15.767151
202502.0,2025-02-07,85873.0,VIBRA SETE LAGOAS CL,Consumidor Livre,SUDESTE,96.0,15.918563
202502.0,2025-02-07,85873.0,VIBRA SETE LAGOAS CL,Consumidor Livre,SUDESTE,96.0,15.918563
,2025-02-07,,VIBRA SETE LAGOAS CL,,,96.0,15.918563
202502.0,2025-02-08,85873.0,VIBRA SETE LAGOAS CL,Consumidor Livre,SUDESTE,96.0,14.220035
202502.0,2025-02-08,85873.0,VIBRA SETE LAGOAS CL,Consumidor Livre,SUDESTE,96.0,14.220035
,2025-02-08,,VIBRA SETE LAGOAS CL,,,96.0,14.220035
202502.0,2025-02-09,85873.0,VIBRA SETE LAGOAS CL,Consumidor Livre,SUDESTE,96.0,1.327569
202502.0,2025-02-09,85873.0,VIBRA SETE LAGOAS CL,Consumidor Livre,SUDESTE,96.0,1.327569
,2025-02-09,,VIBRA SETE LAGOAS CL,,,96.0,1.327569
202502.0,2025-02-10,85873.0,VIBRA SETE LAGOAS CL,Consumidor Livre,SUDESTE,96.0,13.905236
202502.0,2025-02-10,85873.0,VIBRA SETE LAGOAS CL,Consumidor Livre,SUDESTE,96.0,13.905236
,2025-02-10,,VIBRA SETE LAGOAS CL,,,96.0,13.905236
202502.0,2025-02-11,85873.0,VIBRA SETE LAGOAS CL,Consumidor Livre,SUDESTE,96.0,16.042409
202502.0,2025-02-11,85873.0,VIBRA SETE LAGOAS CL,Consumidor Livre,SUDESTE,96.0,16.042409
,2025-02-11,,VIBRA SETE LAGOAS CL,,,96.0,16.042409
202502.0,2025-02-12,85873.0,VIBRA SETE LAGOAS CL,Consumidor Livre,SUDESTE,96.0,16.39473
202502.0,2025-02-12,85873.0,VIBRA SETE LAGOAS CL,Consumidor Livre,SUDESTE,96.0,16.39473
,2025-02-12,,VIBRA SETE LAGOAS CL,,,96.0,16.39473
202502.0,2025-02-13,85873.0,VIBRA SETE LAGOAS CL,Consumidor Livre,SUDESTE,96.0,16.847013
202502.0,2025-02-13,85873.0,VIBRA SETE LAGOAS CL,Consumidor Livre,SUDESTE,96.0,16.847013
,2025-02-13,,VIBRA SETE LAGOAS CL,,,96.0,16.847013
202502.0,2025-02-14,85873.0,VIBRA SETE LAGOAS CL,Consumidor Livre,SUDESTE,96.0,17.276412
202502.0,2025-02-14,85873.0,VIBRA SETE LAGOAS CL,Consumidor Livre,SUDESTE,96.0,17.276412
,2025-02-14,,VIBRA SETE LAGOAS CL,,,96.0,17.276412
202502.0,2025-02-15,85873.0,VIBRA SETE LAGOAS CL,Consumidor Livre,SUDESTE,96.0,14.136013
202502.0,2025-02-15,85873.0,VIBRA SETE LAGOAS CL,Consumidor Livre,SUDESTE,96.0,14.136013
,2025-02-15,,VIBRA SETE LAGOAS CL,,,96.0,14.136013
202502.0,2025-02-16,85873.0,VIBRA SETE LAGOAS CL,Consumidor Livre,SUDESTE,96.0,6.045502
202502.0,2025-02-16,85873.0,VIBRA SETE LAGOAS CL,Consumidor Livre,SUDESTE,96.0,6.045502
,2025-02-16,,VIBRA SETE LAGOAS CL,,,96.0,6.045502
202502.0,2025-02-17,85873.0,VIBRA SETE LAGOAS CL,Consumidor Livre,SUDESTE,96.0,13.816762
202502.0,2025-02-17,85873.0,VIBRA SETE LAGOAS CL,Consumidor Livre,SUDESTE,96.0,13.816762
,2025-02-17,,VIBRA SETE LAGOAS CL,,,96.0,13.816762
202502.0,2025-02-18,85873.0,VIBRA SETE LAGOAS CL,Consumidor Livre,SUDESTE,96.0,16.70371
202502.0,2025-02-18,85873.0,VIBRA SETE LAGOAS CL,Consumidor Livre,SUDESTE,96.0,16.70371
,2025-02-18,,VIBRA SETE LAGOAS CL,,,96.0,16.70371
202502.0,2025-02-19,85873.0,VIBRA SETE LAGOAS CL,Consumidor Livre,SUDESTE,96.0,15.456474
202502.0,2025-02-19,85873.0,VIBRA SETE LAGOAS CL,Consumidor Livre,SUDESTE,96.0,15.456474
,2025-02-19,,VIBRA SETE LAGOAS CL,,,96.0,15.456474
202502.0,2025-02-20,85873.0,VIBRA SETE LAGOAS CL,Consumidor Livre,SUDESTE,96.0,13.907002
202502.0,2025-02-20,85873.0,VIBRA SETE LAGOAS CL,Consumidor Livre,SUDESTE,96.0,13.907002
,2025-02-20,,VIBRA SETE LAGOAS CL,,,96.0,13.907002
202502.0,2025-02-21,85873.0,VIBRA SETE LAGOAS CL,Consumidor Livre,SUDESTE,96.0,15.405442
202502.0,2025-02-21,85873.0,VIBRA SETE LAGOAS CL,Consumidor Livre,SUDESTE,96.0,15.405442
,2025-02-21,,VIBRA SETE LAGOAS CL,,,96.0,15.405442
202502.0,2025-02-22,85873.0,VIBRA SETE LAGOAS CL,Consumidor Livre,SUDESTE,96.0,13.981914
202502.0,2025-02-22,85873.0,VIBRA SETE LAGOAS CL,Consumidor Livre,SUDESTE,96.0,13.981914
,2025-02-22,,VIBRA SETE LAGOAS CL,,,96.0,13.981914
202502.0,2025-02-23,85873.0,VIBRA SETE LAGOAS CL,Consumidor Livre,SUDESTE,96.0,6.5274730000000005
202502.0,2025-02-23,85873.0,VIBRA SETE LAGOAS CL,Consumidor Livre,SUDESTE,96.0,6.5274730000000005
,2025-02-23,,VIBRA SETE LAGOAS CL,,,96.0,6.5274730000000005
202502.0,2025-02-24,85873.0,VIBRA SETE LAGOAS CL,Consumidor Livre,SUDESTE,96.0,15.699207
202502.0,2025-02-24,85873.0,VIBRA SETE LAGOAS CL,Consumidor Livre,SUDESTE,96.0,15.699207
,2025-02-24,,VIBRA SETE LAGOAS CL,,,96.0,15.699207
202502.0,2025-02-25,85873.0,VIBRA SETE LAGOAS CL,Consumidor Livre,SUDESTE,96.0,11.103252
202502.0,2025-02-25,85873.0,VIBRA SETE LAGOAS CL,Consumidor Livre,SUDESTE,96.0,11.103252
,2025-02-25,,VIBRA SETE LAGOAS CL,,,96.0,11.103252
202502.0,2025-02-26,85873.0,VIBRA SETE LAGOAS CL,Consumidor Livre,SUDESTE,96.0,14.932997
202502.0,2025-02-26,85873.0,VIBRA SETE LAGOAS CL,Consumidor Livre,SUDESTE,96.0,14.932997
,2025-02-26,,VIBRA SETE LAGOAS CL,,,96.0,14.932997
202502.0,2025-02-27,85873.0,VIBRA SETE LAGOAS CL,Consumidor Livre,SUDESTE,96.0,15.809671
202502.0,2025-02-27,85873.0,VIBRA SETE LAGOAS CL,Consumidor Livre,SUDESTE,96.0,15.809671
,2025-02-27,,VIBRA SETE LAGOAS CL,,,96.0,15.809671
202502.0,2025-02-28,85873.0,VIBRA SETE LAGOAS CL,Consumidor Livre,SUDESTE,96.0,15.965763
202502.0,2025-02-28,85873.0,VIBRA SETE LAGOAS CL,Consumidor Livre,SUDESTE,96.0,15.965763
,2025-02-28,,VIBRA SETE LAGOAS CL,,,96.0,15.965763
202503.0,2025-03-01,85873.0,VIBRA SETE LAGOAS CL,Consumidor Livre,SUDESTE,96.0,13.072001
202503.0,2025-03-01,85873.0,VIBRA SETE LAGOAS CL,Consumidor Livre,SUDESTE,96.0,13.072001
,2025-03-01,,VIBRA SETE LAGOAS CL,,,96.0,13.072001
202503.0,2025-03-02,85873.0,VIBRA SETE LAGOAS CL,Consumidor Livre,SUDESTE,96.0,14.239504
202503.0,2025-03-02,85873.0,VIBRA SETE LAGOAS CL,Consumidor Livre,SUDESTE,96.0,14.239504
,2025-03-02,,VIBRA SETE LAGOAS CL,,,96.0,14.239504
202503.0,2025-03-03,85873.0,VIBRA SETE LAGOAS CL,Consumidor Livre,SUDESTE,96.0,14.517272
202503.0,2025-03-03,85873.0,VIBRA SETE LAGOAS CL,Consumidor Livre,SUDESTE,96.0,14.517272
,2025-03-03,,VIBRA SETE LAGOAS CL,,,96.0,14.517272
202503.0,2025-03-04,85873.0,VIBRA SETE LAGOAS CL,Consumidor Livre,SUDESTE,96.0,15.504264
202503.0,2025-03-04,85873.0,VIBRA SETE LAGOAS CL,Consumidor Livre,SUDESTE,96.0,15.504264
,2025-03-04,,VIBRA SETE LAGOAS CL,,,96.0,15.504264
202503.0,2025-03-05,85873.0,VIBRA SETE LAGOAS CL,Consumidor Livre,SUDESTE,96.0,15.898892
202503.0,2025-03-05,85873.0,VIBRA SETE LAGOAS CL,Consumidor Livre,SUDESTE,96.0,15.898892
,2025-03-05,,VIBRA SETE LAGOAS CL,,,96.0,15.898892
202503.0,2025-03-06,85873.0,VIBRA SETE LAGOAS CL,Consumidor Livre,SUDESTE,96.0,14.847541
202503.0,2025-03-06,85873.0,VIBRA SETE LAGOAS CL,Consumidor Livre,SUDESTE,96.0,14.847541
,2025-03-06,,VIBRA SETE LAGOAS CL,,,96.0,14.847541
202503.0,2025-03-07,85873.0,VIBRA SETE LAGOAS CL,Consumidor Livre,SUDESTE,96.0,15.581267
202503.0,2025-03-07,85873.0,VIBRA SETE LAGOAS CL,Consumidor Livre,SUDESTE,96.0,15.581267
,2025-03-07,,VIBRA SETE LAGOAS CL,,,96.0,15.581267
202503.0,2025-03-08,85873.0,VIBRA SETE LAGOAS CL,Consumidor Livre,SUDESTE,96.0,13.42201
202503.0,2025-03-08,85873.0,VIBRA SETE LAGOAS CL,Consumidor Livre,SUDESTE,96.0,13.42201
,2025-03-08,,VIBRA SETE LAGOAS CL,,,96.0,13.42201
202503.0,2025-03-09,85873.0,VIBRA SETE LAGOAS CL,Consumidor Livre,SUDESTE,96.0,1.698655
202503.0,2025-03-09,85873.0,VIBRA SETE LAGOAS CL,Consumidor Livre,SUDESTE,96.0,1.698655
,2025-03-09,,VIBRA SETE LAGOAS CL,,,96.0,1.698655
202503.0,2025-03-10,85873.0,VIBRA SETE LAGOAS CL,Consumidor Livre,SUDESTE,96.0,15.531999
202503.0,2025-03-10,85873.0,VIBRA SETE LAGOAS CL,Consumidor Livre,SUDESTE,96.0,15.531999
,2025-03-10,,VIBRA SETE LAGOAS CL,,,96.0,15.531999
202503.0,2025-03-11,85873.0,VIBRA SETE LAGOAS CL,Consumidor Livre,SUDESTE,96.0,16.127376
202503.0,2025-03-11,85873.0,VIBRA SETE LAGOAS CL,Consumidor Livre,SUDESTE,96.0,16.127376
,2025-03-11,,VIBRA SETE LAGOAS CL,,,96.0,16.127376
202503.0,2025-03-12,85873.0,VIBRA SETE LAGOAS CL,Consumidor Livre,SUDESTE,96.0,15.404558
202503.0,2025-03-12,85873.0,VIBRA SETE LAGOAS CL,Consumidor Livre,SUDESTE,96.0,15.404558
,2025-03-12,,VIBRA SETE LAGOAS CL,,,96.0,15.404558
202503.0,2025-03-13,85873.0,VIBRA SETE LAGOAS CL,Consumidor Livre,SUDESTE,96.0,15.863373
202503.0,2025-03-13,85873.0,VIBRA SETE LAGOAS CL,Consumidor Livre,SUDESTE,96.0,15.863373
,2025-03-13,,VIBRA SETE LAGOAS CL,,,96.0,15.863373
202503.0,2025-03-14,85873.0,VIBRA SETE LAGOAS CL,Consumidor Livre,SUDESTE,96.0,15.819653
202503.0,2025-03-14,85873.0,VIBRA SETE LAGOAS CL,Consumidor Livre,SUDESTE,96.0,15.819653
,2025-03-14,,VIBRA SETE LAGOAS CL,,,96.0,15.819653
202503.0,2025-03-15,85873.0,VIBRA SETE LAGOAS CL,Consumidor Livre,SUDESTE,96.0,15.84946
202503.0,2025-03-15,85873.0,VIBRA SETE LAGOAS CL,Consumidor Livre,SUDESTE,96.0,15.84946
,2025-03-15,,VIBRA SETE LAGOAS CL,,,96.0,15.84946
202503.0,2025-03-16,85873.0,VIBRA SETE LAGOAS CL,Consumidor Livre,SUDESTE,96.0,5.878889
202503.0,2025-03-16,85873.0,VIBRA SETE LAGOAS CL,Consumidor Livre,SUDESTE,96.0,5.878889
,2025-03-16,,VIBRA SETE LAGOAS CL,,,96.0,5.878889
202503.0,2025-03-17,85873.0,VIBRA SETE LAGOAS CL,Consumidor Livre,SUDESTE,96.0,14.381659
202503.0,2025-03-17,85873.0,VIBRA SETE LAGOAS CL,Consumidor Livre,SUDESTE,96.0,14.381659
,2025-03-17,,VIBRA SETE LAGOAS CL,,,96.0,14.381659
202503.0,2025-03-18,85873.0,VIBRA SETE LAGOAS CL,Consumidor Livre,SUDESTE,96.0,16.293427
202503.0,2025-03-18,85873.0,VIBRA SETE LAGOAS CL,Consumidor Livre,SUDESTE,96.0,16.293427
,2025-03-18,,VIBRA SETE LAGOAS CL,,,96.0,16.293427
202503.0,2025-03-19,85873.0,VIBRA SETE LAGOAS CL,Consumidor Livre,SUDESTE,96.0,14.821607
202503.0,2025-03-19,85873.0,VIBRA SETE LAGOAS CL,Consumidor Livre,SUDESTE,96.0,14.821607
,2025-03-19,,VIBRA SETE LAGOAS CL,,,96.0,14.821607
202503.0,2025-03-20,85873.0,VIBRA SETE LAGOAS CL,Consumidor Livre,SUDESTE,96.0,16.687274
202503.0,2025-03-20,85873.0,VIBRA SETE LAGOAS CL,Consumidor Livre,SUDESTE,96.0,16.687274
,2025-03-20,,VIBRA SETE LAGOAS CL,,,96.0,16.687274
202503.0,2025-03-21,85873.0,VIBRA SETE LAGOAS CL,Consumidor Livre,SUDESTE,96.0,15.333214
202503.0,2025-03-21,85873.0,VIBRA SETE LAGOAS CL,Consumidor Livre,SUDESTE,96.0,15.333214
,2025-03-21,,VIBRA SETE LAGOAS CL,,,96.0,15.333214
202503.0,2025-03-22,85873.0,VIBRA SETE LAGOAS CL,Consumidor Livre,SUDESTE,96.0,15.939668
202503.0,2025-03-22,85873.0,VIBRA SETE LAGOAS CL,Consumidor Livre,SUDESTE,96.0,15.939668
,2025-03-22,,VIBRA SETE LAGOAS CL,,,96.0,15.939668
202503.0,2025-03-23,85873.0,VIBRA SETE LAGOAS CL,Consumidor Livre,SUDESTE,96.0,13.247542
202503.0,2025-03-23,85873.0,VIBRA SETE LAGOAS CL,Consumidor Livre,SUDESTE,96.0,13.247542
,2025-03-23,,VIBRA SETE LAGOAS CL,,,96.0,13.247542
202503.0,2025-03-24,85873.0,VIBRA SETE LAGOAS CL,Consumidor Livre,SUDESTE,96.0,15.802228
202503.0,2025-03-24,85873.0,VIBRA SETE LAGOAS CL,Consumidor Livre,SUDESTE,96.0,15.802228
,2025-03-24,,VIBRA SETE LAGOAS CL,,,96.0,15.802228
202503.0,2025-03-25,85873.0,VIBRA SETE LAGOAS CL,Consumidor Livre,SUDESTE,96.0,15.713115
202503.0,2025-03-25,85873.0,VIBRA SETE LAGOAS CL,Consumidor Livre,SUDESTE,96.0,15.713115
,2025-03-25,,VIBRA SETE LAGOAS CL,,,96.0,15.713115
202503.0,2025-03-26,85873.0,VIBRA SETE LAGOAS CL,Consumidor Livre,SUDESTE,96.0,15.981687
202503.0,2025-03-26,85873.0,VIBRA SETE LAGOAS CL,Consumidor Livre,SUDESTE,96.0,15.981687
,2025-03-26,,VIBRA SETE LAGOAS CL,,,96.0,15.981687
202503.0,2025-03-27,85873.0,VIBRA SETE LAGOAS CL,Consumidor Livre,SUDESTE,96.0,16.275807
202503.0,2025-03-27,85873.0,VIBRA SETE LAGOAS CL,Consumidor Livre,SUDESTE,96.0,16.275807
,2025-03-27,,VIBRA SETE LAGOAS CL,,,96.0,16.275807
202503.0,2025-03-28,85873.0,VIBRA SETE LAGOAS CL,Consumidor Livre,SUDESTE,96.0,15.112701
202503.0,2025-03-28,85873.0,VIBRA SETE LAGOAS CL,Consumidor Livre,SUDESTE,96.0,15.112701
,2025-03-28,,VIBRA SETE LAGOAS CL,,,96.0,15.112701
202503.0,2025-03-29,85873.0,VIBRA SETE LAGOAS CL,Consumidor Livre,SUDESTE,96.0,15.437253
202503.0,2025-03-29,85873.0,VIBRA SETE LAGOAS CL,Consumidor Livre,SUDESTE,96.0,15.437253
,2025-03-29,,VIBRA SETE LAGOAS CL,,,96.0,15.437253
202503.0,2025-03-30,85873.0,VIBRA SETE LAGOAS CL,Consumidor Livre,SUDESTE,96.0,5.643365
202503.0,2025-03-30,85873.0,VIBRA SETE LAGOAS CL,Consumidor Livre,SUDESTE,96.0,5.643365
,2025-03-30,,VIBRA SETE LAGOAS CL,,,96.0,5.643365
202503.0,2025-03-31,85873.0,VIBRA SETE LAGOAS CL,Consumidor Livre,SUDESTE,96.0,3.43659
202503.0,2025-03-31,85873.0,VIBRA SETE LAGOAS CL,Consumidor Livre,SUDESTE,96.0,3.43659
,2025-03-31,,VIBRA SETE LAGOAS CL,,,96.0,3.43659
202504.0,2025-04-01,85873.0,VIBRA SETE LAGOAS CL,Consumidor Livre,SUDESTE,96.0,15.949647
202504.0,2025-04-01,85873.0,VIBRA SETE LAGOAS CL,Consumidor Livre,SUDESTE,96.0,15.949647
,2025-04-01,,VIBRA SETE LAGOAS CL,,,96.0,15.949647
202504.0,2025-04-02,85873.0,VIBRA SETE LAGOAS CL,Consumidor Livre,SUDESTE,96.0,15.988278
202504.0,2025-04-02,85873.0,VIBRA SETE LAGOAS CL,Consumidor Livre,SUDESTE,96.0,15.988278
,2025-04-02,,VIBRA SETE LAGOAS CL,,,96.0,15.988278
202504.0,2025-04-03,85873.0,VIBRA SETE LAGOAS CL,Consumidor Livre,SUDESTE,96.0,15.664137
202504.0,2025-04-03,85873.0,VIBRA SETE LAGOAS CL,Consumidor Livre,SUDESTE,96.0,15.664137
,2025-04-03,,VIBRA SETE LAGOAS CL,,,96.0,15.664137
202504.0,2025-04-04,85873.0,VIBRA SETE LAGOAS CL,Consumidor Livre,SUDESTE,96.0,15.592949
202504.0,2025-04-04,85873.0,VIBRA SETE LAGOAS CL,Consumidor Livre,SUDESTE,96.0,15.592949
,2025-04-04,,VIBRA SETE LAGOAS CL,,,96.0,15.592949
202504.0,2025-04-05,85873.0,VIBRA SETE LAGOAS CL,Consumidor Livre,SUDESTE,96.0,15.412215
202504.0,2025-04-05,85873.0,VIBRA SETE LAGOAS CL,Consumidor Livre,SUDESTE,96.0,15.412215
,2025-04-05,,VIBRA SETE LAGOAS CL,,,96.0,15.412215
202504.0,2025-04-06,85873.0,VIBRA SETE LAGOAS CL,Consumidor Livre,SUDESTE,96.0,10.155908
202504.0,2025-04-06,85873.0,VIBRA SETE LAGOAS CL,Consumidor Livre,SUDESTE,96.0,10.155908
,2025-04-06,,VIBRA SETE LAGOAS CL,,,96.0,10.155908
202504.0,2025-04-07,85873.0,VIBRA SETE LAGOAS CL,Consumidor Livre,SUDESTE,96.0,14.667487
202504.0,2025-04-07,85873.0,VIBRA SETE LAGOAS CL,Consumidor Livre,SUDESTE,96.0,14.667487
,2025-04-07,,VIBRA SETE LAGOAS CL,,,96.0,14.667487
202504.0,2025-04-08,85873.0,VIBRA SETE LAGOAS CL,Consumidor Livre,SUDESTE,96.0,15.390587
202504.0,2025-04-08,85873.0,VIBRA SETE LAGOAS CL,Consumidor Livre,SUDESTE,96.0,15.390587
,2025-04-08,,VIBRA SETE LAGOAS CL,,,96.0,15.390587
202504.0,2025-04-09,85873.0,VIBRA SETE LAGOAS CL,Consumidor Livre,SUDESTE,96.0,14.958644
202504.0,2025-04-09,85873.0,VIBRA SETE LAGOAS CL,Consumidor Livre,SUDESTE,96.0,14.958644
,2025-04-09,,VIBRA SETE LAGOAS CL,,,96.0,14.958644
202504.0,2025-04-10,85873.0,VIBRA SETE LAGOAS CL,Consumidor Livre,SUDESTE,96.0,15.988062
202504.0,2025-04-10,85873.0,VIBRA SETE LAGOAS CL,Consumidor Livre,SUDESTE,96.0,15.988062
,2025-04-10,,VIBRA SETE LAGOAS CL,,,96.0,15.988062
202504.0,2025-04-11,85873.0,VIBRA SETE LAGOAS CL,Consumidor Livre,SUDESTE,96.0,12.240443
202504.0,2025-04-11,85873.0,VIBRA SETE LAGOAS CL,Consumidor Livre,SUDESTE,96.0,12.240443
,2025-04-11,,VIBRA SETE LAGOAS CL,,,96.0,12.240443
202504.0,2025-04-12,85873.0,VIBRA SETE LAGOAS CL,Consumidor Livre,SUDESTE,96.0,14.628023
202504.0,2025-04-12,85873.0,VIBRA SETE LAGOAS CL,Consumidor Livre,SUDESTE,96.0,14.628023
,2025-04-12,,VIBRA SETE LAGOAS CL,,,96.0,14.628023
202504.0,2025-04-13,85873.0,VIBRA SETE LAGOAS CL,Consumidor Livre,SUDESTE,96.0,12.780834
202504.0,2025-04-13,85873.0,VIBRA SETE LAGOAS CL,Consumidor Livre,SUDESTE,96.0,12.780834
,2025-04-13,,VIBRA SETE LAGOAS CL,,,96.0,12.780834
202504.0,2025-04-14,85873.0,VIBRA SETE LAGOAS CL,Consumidor Livre,SUDESTE,96.0,15.691707
202504.0,2025-04-14,85873.0,VIBRA SETE LAGOAS CL,Consumidor Livre,SUDESTE,96.0,15.691707
,2025-04-14,,VIBRA SETE LAGOAS CL,,,96.0,15.691707
202504.0,2025-04-15,85873.0,VIBRA SETE LAGOAS CL,Consumidor Livre,SUDESTE,96.0,15.58648
202504.0,2025-04-15,85873.0,VIBRA SETE LAGOAS CL,Consumidor Livre,SUDESTE,96.0,15.58648
,2025-04-15,,VIBRA SETE LAGOAS CL,,,96.0,15.58648
202504.0,2025-04-16,85873.0,VIBRA SETE LAGOAS CL,Consumidor Livre,SUDESTE,96.0,16.359703
202504.0,2025-04-16,85873.0,VIBRA SETE LAGOAS CL,Consumidor Livre,SUDESTE,96.0,16.359703
,2025-04-16,,VIBRA SETE LAGOAS CL,,,96.0,16.359703
202504.0,2025-04-17,85873.0,VIBRA SETE LAGOAS CL,Consumidor Livre,SUDESTE,96.0,15.955868
202504.0,2025-04-17,85873.0,VIBRA SETE LAGOAS CL,Consumidor Livre,SUDESTE,96.0,15.955868
,2025-04-17,,VIBRA SETE LAGOAS CL,,,96.0,15.955868
202504.0,2025-04-18,85873.0,VIBRA SETE LAGOAS CL,Consumidor Livre,SUDESTE,96.0,15.426269
202504.0,2025-04-18,85873.0,VIBRA SETE LAGOAS CL,Consumidor Livre,SUDESTE,96.0,15.426269
,2025-04-18,,VIBRA SETE LAGOAS CL,,,96.0,15.426269
202504.0,2025-04-19,85873.0,VIBRA SETE LAGOAS CL,Consumidor Livre,SUDESTE,96.0,14.194398
202504.0,2025-04-19,85873.0,VIBRA SETE LAGOAS CL,Consumidor Livre,SUDESTE,96.0,14.194398
,2025-04-19,,VIBRA SETE LAGOAS CL,,,96.0,14.194398
202504.0,2025-04-20,85873.0,VIBRA SETE LAGOAS CL,Consumidor Livre,SUDESTE,96.0,8.000732
202504.0,2025-04-20,85873.0,VIBRA SETE LAGOAS CL,Consumidor Livre,SUDESTE,96.0,8.000732
,2025-04-20,,VIBRA SETE LAGOAS CL,,,96.0,8.000732
202504.0,2025-04-21,85873.0,VIBRA SETE LAGOAS CL,Consumidor Livre,SUDESTE,96.0,12.273215
202504.0,2025-04-21,85873.0,VIBRA SETE LAGOAS CL,Consumidor Livre,SUDESTE,96.0,12.273215
,2025-04-21,,VIBRA SETE LAGOAS CL,,,96.0,12.273215
202504.0,2025-04-22,85873.0,VIBRA SETE LAGOAS CL,Consumidor Livre,SUDESTE,96.0,15.864371
202504.0,2025-04-22,85873.0,VIBRA SETE LAGOAS CL,Consumidor Livre,SUDESTE,96.0,15.864371
,2025-04-22,,VIBRA SETE LAGOAS CL,,,96.0,15.864371
202504.0,2025-04-23,85873.0,VIBRA SETE LAGOAS CL,Consumidor Livre,SUDESTE,96.0,14.57146
202504.0,2025-04-23,85873.0,VIBRA SETE LAGOAS CL,Consumidor Livre,SUDESTE,96.0,14.57146
,2025-04-23,,VIBRA SETE LAGOAS CL,,,96.0,14.57146
202504.0,2025-04-24,85873.0,VIBRA SETE LAGOAS CL,Consumidor Livre,SUDESTE,96.0,15.300802
202504.0,2025-04-24,85873.0,VIBRA SETE LAGOAS CL,Consumidor Livre,SUDESTE,96.0,15.300802
,2025-04-24,,VIBRA SETE LAGOAS CL,,,96.0,15.300802
202504.0,2025-04-25,85873.0,VIBRA SETE LAGOAS CL,Consumidor Livre,SUDESTE,96.0,16.402518
202504.0,2025-04-25,85873.0,VIBRA SETE LAGOAS CL,Consumidor Livre,SUDESTE,96.0,16.402518
,2025-04-25,,VIBRA SETE LAGOAS CL,,,96.0,16.402518
202504.0,2025-04-26,85873.0,VIBRA SETE LAGOAS CL,Consumidor Livre,SUDESTE,96.0,13.84341
202504.0,2025-04-26,85873.0,VIBRA SETE LAGOAS CL,Consumidor Livre,SUDESTE,96.0,13.84341
,2025-04-26,,VIBRA SETE LAGOAS CL,,,96.0,13.84341
202504.0,2025-04-27,85873.0,VIBRA SETE LAGOAS CL,Consumidor Livre,SUDESTE,96.0,11.571357
202504.0,2025-04-27,85873.0,VIBRA SETE LAGOAS CL,Consumidor Livre,SUDESTE,96.0,11.571357
,2025-04-27,,VIBRA SETE LAGOAS CL,,,96.0,11.571357
202504.0,2025-04-28,85873.0,VIBRA SETE LAGOAS CL,Consumidor Livre,SUDESTE,96.0,13.005099
202504.0,2025-04-28,85873.0,VIBRA SETE LAGOAS CL,Consumidor Livre,SUDESTE,96.0,13.005099
,2025-04-28,,VIBRA SETE LAGOAS CL,,,96.0,13.005099
202504.0,2025-04-29,85873.0,VIBRA SETE LAGOAS CL,Consumidor Livre,SUDESTE,96.0,14.744681
202504.0,2025-04-29,85873.0,VIBRA SETE LAGOAS CL,Consumidor Livre,SUDESTE,96.0,14.744681
,2025-04-29,,VIBRA SETE LAGOAS CL,,,96.0,14.744681
202504.0,2025-04-30,85873.0,VIBRA SETE LAGOAS CL,Consumidor Livre,SUDESTE,96.0,14.680472
202504.0,2025-04-30,85873.0,VIBRA SETE LAGOAS CL,Consumidor Livre,SUDESTE,96.0,14.680472
,2025-04-30,,VIBRA SETE LAGOAS CL,,,96.0,14.680472
202505.0,2025-05-01,85873.0,VIBRA SETE LAGOAS CL,Consumidor Livre,SUDESTE,96.0,13.810573
202505.0,2025-05-01,85873.0,VIBRA SETE LAGOAS CL,Consumidor Livre,SUDESTE,96.0,13.810573
,2025-05-01,,VIBRA SETE LAGOAS CL,,,96.0,13.810573
202505.0,2025-05-02,85873.0,VIBRA SETE LAGOAS CL,Consumidor Livre,SUDESTE,96.0,13.141815
202505.0,2025-05-02,85873.0,VIBRA SETE LAGOAS CL,Consumidor Livre,SUDESTE,96.0,13.141815
,2025-05-02,,VIBRA SETE LAGOAS CL,,,96.0,13.141815
202505.0,2025-05-03,85873.0,VIBRA SETE LAGOAS CL,Consumidor Livre,SUDESTE,96.0,14.248594
202505.0,2025-05-03,85873.0,VIBRA SETE LAGOAS CL,Consumidor Livre,SUDESTE,96.0,14.248594
,2025-05-03,,VIBRA SETE LAGOAS CL,,,96.0,14.248594
202505.0,2025-05-04,85873.0,VIBRA SETE LAGOAS CL,Consumidor Livre,SUDESTE,96.0,14.321423
202505.0,2025-05-04,85873.0,VIBRA SETE LAGOAS CL,Consumidor Livre,SUDESTE,96.0,14.321423
,2025-05-04,,VIBRA SETE LAGOAS CL,,,96.0,14.321423
202505.0,2025-05-05,85873.0,VIBRA SETE LAGOAS CL,Consumidor Livre,SUDESTE,96.0,13.36272
202505.0,2025-05-05,85873.0,VIBRA SETE LAGOAS CL,Consumidor Livre,SUDESTE,96.0,13.36272
,2025-05-05,,VIBRA SETE LAGOAS CL,,,96.0,13.36272
202505.0,2025-05-06,85873.0,VIBRA SETE LAGOAS CL,Consumidor Livre,SUDESTE,96.0,14.189433
202505.0,2025-05-06,85873.0,VIBRA SETE LAGOAS CL,Consumidor Livre,SUDESTE,96.0,14.189433
,2025-05-06,,VIBRA SETE LAGOAS CL,,,96.0,14.189433
202505.0,2025-05-07,85873.0,VIBRA SETE LAGOAS CL,Consumidor Livre,SUDESTE,96.0,14.789618
202505.0,2025-05-07,85873.0,VIBRA SETE LAGOAS CL,Consumidor Livre,SUDESTE,96.0,14.789618
,2025-05-07,,VIBRA SETE LAGOAS CL,,,96.0,14.789618
202505.0,2025-05-08,85873.0,VIBRA SETE LAGOAS CL,Consumidor Livre,SUDESTE,96.0,12.513192
202505.0,2025-05-08,85873.0,VIBRA SETE LAGOAS CL,Consumidor Livre,SUDESTE,96.0,12.513192
,2025-05-08,,VIBRA SETE LAGOAS CL,,,96.0,12.513192
202505.0,2025-05-09,85873.0,VIBRA SETE LAGOAS CL,Consumidor Livre,SUDESTE,96.0,13.429532
202505.0,2025-05-09,85873.0,VIBRA SETE LAGOAS CL,Consumidor Livre,SUDESTE,96.0,13.429532
,2025-05-09,,VIBRA SETE LAGOAS CL,,,96.0,13.429532
202505.0,2025-05-10,85873.0,VIBRA SETE LAGOAS CL,Consumidor Livre,SUDESTE,96.0,14.843332
202505.0,2025-05-10,85873.0,VIBRA SETE LAGOAS CL,Consumidor Livre,SUDESTE,96.0,14.843332
,2025-05-10,,VIBRA SETE LAGOAS CL,,,96.0,14.843332
202505.0,2025-05-11,85873.0,VIBRA SETE LAGOAS CL,Consumidor Livre,SUDESTE,96.0,14.259138
202505.0,2025-05-11,85873.0,VIBRA SETE LAGOAS CL,Consumidor Livre,SUDESTE,96.0,14.259138
,2025-05-11,,VIBRA SETE LAGOAS CL,,,96.0,14.259138
202505.0,2025-05-12,85873.0,VIBRA SETE LAGOAS CL,Consumidor Livre,SUDESTE,96.0,14.131259
202505.0,2025-05-12,85873.0,VIBRA SETE LAGOAS CL,Consumidor Livre,SUDESTE,96.0,14.131259
,2025-05-12,,VIBRA SETE LAGOAS CL,,,96.0,14.131259
202505.0,2025-05-13,85873.0,VIBRA SETE LAGOAS CL,Consumidor Livre,SUDESTE,96.0,15.235632
202505.0,2025-05-13,85873.0,VIBRA SETE LAGOAS CL,Consumidor Livre,SUDESTE,96.0,15.235632
,2025-05-13,,VIBRA SETE LAGOAS CL,,,96.0,15.235632
202505.0,2025-05-14,85873.0,VIBRA SETE LAGOAS CL,Consumidor Livre,SUDESTE,96.0,14.701848
202505.0,2025-05-14,85873.0,VIBRA SETE LAGOAS CL,Consumidor Livre,SUDESTE,96.0,14.701848
,2025-05-14,,VIBRA SETE LAGOAS CL,,,96.0,14.701848
202505.0,2025-05-15,85873.0,VIBRA SETE LAGOAS CL,Consumidor Livre,SUDESTE,96.0,15.735316
202505.0,2025-05-15,85873.0,VIBRA SETE LAGOAS CL,Consumidor Livre,SUDESTE,96.0,15.735316
,2025-05-15,,VIBRA SETE LAGOAS CL,,,96.0,15.735316
202505.0,2025-05-16,85873.0,VIBRA SETE LAGOAS CL,Consumidor Livre,SUDESTE,96.0,15.267174
202505.0,2025-05-16,85873.0,VIBRA SETE LAGOAS CL,Consumidor Livre,SUDESTE,96.0,15.267174
,2025-05-16,,VIBRA SETE LAGOAS CL,,,96.0,15.267174
202505.0,2025-05-17,85873.0,VIBRA SETE LAGOAS CL,Consumidor Livre,SUDESTE,96.0,15.792588
202505.0,2025-05-17,85873.0,VIBRA SETE LAGOAS CL,Consumidor Livre,SUDESTE,96.0,15.792588
,2025-05-17,,VIBRA SETE LAGOAS CL,,,96.0,15.792588
202505.0,2025-05-18,85873.0,VIBRA SETE LAGOAS CL,Consumidor Livre,SUDESTE,96.0,11.900857
202505.0,2025-05-18,85873.0,VIBRA SETE LAGOAS CL,Consumidor Livre,SUDESTE,96.0,11.900857
,2025-05-18,,VIBRA SETE LAGOAS CL,,,96.0,11.900857
202505.0,2025-05-19,85873.0,VIBRA SETE LAGOAS CL,Consumidor Livre,SUDESTE,96.0,14.70123
202505.0,2025-05-19,85873.0,VIBRA SETE LAGOAS CL,Consumidor Livre,SUDESTE,96.0,14.70123
,2025-05-19,,VIBRA SETE LAGOAS CL,,,96.0,14.70123
202505.0,2025-05-20,85873.0,VIBRA SETE LAGOAS CL,Consumidor Livre,SUDESTE,96.0,15.45357
202505.0,2025-05-20,85873.0,VIBRA SETE LAGOAS CL,Consumidor Livre,SUDESTE,96.0,15.45357
,2025-05-20,,VIBRA SETE LAGOAS CL,,,96.0,15.45357
202505.0,2025-05-21,85873.0,VIBRA SETE LAGOAS CL,Consumidor Livre,SUDESTE,96.0,14.409011
202505.0,2025-05-21,85873.0,VIBRA SETE LAGOAS CL,Consumidor Livre,SUDESTE,96.0,14.409011
,2025-05-21,,VIBRA SETE LAGOAS CL,,,96.0,14.409011
202505.0,2025-05-22,85873.0,VIBRA SETE LAGOAS CL,Consumidor Livre,SUDESTE,96.0,16.258069
202505.0,2025-05-22,85873.0,VIBRA SETE LAGOAS CL,Consumidor Livre,SUDESTE,96.0,16.258069
,2025-05-22,,VIBRA SETE LAGOAS CL,,,96.0,16.258069
202505.0,2025-05-23,85873.0,VIBRA SETE LAGOAS CL,Consumidor Livre,SUDESTE,96.0,15.314057
202505.0,2025-05-23,85873.0,VIBRA SETE LAGOAS CL,Consumidor Livre,SUDESTE,96.0,15.314057
,2025-05-23,,VIBRA SETE LAGOAS CL,,,96.0,15.314057
202505.0,2025-05-24,85873.0,VIBRA SETE LAGOAS CL,Consumidor Livre,SUDESTE,96.0,15.079188
202505.0,2025-05-24,85873.0,VIBRA SETE LAGOAS CL,Consumidor Livre,SUDESTE,96.0,15.079188
,2025-05-24,,VIBRA SETE LAGOAS CL,,,96.0,15.079188
202505.0,2025-05-25,85873.0,VIBRA SETE LAGOAS CL,Consumidor Livre,SUDESTE,96.0,10.453866
202505.0,2025-05-25,85873.0,VIBRA SETE LAGOAS CL,Consumidor Livre,SUDESTE,96.0,10.453866
,2025-05-25,,VIBRA SETE LAGOAS CL,,,96.0,10.453866
202505.0,2025-05-26,85873.0,VIBRA SETE LAGOAS CL,Consumidor Livre,SUDESTE,96.0,11.276176
202505.0,2025-05-26,85873.0,VIBRA SETE LAGOAS CL,Consumidor Livre,SUDESTE,96.0,11.276176
,2025-05-26,,VIBRA SETE LAGOAS CL,,,96.0,11.276176
202505.0,2025-05-27,85873.0,VIBRA SETE LAGOAS CL,Consumidor Livre,SUDESTE,96.0,15.242866
202505.0,2025-05-27,85873.0,VIBRA SETE LAGOAS CL,Consumidor Livre,SUDESTE,96.0,15.242866
,2025-05-27,,VIBRA SETE LAGOAS CL,,,96.0,15.242866
202505.0,2025-05-28,85873.0,VIBRA SETE LAGOAS CL,Consumidor Livre,SUDESTE,96.0,15.24555
202505.0,2025-05-28,85873.0,VIBRA SETE LAGOAS CL,Consumidor Livre,SUDESTE,96.0,15.24555
,2025-05-28,,VIBRA SETE LAGOAS CL,,,96.0,15.24555
202505.0,2025-05-29,85873.0,VIBRA SETE LAGOAS CL,Consumidor Livre,SUDESTE,96.0,15.892061
202505.0,2025-05-29,85873.0,VIBRA SETE LAGOAS CL,Consumidor Livre,SUDESTE,96.0,15.892061
,2025-05-29,,VIBRA SETE LAGOAS CL,,,96.0,15.892061
202505.0,2025-05-30,85873.0,VIBRA SETE LAGOAS CL,Consumidor Livre,SUDESTE,96.0,14.607241
202505.0,2025-05-30,85873.0,VIBRA SETE LAGOAS CL,Consumidor Livre,SUDESTE,96.0,14.607241
,2025-05-30,,VIBRA SETE LAGOAS CL,,,96.0,14.607241
202505.0,2025-05-31,85873.0,VIBRA SETE LAGOAS CL,Consumidor Livre,SUDESTE,96.0,9.927434
202505.0,2025-05-31,85873.0,VIBRA SETE LAGOAS CL,Consumidor Livre,SUDESTE,96.0,9.927434
,2025-05-31,,VIBRA SETE LAGOAS CL,,,96.0,9.927434
202506.0,2025-06-01,85873.0,VIBRA SETE LAGOAS CL,Consumidor Livre,SUDESTE,96.0,3.321325
202506.0,2025-06-01,85873.0,VIBRA SETE LAGOAS CL,Consumidor Livre,SUDESTE,96.0,3.321325
,2025-06-01,,VIBRA SETE LAGOAS CL,,,96.0,3.321325
202506.0,2025-06-02,85873.0,VIBRA SETE LAGOAS CL,Consumidor Livre,SUDESTE,96.0,12.132063
202506.0,2025-06-02,85873.0,VIBRA SETE LAGOAS CL,Consumidor Livre,SUDESTE,96.0,12.132063
,2025-06-02,,VIBRA SETE LAGOAS CL,,,96.0,12.132063
202506.0,2025-06-03,85873.0,VIBRA SETE LAGOAS CL,Consumidor Livre,SUDESTE,96.0,14.746416
202506.0,2025-06-03,85873.0,VIBRA SETE LAGOAS CL,Consumidor Livre,SUDESTE,96.0,14.746416
,2025-06-03,,VIBRA SETE LAGOAS CL,,,96.0,14.746416
202506.0,2025-06-04,85873.0,VIBRA SETE LAGOAS CL,Consumidor Livre,SUDESTE,96.0,15.611311
202506.0,2025-06-04,85873.0,VIBRA SETE LAGOAS CL,Consumidor Livre,SUDESTE,96.0,15.611311
,2025-06-04,,VIBRA SETE LAGOAS CL,,,96.0,15.611311
202506.0,2025-06-05,85873.0,VIBRA SETE LAGOAS CL,Consumidor Livre,SUDESTE,96.0,15.29687
202506.0,2025-06-05,85873.0,VIBRA SETE LAGOAS CL,Consumidor Livre,SUDESTE,96.0,15.29687
,2025-06-05,,VIBRA SETE LAGOAS CL,,,96.0,15.29687
202506.0,2025-06-06,85873.0,VIBRA SETE LAGOAS CL,Consumidor Livre,SUDESTE,96.0,15.362797
202506.0,2025-06-06,85873.0,VIBRA SETE LAGOAS CL,Consumidor Livre,SUDESTE,96.0,15.362797
,2025-06-06,,VIBRA SETE LAGOAS CL,,,96.0,15.362797
202506.0,2025-06-07,85873.0,VIBRA SETE LAGOAS CL,Consumidor Livre,SUDESTE,96.0,7.891064
202506.0,2025-06-07,85873.0,VIBRA SETE LAGOAS CL,Consumidor Livre,SUDESTE,96.0,7.891064
,2025-06-07,,VIBRA SETE LAGOAS CL,,,96.0,7.891064
202506.0,2025-06-08,85873.0,VIBRA SETE LAGOAS CL,Consumidor Livre,SUDESTE,96.0,3.056977
202506.0,2025-06-08,85873.0,VIBRA SETE LAGOAS CL,Consumidor Livre,SUDESTE,96.0,3.056977
,2025-06-08,,VIBRA SETE LAGOAS CL,,,96.0,3.056977
202506.0,2025-06-09,85873.0,VIBRA SETE LAGOAS CL,Consumidor Livre,SUDESTE,96.0,13.100278
202506.0,2025-06-09,85873.0,VIBRA SETE LAGOAS CL,Consumidor Livre,SUDESTE,96.0,13.100278
,2025-06-09,,VIBRA SETE LAGOAS CL,,,96.0,13.100278
202506.0,2025-06-10,85873.0,VIBRA SETE LAGOAS CL,Consumidor Livre,SUDESTE,96.0,15.33096
202506.0,2025-06-10,85873.0,VIBRA SETE LAGOAS CL,Consumidor Livre,SUDESTE,96.0,15.33096
,2025-06-10,,VIBRA SETE LAGOAS CL,,,96.0,15.33096
202506.0,2025-06-11,85873.0,VIBRA SETE LAGOAS CL,Consumidor Livre,SUDESTE,96.0,14.788345
202506.0,2025-06-11,85873.0,VIBRA SETE LAGOAS CL,Consumidor Livre,SUDESTE,96.0,14.788345
,2025-06-11,,VIBRA SETE LAGOAS CL,,,96.0,14.788345
202506.0,2025-06-12,85873.0,VIBRA SETE LAGOAS CL,Consumidor Livre,SUDESTE,96.0,14.126768
202506.0,2025-06-12,85873.0,VIBRA SETE LAGOAS CL,Consumidor Livre,SUDESTE,96.0,14.126768
,2025-06-12,,VIBRA SETE LAGOAS CL,,,96.0,14.126768
202506.0,2025-06-13,85873.0,VIBRA SETE LAGOAS CL,Consumidor Livre,SUDESTE,96.0,14.803084
202506.0,2025-06-13,85873.0,VIBRA SETE LAGOAS CL,Consumidor Livre,SUDESTE,96.0,14.803084
,2025-06-13,,VIBRA SETE LAGOAS CL,,,96.0,14.803084
202506.0,2025-06-14,85873.0,VIBRA SETE LAGOAS CL,Consumidor Livre,SUDESTE,96.0,3.428348
202506.0,2025-06-14,85873.0,VIBRA SETE LAGOAS CL,Consumidor Livre,SUDESTE,96.0,3.428348
,2025-06-14,,VIBRA SETE LAGOAS CL,,,96.0,3.428348
202506.0,2025-06-15,85873.0,VIBRA SETE LAGOAS CL,Consumidor Livre,SUDESTE,96.0,2.576407
202506.0,2025-06-15,85873.0,VIBRA SETE LAGOAS CL,Consumidor Livre,SUDESTE,96.0,2.576407
,2025-06-15,,VIBRA SETE LAGOAS CL,,,96.0,2.576407
202506.0,2025-06-16,85873.0,VIBRA SETE LAGOAS CL,Consumidor Livre,SUDESTE,96.0,14.914825
202506.0,2025-06-16,85873.0,VIBRA SETE LAGOAS CL,Consumidor Livre,SUDESTE,96.0,14.914825
,2025-06-16,,VIBRA SETE LAGOAS CL,,,96.0,14.914825
202506.0,2025-06-17,85873.0,VIBRA SETE LAGOAS CL,Consumidor Livre,SUDESTE,96.0,15.277405
202506.0,2025-06-17,85873.0,VIBRA SETE LAGOAS CL,Consumidor Livre,SUDESTE,96.0,15.277405
,2025-06-17,,VIBRA SETE LAGOAS CL,,,96.0,15.277405
202506.0,2025-06-18,85873.0,VIBRA SETE LAGOAS CL,Consumidor Livre,SUDESTE,96.0,14.757684
202506.0,2025-06-18,85873.0,VIBRA SETE LAGOAS CL,Consumidor Livre,SUDESTE,96.0,14.757684
,2025-06-18,,VIBRA SETE LAGOAS CL,,,96.0,14.757684
202506.0,2025-06-19,85873.0,VIBRA SETE LAGOAS CL,Consumidor Livre,SUDESTE,96.0,15.749491
202506.0,2025-06-19,85873.0,VIBRA SETE LAGOAS CL,Consumidor Livre,SUDESTE,96.0,15.749491
,2025-06-19,,VIBRA SETE LAGOAS CL,,,96.0,15.749491
202506.0,2025-06-20,85873.0,VIBRA SETE LAGOAS CL,Consumidor Livre,SUDESTE,96.0,14.357617
202506.0,2025-06-20,85873.0,VIBRA SETE LAGOAS CL,Consumidor Livre,SUDESTE,96.0,14.357617
,2025-06-20,,VIBRA SETE LAGOAS CL,,,96.0,14.357617
202506.0,2025-06-21,85873.0,VIBRA SETE LAGOAS CL,Consumidor Livre,SUDESTE,96.0,7.806153
202506.0,2025-06-21,85873.0,VIBRA SETE LAGOAS CL,Consumidor Livre,SUDESTE,96.0,7.806153
,2025-06-21,,VIBRA SETE LAGOAS CL,,,96.0,7.806153
202506.0,2025-06-22,85873.0,VIBRA SETE LAGOAS CL,Consumidor Livre,SUDESTE,96.0,5.616981
202506.0,2025-06-22,85873.0,VIBRA SETE LAGOAS CL,Consumidor Livre,SUDESTE,96.0,5.616981
,2025-06-22,,VIBRA SETE LAGOAS CL,,,96.0,5.616981
202506.0,2025-06-23,85873.0,VIBRA SETE LAGOAS CL,Consumidor Livre,SUDESTE,96.0,12.996886
202506.0,2025-06-23,85873.0,VIBRA SETE LAGOAS CL,Consumidor Livre,SUDESTE,96.0,12.996886
,2025-06-23,,VIBRA SETE LAGOAS CL,,,96.0,12.996886
202506.0,2025-06-24,85873.0,VIBRA SETE LAGOAS CL,Consumidor Livre,SUDESTE,96.0,15.729244
202506.0,2025-06-24,85873.0,VIBRA SETE LAGOAS CL,Consumidor Livre,SUDESTE,96.0,15.729244
,2025-06-24,,VIBRA SETE LAGOAS CL,,,96.0,15.729244
202506.0,2025-06-25,85873.0,VIBRA SETE LAGOAS CL,Consumidor Livre,SUDESTE,96.0,15.471486
202506.0,2025-06-25,85873.0,VIBRA SETE LAGOAS CL,Consumidor Livre,SUDESTE,96.0,15.471486
,2025-06-25,,VIBRA SETE LAGOAS CL,,,96.0,15.471486
202506.0,2025-06-26,85873.0,VIBRA SETE LAGOAS CL,Consumidor Livre,SUDESTE,96.0,15.903106
202506.0,2025-06-26,85873.0,VIBRA SETE LAGOAS CL,Consumidor Livre,SUDESTE,96.0,15.903106
,2025-06-26,,VIBRA SETE LAGOAS CL,,,96.0,15.903106
202506.0,2025-06-27,85873.0,VIBRA SETE LAGOAS CL,Consumidor Livre,SUDESTE,96.0,15.774852
202506.0,2025-06-27,85873.0,VIBRA SETE LAGOAS CL,Consumidor Livre,SUDESTE,96.0,15.774852
,2025-06-27,,VIBRA SETE LAGOAS CL,,,96.0,15.774852
202506.0,2025-06-28,85873.0,VIBRA SETE LAGOAS CL,Consumidor Livre,SUDESTE,96.0,6.355481
202506.0,2025-06-28,85873.0,VIBRA SETE LAGOAS CL,Consumidor Livre,SUDESTE,96.0,6.355481
,2025-06-28,,VIBRA SETE LAGOAS CL,,,96.0,6.355481
202506.0,2025-06-29,85873.0,VIBRA SETE LAGOAS CL,Consumidor Livre,SUDESTE,96.0,3.939032
202506.0,2025-06-29,85873.0,VIBRA SETE LAGOAS CL,Consumidor Livre,SUDESTE,96.0,3.939032
,2025-06-29,,VIBRA SETE LAGOAS CL,,,96.0,3.939032
202506.0,2025-06-30,85873.0,VIBRA SETE LAGOAS CL,Consumidor Livre,SUDESTE,96.0,14.61986
202506.0,2025-06-30,85873.0,VIBRA SETE LAGOAS CL,Consumidor Livre,SUDESTE,96.0,14.61986
,2025-06-30,,VIBRA SETE LAGOAS CL,,,96.0,14.61986
202507.0,2025-07-01,85873.0,VIBRA SETE LAGOAS CL,Consumidor Livre,SUDESTE,96.0,15.306433
202507.0,2025-07-01,85873.0,VIBRA SETE LAGOAS CL,Consumidor Livre,SUDESTE,96.0,15.306433
,2025-07-01,,VIBRA SETE LAGOAS CL,,,96.0,15.306433
202507.0,2025-07-02,85873.0,VIBRA SETE LAGOAS CL,Consumidor Livre,SUDESTE,96.0,15.405106
202507.0,2025-07-02,85873.0,VIBRA SETE LAGOAS CL,Consumidor Livre,SUDESTE,96.0,15.405106
,2025-07-02,,VIBRA SETE LAGOAS CL,,,96.0,15.405106
202507.0,2025-07-03,85873.0,VIBRA SETE LAGOAS CL,Consumidor Livre,SUDESTE,96.0,15.362711
202507.0,2025-07-03,85873.0,VIBRA SETE LAGOAS CL,Consumidor Livre,SUDESTE,96.0,15.362711
,2025-07-03,,VIBRA SETE LAGOAS CL,,,96.0,15.362711
202507.0,2025-07-04,85873.0,VIBRA SETE LAGOAS CL,Consumidor Livre,SUDESTE,96.0,15.680848
202507.0,2025-07-04,85873.0,VIBRA SETE LAGOAS CL,Consumidor Livre,SUDESTE,96.0,15.680848
,2025-07-04,,VIBRA SETE LAGOAS CL,,,96.0,15.680848
202507.0,2025-07-05,85873.0,VIBRA SETE LAGOAS CL,Consumidor Livre,SUDESTE,96.0,14.281152
202507.0,2025-07-05,85873.0,VIBRA SETE LAGOAS CL,Consumidor Livre,SUDESTE,96.0,14.281152
,2025-07-05,,VIBRA SETE LAGOAS CL,,,96.0,14.281152
202507.0,2025-07-06,85873.0,VIBRA SETE LAGOAS CL,Consumidor Livre,SUDESTE,96.0,1.605772
202507.0,2025-07-06,85873.0,VIBRA SETE LAGOAS CL,Consumidor Livre,SUDESTE,96.0,1.605772
,2025-07-06,,VIBRA SETE LAGOAS CL,,,96.0,1.605772
202507.0,2025-07-07,85873.0,VIBRA SETE LAGOAS CL,Consumidor Livre,SUDESTE,96.0,11.916913
202507.0,2025-07-07,85873.0,VIBRA SETE LAGOAS CL,Consumidor Livre,SUDESTE,96.0,11.916913
,2025-07-07,,VIBRA SETE LAGOAS CL,,,96.0,11.916913
202507.0,2025-07-08,85873.0,VIBRA SETE LAGOAS CL,Consumidor Livre,SUDESTE,96.0,15.513488
202507.0,2025-07-08,85873.0,VIBRA SETE LAGOAS CL,Consumidor Livre,SUDESTE,96.0,15.513488
,2025-07-08,,VIBRA SETE LAGOAS CL,,,96.0,15.513488
202507.0,2025-07-09,85873.0,VIBRA SETE LAGOAS CL,Consumidor Livre,SUDESTE,96.0,15.306219
202507.0,2025-07-09,85873.0,VIBRA SETE LAGOAS CL,Consumidor Livre,SUDESTE,96.0,15.306219
,2025-07-09,,VIBRA SETE LAGOAS CL,,,96.0,15.306219
202507.0,2025-07-10,85873.0,VIBRA SETE LAGOAS CL,Consumidor Livre,SUDESTE,96.0,14.808198
202507.0,2025-07-10,85873.0,VIBRA SETE LAGOAS CL,Consumidor Livre,SUDESTE,96.0,14.808198
,2025-07-10,,VIBRA SETE LAGOAS CL,,,96.0,14.808198
202507.0,2025-07-11,85873.0,VIBRA SETE LAGOAS CL,Consumidor Livre,SUDESTE,96.0,15.443148
202507.0,2025-07-11,85873.0,VIBRA SETE LAGOAS CL,Consumidor Livre,SUDESTE,96.0,15.443148
,2025-07-11,,VIBRA SETE LAGOAS CL,,,96.0,15.443148
202507.0,2025-07-12,85873.0,VIBRA SETE LAGOAS CL,Consumidor Livre,SUDESTE,96.0,14.557157
202507.0,2025-07-12,85873.0,VIBRA SETE LAGOAS CL,Consumidor Livre,SUDESTE,96.0,14.557157
,2025-07-12,,VIBRA SETE LAGOAS CL,,,96.0,14.557157
202507.0,2025-07-13,85873.0,VIBRA SETE LAGOAS CL,Consumidor Livre,SUDESTE,96.0,5.650763
202507.0,2025-07-13,85873.0,VIBRA SETE LAGOAS CL,Consumidor Livre,SUDESTE,96.0,5.650763
,2025-07-13,,VIBRA SETE LAGOAS CL,,,96.0,5.650763
202507.0,2025-07-14,85873.0,VIBRA SETE LAGOAS CL,Consumidor Livre,SUDESTE,96.0,14.118934
202507.0,2025-07-14,85873.0,VIBRA SETE LAGOAS CL,Consumidor Livre,SUDESTE,96.0,14.118934
,2025-07-14,,VIBRA SETE LAGOAS CL,,,96.0,14.118934
202507.0,2025-07-15,85873.0,VIBRA SETE LAGOAS CL,Consumidor Livre,SUDESTE,96.0,14.182243
202507.0,2025-07-15,85873.0,VIBRA SETE LAGOAS CL,Consumidor Livre,SUDESTE,96.0,14.182243
,2025-07-15,,VIBRA SETE LAGOAS CL,,,96.0,14.182243
202507.0,2025-07-16,85873.0,VIBRA SETE LAGOAS CL,Consumidor Livre,SUDESTE,96.0,15.888797
202507.0,2025-07-16,85873.0,VIBRA SETE LAGOAS CL,Consumidor Livre,SUDESTE,96.0,15.888797
,2025-07-16,,VIBRA SETE LAGOAS CL,,,96.0,15.888797
202507.0,2025-07-17,85873.0,VIBRA SETE LAGOAS CL,Consumidor Livre,SUDESTE,96.0,15.953842
202507.0,2025-07-17,85873.0,VIBRA SETE LAGOAS CL,Consumidor Livre,SUDESTE,96.0,15.953842
,2025-07-17,,VIBRA SETE LAGOAS CL,,,96.0,15.953842
202507.0,2025-07-18,85873.0,VIBRA SETE LAGOAS CL,Consumidor Livre,SUDESTE,96.0,14.835116
202507.0,2025-07-18,85873.0,VIBRA SETE LAGOAS CL,Consumidor Livre,SUDESTE,96.0,14.835116
,2025-07-18,,VIBRA SETE LAGOAS CL,,,96.0,14.835116
202507.0,2025-07-19,85873.0,VIBRA SETE LAGOAS CL,Consumidor Livre,SUDESTE,96.0,15.626216
202507.0,2025-07-19,85873.0,VIBRA SETE LAGOAS CL,Consumidor Livre,SUDESTE,96.0,15.626216
,2025-07-19,,VIBRA SETE LAGOAS CL,,,96.0,15.626216
202507.0,2025-07-20,85873.0,VIBRA SETE LAGOAS CL,Consumidor Livre,SUDESTE,96.0,11.023245
202507.0,2025-07-20,85873.0,VIBRA SETE LAGOAS CL,Consumidor Livre,SUDESTE,96.0,11.023245
,2025-07-20,,VIBRA SETE LAGOAS CL,,,96.0,11.023245
202507.0,2025-07-21,85873.0,VIBRA SETE LAGOAS CL,Consumidor Livre,SUDESTE,96.0,14.249831
202507.0,2025-07-21,85873.0,VIBRA SETE LAGOAS CL,Consumidor Livre,SUDESTE,96.0,14.249831
,2025-07-21,,VIBRA SETE LAGOAS CL,,,96.0,14.249831
202507.0,2025-07-22,85873.0,VIBRA SETE LAGOAS CL,Consumidor Livre,SUDESTE,96.0,16.542637
202507.0,2025-07-22,85873.0,VIBRA SETE LAGOAS CL,Consumidor Livre,SUDESTE,96.0,16.542637
,2025-07-22,,VIBRA SETE LAGOAS CL,,,96.0,16.542637
202507.0,2025-07-23,85873.0,VIBRA SETE LAGOAS CL,Consumidor Livre,SUDESTE,96.0,16.196483
202507.0,2025-07-23,85873.0,VIBRA SETE LAGOAS CL,Consumidor Livre,SUDESTE,96.0,16.196483
,2025-07-23,,VIBRA SETE LAGOAS CL,,,96.0,16.196483
202507.0,2025-07-24,85873.0,VIBRA SETE LAGOAS CL,Consumidor Livre,SUDESTE,96.0,16.756332
202507.0,2025-07-24,85873.0,VIBRA SETE LAGOAS CL,Consumidor Livre,SUDESTE,96.0,16.756332
,2025-07-24,,VIBRA SETE LAGOAS CL,,,96.0,16.756332
202507.0,2025-07-25,85873.0,VIBRA SETE LAGOAS CL,Consumidor Livre,SUDESTE,96.0,15.957961
202507.0,2025-07-25,85873.0,VIBRA SETE LAGOAS CL,Consumidor Livre,SUDESTE,96.0,15.957961
,2025-07-25,,VIBRA SETE LAGOAS CL,,,96.0,15.957961
202507.0,2025-07-26,85873.0,VIBRA SETE LAGOAS CL,Consumidor Livre,SUDESTE,96.0,16.293142
202507.0,2025-07-26,85873.0,VIBRA SETE LAGOAS CL,Consumidor Livre,SUDESTE,96.0,16.293142
,2025-07-26,,VIBRA SETE LAGOAS CL,,,96.0,16.293142
202507.0,2025-07-27,85873.0,VIBRA SETE LAGOAS CL,Consumidor Livre,SUDESTE,96.0,5.933762
202507.0,2025-07-27,85873.0,VIBRA SETE LAGOAS CL,Consumidor Livre,SUDESTE,96.0,5.933762
,2025-07-27,,VIBRA SETE LAGOAS CL,,,96.0,5.933762
202507.0,2025-07-28,85873.0,VIBRA SETE LAGOAS CL,Consumidor Livre,SUDESTE,96.0,12.237893
202507.0,2025-07-28,85873.0,VIBRA SETE LAGOAS CL,Consumidor Livre,SUDESTE,96.0,12.237893
,2025-07-28,,VIBRA SETE LAGOAS CL,,,96.0,12.237893
202507.0,2025-07-29,85873.0,VIBRA SETE LAGOAS CL,Consumidor Livre,SUDESTE,96.0,16.62652
202507.0,2025-07-29,85873.0,VIBRA SETE LAGOAS CL,Consumidor Livre,SUDESTE,96.0,16.62652
,2025-07-29,,VIBRA SETE LAGOAS CL,,,96.0,16.62652
202507.0,2025-07-30,85873.0,VIBRA SETE LAGOAS CL,Consumidor Livre,SUDESTE,96.0,16.281462
202507.0,2025-07-30,85873.0,VIBRA SETE LAGOAS CL,Consumidor Livre,SUDESTE,96.0,16.281462
,2025-07-30,,VIBRA SETE LAGOAS CL,,,96.0,16.281462
202507.0,2025-07-31,85873.0,VIBRA SETE LAGOAS CL,Consumidor Livre,SUDESTE,96.0,16.773018
202507.0,2025-07-31,85873.0,VIBRA SETE LAGOAS CL,Consumidor Livre,SUDESTE,96.0,16.773018
,2025-07-31,,VIBRA SETE LAGOAS CL,,,96.0,16.773018
202508.0,2025-08-01,85873.0,VIBRA SETE LAGOAS CL,Consumidor Livre,SUDESTE,96.0,15.919607
202508.0,2025-08-01,85873.0,VIBRA SETE LAGOAS CL,Consumidor Livre,SUDESTE,96.0,15.919607
,2025-08-01,,VIBRA SETE LAGOAS CL,,,96.0,15.919607
202508.0,2025-08-02,85873.0,VIBRA SETE LAGOAS CL,Consumidor Livre,SUDESTE,96.0,16.220373
202508.0,2025-08-02,85873.0,VIBRA SETE LAGOAS CL,Consumidor Livre,SUDESTE,96.0,16.220373
,2025-08-02,,VIBRA SETE LAGOAS CL,,,96.0,16.220373
202508.0,2025-08-03,85873.0,VIBRA SETE LAGOAS CL,Consumidor Livre,SUDESTE,96.0,10.001571
202508.0,2025-08-03,85873.0,VIBRA SETE LAGOAS CL,Consumidor Livre,SUDESTE,96.0,10.001571
,2025-08-03,,VIBRA SETE LAGOAS CL,,,96.0,10.001571
202508.0,2025-08-04,85873.0,VIBRA SETE LAGOAS CL,Consumidor Livre,SUDESTE,96.0,13.94811
202508.0,2025-08-04,85873.0,VIBRA SETE LAGOAS CL,Consumidor Livre,SUDESTE,96.0,13.94811
,2025-08-04,,VIBRA SETE LAGOAS CL,,,96.0,13.94811
202508.0,2025-08-05,85873.0,VIBRA SETE LAGOAS CL,Consumidor Livre,SUDESTE,96.0,15.892315
202508.0,2025-08-05,85873.0,VIBRA SETE LAGOAS CL,Consumidor Livre,SUDESTE,96.0,15.892315
,2025-08-05,,VIBRA SETE LAGOAS CL,,,96.0,15.892315
202508.0,2025-08-06,85873.0,VIBRA SETE LAGOAS CL,Consumidor Livre,SUDESTE,96.0,14.224532
202508.0,2025-08-06,85873.0,VIBRA SETE LAGOAS CL,Consumidor Livre,SUDESTE,96.0,14.224532
,2025-08-06,,VIBRA SETE LAGOAS CL,,,96.0,14.224532
202508.0,2025-08-07,85873.0,VIBRA SETE LAGOAS CL,Consumidor Livre,SUDESTE,96.0,14.429936
202508.0,2025-08-07,85873.0,VIBRA SETE LAGOAS CL,Consumidor Livre,SUDESTE,96.0,14.429936
,2025-08-07,,VIBRA SETE LAGOAS CL,,,96.0,14.429936
202508.0,2025-08-08,85873.0,VIBRA SETE LAGOAS CL,Consumidor Livre,SUDESTE,96.0,15.808222
202508.0,2025-08-08,85873.0,VIBRA SETE LAGOAS CL,Consumidor Livre,SUDESTE,96.0,15.808222
,2025-08-08,,VIBRA SETE LAGOAS CL,,,96.0,15.808222
202508.0,2025-08-09,85873.0,VIBRA SETE LAGOAS CL,Consumidor Livre,SUDESTE,96.0,16.155435
202508.0,2025-08-09,85873.0,VIBRA SETE LAGOAS CL,Consumidor Livre,SUDESTE,96.0,16.155435
,2025-08-09,,VIBRA SETE LAGOAS CL,,,96.0,16.155435
202508.0,2025-08-10,85873.0,VIBRA SETE LAGOAS CL,Consumidor Livre,SUDESTE,96.0,12.08453
202508.0,2025-08-10,85873.0,VIBRA SETE LAGOAS CL,Consumidor Livre,SUDESTE,96.0,12.08453
,2025-08-10,,VIBRA SETE LAGOAS CL,,,96.0,12.08453
202508.0,2025-08-11,85873.0,VIBRA SETE LAGOAS CL,Consumidor Livre,SUDESTE,96.0,13.798815
202508.0,2025-08-11,85873.0,VIBRA SETE LAGOAS CL,Consumidor Livre,SUDESTE,96.0,13.798815
,2025-08-11,,VIBRA SETE LAGOAS CL,,,96.0,13.798815
202508.0,2025-08-12,85873.0,VIBRA SETE LAGOAS CL,Consumidor Livre,SUDESTE,96.0,14.849965
202508.0,2025-08-12,85873.0,VIBRA SETE LAGOAS CL,Consumidor Livre,SUDESTE,96.0,14.849965
,2025-08-12,,VIBRA SETE LAGOAS CL,,,96.0,14.849965
202508.0,2025-08-13,85873.0,VIBRA SETE LAGOAS CL,Consumidor Livre,SUDESTE,96.0,14.486415
202508.0,2025-08-13,85873.0,VIBRA SETE LAGOAS CL,Consumidor Livre,SUDESTE,96.0,14.486415
,2025-08-13,,VIBRA SETE LAGOAS CL,,,96.0,14.486415
202508.0,2025-08-14,85873.0,VIBRA SETE LAGOAS CL,Consumidor Livre,SUDESTE,96.0,14.57457
202508.0,2025-08-14,85873.0,VIBRA SETE LAGOAS CL,Consumidor Livre,SUDESTE,96.0,14.57457
,2025-08-14,,VIBRA SETE LAGOAS CL,,,96.0,14.57457
202508.0,2025-08-15,85873.0,VIBRA SETE LAGOAS CL,Consumidor Livre,SUDESTE,96.0,14.799113
202508.0,2025-08-15,85873.0,VIBRA SETE LAGOAS CL,Consumidor Livre,SUDESTE,96.0,14.799113
,2025-08-15,,VIBRA SETE LAGOAS CL,,,96.0,14.799113
202508.0,2025-08-16,85873.0,VIBRA SETE LAGOAS CL,Consumidor Livre,SUDESTE,96.0,14.652866
202508.0,2025-08-16,85873.0,VIBRA SETE LAGOAS CL,Consumidor Livre,SUDESTE,96.0,14.652866
,2025-08-16,,VIBRA SETE LAGOAS CL,,,96.0,14.652866
202508.0,2025-08-17,85873.0,VIBRA SETE LAGOAS CL,Consumidor Livre,SUDESTE,96.0,8.983636
202508.0,2025-08-17,85873.0,VIBRA SETE LAGOAS CL,Consumidor Livre,SUDESTE,96.0,8.983636
,2025-08-17,,VIBRA SETE LAGOAS CL,,,96.0,8.983636
202508.0,2025-08-18,85873.0,VIBRA SETE LAGOAS CL,Consumidor Livre,SUDESTE,96.0,13.533601
202508.0,2025-08-18,85873.0,VIBRA SETE LAGOAS CL,Consumidor Livre,SUDESTE,96.0,13.533601
,2025-08-18,,VIBRA SETE LAGOAS CL,,,96.0,13.533601
202508.0,2025-08-19,85873.0,VIBRA SETE LAGOAS CL,Consumidor Livre,SUDESTE,96.0,14.835124
202508.0,2025-08-19,85873.0,VIBRA SETE LAGOAS CL,Consumidor Livre,SUDESTE,96.0,14.835124
,2025-08-19,,VIBRA SETE LAGOAS CL,,,96.0,14.835124
202508.0,2025-08-20,85873.0,VIBRA SETE LAGOAS CL,Consumidor Livre,SUDESTE,96.0,14.589181
202508.0,2025-08-20,85873.0,VIBRA SETE LAGOAS CL,Consumidor Livre,SUDESTE,96.0,14.589181
,2025-08-20,,VIBRA SETE LAGOAS CL,,,96.0,14.589181
202508.0,2025-08-21,85873.0,VIBRA SETE LAGOAS CL,Consumidor Livre,SUDESTE,96.0,15.355826
202508.0,2025-08-21,85873.0,VIBRA SETE LAGOAS CL,Consumidor Livre,SUDESTE,96.0,15.355826
,2025-08-21,,VIBRA SETE LAGOAS CL,,,96.0,15.355826
202508.0,2025-08-22,85873.0,VIBRA SETE LAGOAS CL,Consumidor Livre,SUDESTE,96.0,14.966111
202508.0,2025-08-22,85873.0,VIBRA SETE LAGOAS CL,Consumidor Livre,SUDESTE,96.0,14.966111
,2025-08-22,,VIBRA SETE LAGOAS CL,,,96.0,14.966111
202508.0,2025-08-23,85873.0,VIBRA SETE LAGOAS CL,Consumidor Livre,SUDESTE,96.0,14.544902
202508.0,2025-08-23,85873.0,VIBRA SETE LAGOAS CL,Consumidor Livre,SUDESTE,96.0,14.544902
,2025-08-23,,VIBRA SETE LAGOAS CL,,,96.0,14.544902
202508.0,2025-08-24,85873.0,VIBRA SETE LAGOAS CL,Consumidor Livre,SUDESTE,96.0,10.125154
202508.0,2025-08-24,85873.0,VIBRA SETE LAGOAS CL,Consumidor Livre,SUDESTE,96.0,10.125154
,2025-08-24,,VIBRA SETE LAGOAS CL,,,96.0,10.125154
202508.0,2025-08-25,85873.0,VIBRA SETE LAGOAS CL,Consumidor Livre,SUDESTE,96.0,13.254329
202508.0,2025-08-25,85873.0,VIBRA SETE LAGOAS CL,Consumidor Livre,SUDESTE,96.0,13.254329
,2025-08-25,,VIBRA SETE LAGOAS CL,,,96.0,13.254329
202508.0,2025-08-26,85873.0,VIBRA SETE LAGOAS CL,Consumidor Livre,SUDESTE,96.0,14.685993
202508.0,2025-08-26,85873.0,VIBRA SETE LAGOAS CL,Consumidor Livre,SUDESTE,96.0,14.685993
,2025-08-26,,VIBRA SETE LAGOAS CL,,,96.0,14.685993
202508.0,2025-08-27,85873.0,VIBRA SETE LAGOAS CL,Consumidor Livre,SUDESTE,96.0,14.894943
202508.0,2025-08-27,85873.0,VIBRA SETE LAGOAS CL,Consumidor Livre,SUDESTE,96.0,14.894943
,2025-08-27,,VIBRA SETE LAGOAS CL,,,96.0,14.894943
202508.0,2025-08-28,85873.0,VIBRA SETE LAGOAS CL,Consumidor Livre,SUDESTE,96.0,14.622874
202508.0,2025-08-28,85873.0,VIBRA SETE LAGOAS CL,Consumidor Livre,SUDESTE,96.0,14.622874
,2025-08-28,,VIBRA SETE LAGOAS CL,,,96.0,14.622874
202508.0,2025-08-29,85873.0,VIBRA SETE LAGOAS CL,Consumidor Livre,SUDESTE,96.0,14.261565
202508.0,2025-08-29,85873.0,VIBRA SETE LAGOAS CL,Consumidor Livre,SUDESTE,96.0,14.261565
,2025-08-29,,VIBRA SETE LAGOAS CL,,,96.0,14.261565
202508.0,2025-08-30,85873.0,VIBRA SETE LAGOAS CL,Consumidor Livre,SUDESTE,96.0,14.436996
202508.0,2025-08-30,85873.0,VIBRA SETE LAGOAS CL,Consumidor Livre,SUDESTE,96.0,14.436996
,2025-08-30,,VIBRA SETE LAGOAS CL,,,96.0,14.436996
202508.0,2025-08-31,85873.0,VIBRA SETE LAGOAS CL,Consumidor Livre,SUDESTE,96.0,7.306175
202508.0,2025-08-31,85873.0,VIBRA SETE LAGOAS CL,Consumidor Livre,SUDESTE,96.0,7.306175
,2025-08-31,,VIBRA SETE LAGOAS CL,,,96.0,7.306175
