MES_REFERENCIA,DATA,CODIGO_PERFIL_AGENTE,SIGLA_PERFIL_AGENTE,CLASSE_PERFIL_AGENTE,SUBMERCADO,CAPACIDADE_CARGA,CONSUMO_CARGA_ACL
,2023-01-01,47444.0,AEMS CL 514,Consumidor Livre,SUDESTE,12.0,0.401852
,2023-01-02,47444.0,AEMS CL 514,Consumidor Livre,SUDESTE,12.0,0.665242
,2023-01-03,47444.0,AEMS CL 514,Consumidor Livre,SUDESTE,12.0,0.772827
,2023-01-04,47444.0,AEMS CL 514,Consumidor Livre,SUDESTE,12.0,0.715512
,2023-01-05,47444.0,AEMS CL 514,Consumidor Livre,SUDESTE,12.0,0.67076
,2023-01-06,47444.0,AEMS CL 514,Consumidor Livre,SUDESTE,12.0,0.643205
,2023-01-07,47444.0,AEMS CL 514,Consumidor Livre,SUDESTE,12.0,0.520638
,2023-01-08,47444.0,AEMS CL 514,Consumidor Livre,SUDESTE,12.0,0.42926
,2023-01-09,47444.0,AEMS CL 514,Consumidor Livre,SUDESTE,12.0,0.687519
,2023-01-10,47444.0,AEMS CL 514,Consumidor Livre,SUDESTE,12.0,0.781692
,2023-01-11,47444.0,AEMS CL 514,Consumidor Livre,SUDESTE,12.0,0.781551
,2023-01-12,47444.0,AEMS CL 514,Consumidor Livre,SUDESTE,12.0,0.757766
,2023-01-13,47444.0,AEMS CL 514,Consumidor Livre,SUDESTE,12.0,0.831682
,2023-01-14,47444.0,AEMS CL 514,Consumidor Livre,SUDESTE,12.0,0.643129
,2023-01-15,47444.0,AEMS CL 514,Consumidor Livre,SUDESTE,12.0,0.481655
,2023-01-16,47444.0,AEMS CL 514,Consumidor Livre,SUDESTE,12.0,0.866937
,2023-01-17,47444.0,AEMS CL 514,Consumidor Livre,SUDESTE,12.0,0.8427169999999999
,2023-01-18,47444.0,AEMS CL 514,Consumidor Livre,SUDESTE,12.0,0.878592
,2023-01-19,47444.0,AEMS CL 514,Consumidor Livre,SUDESTE,12.0,1.032813
,2023-01-20,47444.0,AEMS CL 514,Consumidor Livre,SUDESTE,12.0,0.949529
,2023-01-21,47444.0,AEMS CL 514,Consumidor Livre,SUDESTE,12.0,0.626899
,2023-01-22,47444.0,AEMS CL 514,Consumidor Livre,SUDESTE,12.0,0.460951
,2023-01-23,47444.0,AEMS CL 514,Consumidor Livre,SUDESTE,12.0,0.995492
,2023-01-24,47444.0,AEMS CL 514,Consumidor Livre,SUDESTE,12.0,1.192411
,2023-01-25,47444.0,AEMS CL 514,Consumidor Livre,SUDESTE,12.0,1.317348
,2023-01-26,47444.0,AEMS CL 514,Consumidor Livre,SUDESTE,12.0,1.391868
,2023-01-27,47444.0,AEMS CL 514,Consumidor Livre,SUDESTE,12.0,1.255641
,2023-01-28,47444.0,AEMS CL 514,Consumidor Livre,SUDESTE,12.0,0.655356
,2023-01-29,47444.0,AEMS CL 514,Consumidor Livre,SUDESTE,12.0,0.4776019999999999
,2023-01-30,47444.0,AEMS CL 514,Consumidor Livre,SUDESTE,12.0,1.017762
,2023-01-31,47444.0,AEMS CL 514,Consumidor Livre,SUDESTE,12.0,0.871289
,2023-02-01,47444.0,AEMS CL 514,Consumidor Livre,SUDESTE,12.0,0.918586
,2023-02-02,47444.0,AEMS CL 514,Consumidor Livre,SUDESTE,12.0,0.969648
,2023-02-03,47444.0,AEMS CL 514,Consumidor Livre,SUDESTE,12.0,0.861035
,2023-02-04,47444.0,AEMS CL 514,Consumidor Livre,SUDESTE,12.0,0.67048
,2023-02-05,47444.0,AEMS CL 514,Consumidor Livre,SUDESTE,12.0,0.626437
,2023-02-06,47444.0,AEMS CL 514,Consumidor Livre,SUDESTE,12.0,1.417901
,2023-02-07,47444.0,AEMS CL 514,Consumidor Livre,SUDESTE,12.0,1.435204
,2023-02-08,47444.0,AEMS CL 514,Consumidor Livre,SUDESTE,12.0,1.551081
,2023-02-09,47444.0,AEMS CL 514,Consumidor Livre,SUDESTE,12.0,1.634716
,2023-02-10,47444.0,AEMS CL 514,Consumidor Livre,SUDESTE,12.0,1.273863
,2023-02-11,47444.0,AEMS CL 514,Consumidor Livre,SUDESTE,12.0,0.661589
,2023-02-12,47444.0,AEMS CL 514,Consumidor Livre,SUDESTE,12.0,0.490178
,2023-02-13,47444.0,AEMS CL 514,Consumidor Livre,SUDESTE,12.0,1.7892
,2023-02-14,47444.0,AEMS CL 514,Consumidor Livre,SUDESTE,12.0,1.966292
,2023-02-15,47444.0,AEMS CL 514,Consumidor Livre,SUDESTE,12.0,1.844236
,2023-02-16,47444.0,AEMS CL 514,Consumidor Livre,SUDESTE,12.0,1.729252
,2023-02-17,47444.0,AEMS CL 514,Consumidor Livre,SUDESTE,12.0,1.383229
,2023-02-18,47444.0,AEMS CL 514,Consumidor Livre,SUDESTE,12.0,0.686409
,2023-02-19,47444.0,AEMS CL 514,Consumidor Livre,SUDESTE,12.0,0.4736559999999999
,2023-02-20,47444.0,AEMS CL 514,Consumidor Livre,SUDESTE,12.0,0.496037
,2023-02-21,47444.0,AEMS CL 514,Consumidor Livre,SUDESTE,12.0,0.473381
,2023-02-22,47444.0,AEMS CL 514,Consumidor Livre,SUDESTE,12.0,0.761678
,2023-02-23,47444.0,AEMS CL 514,Consumidor Livre,SUDESTE,12.0,1.847416
,2023-02-24,47444.0,AEMS CL 514,Consumidor Livre,SUDESTE,12.0,1.248362
,2023-02-25,47444.0,AEMS CL 514,Consumidor Livre,SUDESTE,12.0,0.662364
,2023-02-26,47444.0,AEMS CL 514,Consumidor Livre,SUDESTE,12.0,0.504237
,2023-02-27,47444.0,AEMS CL 514,Consumidor Livre,SUDESTE,12.0,1.976543
,2023-02-28,47444.0,AEMS CL 514,Consumidor Livre,SUDESTE,12.0,2.219474
,2023-03-01,47444.0,AEMS CL 514,Consumidor Livre,SUDESTE,12.0,1.685604
,2023-03-02,47444.0,AEMS CL 514,Consumidor Livre,SUDESTE,12.0,2.034443
,2023-03-03,47444.0,AEMS CL 514,Consumidor Livre,SUDESTE,12.0,1.607281
,2023-03-04,47444.0,AEMS CL 514,Consumidor Livre,SUDESTE,12.0,0.726962
,2023-03-05,47444.0,AEMS CL 514,Consumidor Livre,SUDESTE,12.0,0.507698
,2023-03-06,47444.0,AEMS CL 514,Consumidor Livre,SUDESTE,12.0,2.12516
,2023-03-07,47444.0,AEMS CL 514,Consumidor Livre,SUDESTE,12.0,2.157554
,2023-03-08,47444.0,AEMS CL 514,Consumidor Livre,SUDESTE,12.0,2.265213
,2023-03-09,47444.0,AEMS CL 514,Consumidor Livre,SUDESTE,12.0,2.460934
,2023-03-10,47444.0,AEMS CL 514,Consumidor Livre,SUDESTE,12.0,2.179763
,2023-03-11,47444.0,AEMS CL 514,Consumidor Livre,SUDESTE,12.0,0.834754
,2023-03-12,47444.0,AEMS CL 514,Consumidor Livre,SUDESTE,12.0,0.452827
,2023-03-13,47444.0,AEMS CL 514,Consumidor Livre,SUDESTE,12.0,1.927751
,2023-03-14,47444.0,AEMS CL 514,Consumidor Livre,SUDESTE,12.0,1.946982
,2023-03-15,47444.0,AEMS CL 514,Consumidor Livre,SUDESTE,12.0,1.977693
,2023-03-16,47444.0,AEMS CL 514,Consumidor Livre,SUDESTE,12.0,1.792934
,2023-03-17,47444.0,AEMS CL 514,Consumidor Livre,SUDESTE,12.0,1.564973
,2023-03-18,47444.0,AEMS CL 514,Consumidor Livre,SUDESTE,12.0,0.651395
,2023-03-19,47444.0,AEMS CL 514,Consumidor Livre,SUDESTE,12.0,0.482024
,2023-03-20,47444.0,AEMS CL 514,Consumidor Livre,SUDESTE,12.0,1.923902
,2023-03-21,47444.0,AEMS CL 514,Consumidor Livre,SUDESTE,12.0,2.225659
,2023-03-22,47444.0,AEMS CL 514,Consumidor Livre,SUDESTE,12.0,2.230743
,2023-03-23,47444.0,AEMS CL 514,Consumidor Livre,SUDESTE,12.0,2.400933
,2023-03-24,47444.0,AEMS CL 514,Consumidor Livre,SUDESTE,12.0,2.179536
,2023-03-25,47444.0,AEMS CL 514,Consumidor Livre,SUDESTE,12.0,0.746834
,2023-03-26,47444.0,AEMS CL 514,Consumidor Livre,SUDESTE,12.0,0.549962
,2023-03-27,47444.0,AEMS CL 514,Consumidor Livre,SUDESTE,12.0,2.23128
,2023-03-28,47444.0,AEMS CL 514,Consumidor Livre,SUDESTE,12.0,2.246201
,2023-03-29,47444.0,AEMS CL 514,Consumidor Livre,SUDESTE,12.0,2.471195
,2023-03-30,47444.0,AEMS CL 514,Consumidor Livre,SUDESTE,12.0,2.309905
,2023-03-31,47444.0,AEMS CL 514,Consumidor Livre,SUDESTE,12.0,2.119287
,2023-04-01,47444.0,AEMS CL 514,Consumidor Livre,SUDESTE,12.0,0.7546579999999999
,2023-04-02,47444.0,AEMS CL 514,Consumidor Livre,SUDESTE,12.0,0.526046
,2023-04-03,47444.0,AEMS CL 514,Consumidor Livre,SUDESTE,12.0,2.231578
,2023-04-04,47444.0,AEMS CL 514,Consumidor Livre,SUDESTE,12.0,2.392182
,2023-04-05,47444.0,AEMS CL 514,Consumidor Livre,SUDESTE,12.0,2.272702
,2023-04-06,47444.0,AEMS CL 514,Consumidor Livre,SUDESTE,12.0,1.795248
,2023-04-07,47444.0,AEMS CL 514,Consumidor Livre,SUDESTE,12.0,0.725465
,2023-04-08,47444.0,AEMS CL 514,Consumidor Livre,SUDESTE,12.0,0.568252
,2023-04-09,47444.0,AEMS CL 514,Consumidor Livre,SUDESTE,12.0,0.529613
,2023-04-10,47444.0,AEMS CL 514,Consumidor Livre,SUDESTE,12.0,2.083527
,2023-04-11,47444.0,AEMS CL 514,Consumidor Livre,SUDESTE,12.0,2.419362
,2023-04-12,47444.0,AEMS CL 514,Consumidor Livre,SUDESTE,12.0,2.137744
,2023-04-13,47444.0,AEMS CL 514,Consumidor Livre,SUDESTE,12.0,2.335811
,2023-04-14,47444.0,AEMS CL 514,Consumidor Livre,SUDESTE,12.0,1.664663
,2023-04-15,47444.0,AEMS CL 514,Consumidor Livre,SUDESTE,12.0,0.8570720000000001
,2023-04-16,47444.0,AEMS CL 514,Consumidor Livre,SUDESTE,12.0,0.528114
,2023-04-17,47444.0,AEMS CL 514,Consumidor Livre,SUDESTE,12.0,2.192486
,2023-04-18,47444.0,AEMS CL 514,Consumidor Livre,SUDESTE,12.0,2.129382
,2023-04-19,47444.0,AEMS CL 514,Consumidor Livre,SUDESTE,12.0,1.676326
,2023-04-20,47444.0,AEMS CL 514,Consumidor Livre,SUDESTE,12.0,1.324298
,2023-04-21,47444.0,AEMS CL 514,Consumidor Livre,SUDESTE,12.0,0.469397
,2023-04-22,47444.0,AEMS CL 514,Consumidor Livre,SUDESTE,12.0,0.469084
,2023-04-23,47444.0,AEMS CL 514,Consumidor Livre,SUDESTE,12.0,0.464797
,2023-04-24,47444.0,AEMS CL 514,Consumidor Livre,SUDESTE,12.0,1.860806
,2023-04-25,47444.0,AEMS CL 514,Consumidor Livre,SUDESTE,12.0,1.46398
,2023-04-26,47444.0,AEMS CL 514,Consumidor Livre,SUDESTE,12.0,1.553921
,2023-04-27,47444.0,AEMS CL 514,Consumidor Livre,SUDESTE,12.0,1.606318
,2023-04-28,47444.0,AEMS CL 514,Consumidor Livre,SUDESTE,12.0,1.505861
,2023-04-29,47444.0,AEMS CL 514,Consumidor Livre,SUDESTE,12.0,0.688527
,2023-04-30,47444.0,AEMS CL 514,Consumidor Livre,SUDESTE,12.0,0.543598
,2023-05-01,47444.0,AEMS CL 514,Consumidor Livre,SUDESTE,12.0,0.552989
,2023-05-02,47444.0,AEMS CL 514,Consumidor Livre,SUDESTE,12.0,1.832498
,2023-05-03,47444.0,AEMS CL 514,Consumidor Livre,SUDESTE,12.0,1.893071
,2023-05-04,47444.0,AEMS CL 514,Consumidor Livre,SUDESTE,12.0,1.827213
,2023-05-05,47444.0,AEMS CL 514,Consumidor Livre,SUDESTE,12.0,1.537958
,2023-05-06,47444.0,AEMS CL 514,Consumidor Livre,SUDESTE,12.0,0.669084
,2023-05-07,47444.0,AEMS CL 514,Consumidor Livre,SUDESTE,12.0,0.533382
,2023-05-08,47444.0,AEMS CL 514,Consumidor Livre,SUDESTE,12.0,2.105644
,2023-05-09,47444.0,AEMS CL 514,Consumidor Livre,SUDESTE,12.0,2.211082
,2023-05-10,47444.0,AEMS CL 514,Consumidor Livre,SUDESTE,12.0,2.202359
,2023-05-11,47444.0,AEMS CL 514,Consumidor Livre,SUDESTE,12.0,1.956068
,2023-05-12,47444.0,AEMS CL 514,Consumidor Livre,SUDESTE,12.0,1.336477
,2023-05-13,47444.0,AEMS CL 514,Consumidor Livre,SUDESTE,12.0,0.595177
,2023-05-14,47444.0,AEMS CL 514,Consumidor Livre,SUDESTE,12.0,0.514904
,2023-05-15,47444.0,AEMS CL 514,Consumidor Livre,SUDESTE,12.0,1.241676
,2023-05-16,47444.0,AEMS CL 514,Consumidor Livre,SUDESTE,12.0,1.275964
,2023-05-17,47444.0,AEMS CL 514,Consumidor Livre,SUDESTE,12.0,1.234174
,2023-05-18,47444.0,AEMS CL 514,Consumidor Livre,SUDESTE,12.0,1.2704959999999998
,2023-05-19,47444.0,AEMS CL 514,Consumidor Livre,SUDESTE,12.0,1.063399
,2023-05-20,47444.0,AEMS CL 514,Consumidor Livre,SUDESTE,12.0,0.585975
,2023-05-21,47444.0,AEMS CL 514,Consumidor Livre,SUDESTE,12.0,0.44707
,2023-05-22,47444.0,AEMS CL 514,Consumidor Livre,SUDESTE,12.0,1.236373
,2023-05-23,47444.0,AEMS CL 514,Consumidor Livre,SUDESTE,12.0,1.307394
,2023-05-24,47444.0,AEMS CL 514,Consumidor Livre,SUDESTE,12.0,1.357564
,2023-05-25,47444.0,AEMS CL 514,Consumidor Livre,SUDESTE,12.0,1.485311
,2023-05-26,47444.0,AEMS CL 514,Consumidor Livre,SUDESTE,12.0,1.467827
,2023-05-27,47444.0,AEMS CL 514,Consumidor Livre,SUDESTE,12.0,0.685866
,2023-05-28,47444.0,AEMS CL 514,Consumidor Livre,SUDESTE,12.0,0.480555
,2023-05-29,47444.0,AEMS CL 514,Consumidor Livre,SUDESTE,12.0,1.358541
,2023-05-30,47444.0,AEMS CL 514,Consumidor Livre,SUDESTE,12.0,1.028907
,2023-05-31,47444.0,AEMS CL 514,Consumidor Livre,SUDESTE,12.0,1.098686
,2023-06-01,47444.0,AEMS CL 514,Consumidor Livre,SUDESTE,12.0,1.159115
,2023-06-02,47444.0,AEMS CL 514,Consumidor Livre,SUDESTE,12.0,1.030384
,2023-06-03,47444.0,AEMS CL 514,Consumidor Livre,SUDESTE,12.0,0.530556
,2023-06-04,47444.0,AEMS CL 514,Consumidor Livre,SUDESTE,12.0,0.452232
,2023-06-05,47444.0,AEMS CL 514,Consumidor Livre,SUDESTE,12.0,1.123254
,2023-06-06,47444.0,AEMS CL 514,Consumidor Livre,SUDESTE,12.0,1.112611
,2023-06-07,47444.0,AEMS CL 514,Consumidor Livre,SUDESTE,12.0,0.95116
,2023-06-08,47444.0,AEMS CL 514,Consumidor Livre,SUDESTE,12.0,0.492367
,2023-06-09,47444.0,AEMS CL 514,Consumidor Livre,SUDESTE,12.0,0.6681779999999999
,2023-06-10,47444.0,AEMS CL 514,Consumidor Livre,SUDESTE,12.0,0.488454
,2023-06-11,47444.0,AEMS CL 514,Consumidor Livre,SUDESTE,12.0,0.490858
,2023-06-12,47444.0,AEMS CL 514,Consumidor Livre,SUDESTE,12.0,1.18342
,2023-06-13,47444.0,AEMS CL 514,Consumidor Livre,SUDESTE,12.0,0.977359
,2023-06-14,47444.0,AEMS CL 514,Consumidor Livre,SUDESTE,12.0,0.859842
,2023-06-15,47444.0,AEMS CL 514,Consumidor Livre,SUDESTE,12.0,0.398137
,2023-06-16,47444.0,AEMS CL 514,Consumidor Livre,SUDESTE,12.0,0.534159
,2023-06-17,47444.0,AEMS CL 514,Consumidor Livre,SUDESTE,12.0,0.424654
,2023-06-18,47444.0,AEMS CL 514,Consumidor Livre,SUDESTE,12.0,0.409714
,2023-06-19,47444.0,AEMS CL 514,Consumidor Livre,SUDESTE,12.0,0.8259
,2023-06-20,47444.0,AEMS CL 514,Consumidor Livre,SUDESTE,12.0,0.823686
,2023-06-21,47444.0,AEMS CL 514,Consumidor Livre,SUDESTE,12.0,0.828519
,2023-06-22,47444.0,AEMS CL 514,Consumidor Livre,SUDESTE,12.0,0.863863
,2023-06-23,47444.0,AEMS CL 514,Consumidor Livre,SUDESTE,12.0,0.828287
,2023-06-24,47444.0,AEMS CL 514,Consumidor Livre,SUDESTE,12.0,0.50118
,2023-06-25,47444.0,AEMS CL 514,Consumidor Livre,SUDESTE,12.0,0.428247
,2023-06-26,47444.0,AEMS CL 514,Consumidor Livre,SUDESTE,12.0,0.858065
,2023-06-27,47444.0,AEMS CL 514,Consumidor Livre,SUDESTE,12.0,0.861173
,2023-06-28,47444.0,AEMS CL 514,Consumidor Livre,SUDESTE,12.0,0.963377
,2023-06-29,47444.0,AEMS CL 514,Consumidor Livre,SUDESTE,12.0,0.935071
,2023-06-30,47444.0,AEMS CL 514,Consumidor Livre,SUDESTE,12.0,0.979098
,2023-07-01,47444.0,AEMS CL 514,Consumidor Livre,SUDESTE,12.0,0.482268
,2023-07-02,47444.0,AEMS CL 514,Consumidor Livre,SUDESTE,12.0,0.427044
,2023-07-03,47444.0,AEMS CL 514,Consumidor Livre,SUDESTE,12.0,0.836808
,2023-07-04,47444.0,AEMS CL 514,Consumidor Livre,SUDESTE,12.0,0.77842
,2023-07-05,47444.0,AEMS CL 514,Consumidor Livre,SUDESTE,12.0,0.796534
,2023-07-06,47444.0,AEMS CL 514,Consumidor Livre,SUDESTE,12.0,1.008421
,2023-07-07,47444.0,AEMS CL 514,Consumidor Livre,SUDESTE,12.0,0.947848
,2023-07-08,47444.0,AEMS CL 514,Consumidor Livre,SUDESTE,12.0,0.536846
,2023-07-09,47444.0,AEMS CL 514,Consumidor Livre,SUDESTE,12.0,0.46513
,2023-07-10,47444.0,AEMS CL 514,Consumidor Livre,SUDESTE,12.0,0.73172
,2023-07-11,47444.0,AEMS CL 514,Consumidor Livre,SUDESTE,12.0,0.943618
,2023-07-12,47444.0,AEMS CL 514,Consumidor Livre,SUDESTE,12.0,0.909242
,2023-07-13,47444.0,AEMS CL 514,Consumidor Livre,SUDESTE,12.0,0.731676
,2023-07-14,47444.0,AEMS CL 514,Consumidor Livre,SUDESTE,12.0,0.635508
,2023-07-15,47444.0,AEMS CL 514,Consumidor Livre,SUDESTE,12.0,0.467377
,2023-07-16,47444.0,AEMS CL 514,Consumidor Livre,SUDESTE,12.0,0.439316
,2023-07-17,47444.0,AEMS CL 514,Consumidor Livre,SUDESTE,12.0,0.654849
,2023-07-18,47444.0,AEMS CL 514,Consumidor Livre,SUDESTE,12.0,0.611439
,2023-07-19,47444.0,AEMS CL 514,Consumidor Livre,SUDESTE,12.0,0.6227090000000001
,2023-07-20,47444.0,AEMS CL 514,Consumidor Livre,SUDESTE,12.0,0.697928
,2023-07-21,47444.0,AEMS CL 514,Consumidor Livre,SUDESTE,12.0,0.730858
,2023-07-22,47444.0,AEMS CL 514,Consumidor Livre,SUDESTE,12.0,0.486454
,2023-07-23,47444.0,AEMS CL 514,Consumidor Livre,SUDESTE,12.0,0.433621
,2023-07-24,47444.0,AEMS CL 514,Consumidor Livre,SUDESTE,12.0,0.667968
,2023-07-25,47444.0,AEMS CL 514,Consumidor Livre,SUDESTE,12.0,0.675945
,2023-07-26,47444.0,AEMS CL 514,Consumidor Livre,SUDESTE,12.0,0.749398
,2023-07-27,47444.0,AEMS CL 514,Consumidor Livre,SUDESTE,12.0,0.6751050000000001
,2023-07-28,47444.0,AEMS CL 514,Consumidor Livre,SUDESTE,12.0,0.63032
,2023-07-29,47444.0,AEMS CL 514,Consumidor Livre,SUDESTE,12.0,0.49499
,2023-07-30,47444.0,AEMS CL 514,Consumidor Livre,SUDESTE,12.0,0.421038
,2023-07-31,47444.0,AEMS CL 514,Consumidor Livre,SUDESTE,12.0,0.735482
,2023-08-01,47444.0,AEMS CL 514,Consumidor Livre,SUDESTE,12.0,0.992631
,2023-08-02,47444.0,AEMS CL 514,Consumidor Livre,SUDESTE,12.0,0.98958
,2023-08-03,47444.0,AEMS CL 514,Consumidor Livre,SUDESTE,12.0,1.133155
,2023-08-04,47444.0,AEMS CL 514,Consumidor Livre,SUDESTE,12.0,1.083275
,2023-08-05,47444.0,AEMS CL 514,Consumidor Livre,SUDESTE,12.0,0.5929059999999999
,2023-08-06,47444.0,AEMS CL 514,Consumidor Livre,SUDESTE,12.0,0.435634
,2023-08-07,47444.0,AEMS CL 514,Consumidor Livre,SUDESTE,12.0,1.425537
,2023-08-08,47444.0,AEMS CL 514,Consumidor Livre,SUDESTE,12.0,1.69466
,2023-08-09,47444.0,AEMS CL 514,Consumidor Livre,SUDESTE,12.0,1.466916
,2023-08-10,47444.0,AEMS CL 514,Consumidor Livre,SUDESTE,12.0,1.664233
,2023-08-11,47444.0,AEMS CL 514,Consumidor Livre,SUDESTE,12.0,1.587032
,2023-08-12,47444.0,AEMS CL 514,Consumidor Livre,SUDESTE,12.0,0.895303
,2023-08-13,47444.0,AEMS CL 514,Consumidor Livre,SUDESTE,12.0,0.566176
,2023-08-14,47444.0,AEMS CL 514,Consumidor Livre,SUDESTE,12.0,1.32432
,2023-08-15,47444.0,AEMS CL 514,Consumidor Livre,SUDESTE,12.0,1.530391
,2023-08-16,47444.0,AEMS CL 514,Consumidor Livre,SUDESTE,12.0,1.627414
,2023-08-17,47444.0,AEMS CL 514,Consumidor Livre,SUDESTE,12.0,1.48508
,2023-08-18,47444.0,AEMS CL 514,Consumidor Livre,SUDESTE,12.0,1.407391
,2023-08-19,47444.0,AEMS CL 514,Consumidor Livre,SUDESTE,12.0,0.622154
,2023-08-20,47444.0,AEMS CL 514,Consumidor Livre,SUDESTE,12.0,0.45285
,2023-08-21,47444.0,AEMS CL 514,Consumidor Livre,SUDESTE,12.0,1.208793
,2023-08-22,47444.0,AEMS CL 514,Consumidor Livre,SUDESTE,12.0,1.80875
,2023-08-23,47444.0,AEMS CL 514,Consumidor Livre,SUDESTE,12.0,1.974276
,2023-08-24,47444.0,AEMS CL 514,Consumidor Livre,SUDESTE,12.0,2.015729
,2023-08-25,47444.0,AEMS CL 514,Consumidor Livre,SUDESTE,12.0,1.919132
,2023-08-26,47444.0,AEMS CL 514,Consumidor Livre,SUDESTE,12.0,0.754915
,2023-08-27,47444.0,AEMS CL 514,Consumidor Livre,SUDESTE,12.0,0.4517029999999999
,2023-08-28,47444.0,AEMS CL 514,Consumidor Livre,SUDESTE,12.0,1.083925
,2023-08-29,47444.0,AEMS CL 514,Consumidor Livre,SUDESTE,12.0,1.377166
,2023-08-30,47444.0,AEMS CL 514,Consumidor Livre,SUDESTE,12.0,1.380712
,2023-08-31,47444.0,AEMS CL 514,Consumidor Livre,SUDESTE,12.0,1.165402
,2023-09-01,47444.0,AEMS CL 514,Consumidor Livre,SUDESTE,12.0,1.208368
,2023-09-02,47444.0,AEMS CL 514,Consumidor Livre,SUDESTE,12.0,0.8156720000000001
,2023-09-03,47444.0,AEMS CL 514,Consumidor Livre,SUDESTE,12.0,0.543261
,2023-09-04,47444.0,AEMS CL 514,Consumidor Livre,SUDESTE,12.0,1.974938
,2023-09-05,47444.0,AEMS CL 514,Consumidor Livre,SUDESTE,12.0,1.941653
,2023-09-06,47444.0,AEMS CL 514,Consumidor Livre,SUDESTE,12.0,1.84141
,2023-09-07,47444.0,AEMS CL 514,Consumidor Livre,SUDESTE,12.0,0.49695
,2023-09-08,47444.0,AEMS CL 514,Consumidor Livre,SUDESTE,12.0,0.754761
,2023-09-09,47444.0,AEMS CL 514,Consumidor Livre,SUDESTE,12.0,0.465644
,2023-09-10,47444.0,AEMS CL 514,Consumidor Livre,SUDESTE,12.0,0.466022
,2023-09-11,47444.0,AEMS CL 514,Consumidor Livre,SUDESTE,12.0,1.79145
,2023-09-12,47444.0,AEMS CL 514,Consumidor Livre,SUDESTE,12.0,2.290922
,2023-09-13,47444.0,AEMS CL 514,Consumidor Livre,SUDESTE,12.0,2.073494
,2023-09-14,47444.0,AEMS CL 514,Consumidor Livre,SUDESTE,12.0,1.129741
,2023-09-15,47444.0,AEMS CL 514,Consumidor Livre,SUDESTE,12.0,1.043211
,2023-09-16,47444.0,AEMS CL 514,Consumidor Livre,SUDESTE,12.0,0.6833319999999999
,2023-09-17,47444.0,AEMS CL 514,Consumidor Livre,SUDESTE,12.0,0.529838
,2023-09-18,47444.0,AEMS CL 514,Consumidor Livre,SUDESTE,12.0,1.872335
,2023-09-19,47444.0,AEMS CL 514,Consumidor Livre,SUDESTE,12.0,2.141685
,2023-09-20,47444.0,AEMS CL 514,Consumidor Livre,SUDESTE,12.0,2.094928
,2023-09-21,47444.0,AEMS CL 514,Consumidor Livre,SUDESTE,12.0,2.004784
,2023-09-22,47444.0,AEMS CL 514,Consumidor Livre,SUDESTE,12.0,2.255642
,2023-09-23,47444.0,AEMS CL 514,Consumidor Livre,SUDESTE,12.0,1.024166
,2023-09-24,47444.0,AEMS CL 514,Consumidor Livre,SUDESTE,12.0,0.656378
,2023-09-25,47444.0,AEMS CL 514,Consumidor Livre,SUDESTE,12.0,2.79845
,2023-09-26,47444.0,AEMS CL 514,Consumidor Livre,SUDESTE,12.0,3.469482
,2023-09-27,47444.0,AEMS CL 514,Consumidor Livre,SUDESTE,12.0,3.395953
,2023-09-28,47444.0,AEMS CL 514,Consumidor Livre,SUDESTE,12.0,2.256381
,2023-09-29,47444.0,AEMS CL 514,Consumidor Livre,SUDESTE,12.0,2.038492
,2023-09-30,47444.0,AEMS CL 514,Consumidor Livre,SUDESTE,12.0,0.863872
,2023-10-01,47444.0,AEMS CL 514,Consumidor Livre,SUDESTE,12.0,0.532798
,2023-10-02,47444.0,AEMS CL 514,Consumidor Livre,SUDESTE,12.0,2.3332040000000003
,2023-10-03,47444.0,AEMS CL 514,Consumidor Livre,SUDESTE,12.0,2.678669
,2023-10-04,47444.0,AEMS CL 514,Consumidor Livre,SUDESTE,12.0,2.594346
,2023-10-05,47444.0,AEMS CL 514,Consumidor Livre,SUDESTE,12.0,2.720854
,2023-10-06,47444.0,AEMS CL 514,Consumidor Livre,SUDESTE,12.0,2.588262
,2023-10-07,47444.0,AEMS CL 514,Consumidor Livre,SUDESTE,12.0,1.114097
,2023-10-08,47444.0,AEMS CL 514,Consumidor Livre,SUDESTE,12.0,0.701209
,2023-10-09,47444.0,AEMS CL 514,Consumidor Livre,SUDESTE,12.0,1.638447
,2023-10-10,47444.0,AEMS CL 514,Consumidor Livre,SUDESTE,12.0,1.596786
,2023-10-11,47444.0,AEMS CL 514,Consumidor Livre,SUDESTE,12.0,0.545704
,2023-10-12,47444.0,AEMS CL 514,Consumidor Livre,SUDESTE,12.0,0.559357
,2023-10-13,47444.0,AEMS CL 514,Consumidor Livre,SUDESTE,12.0,0.565224
,2023-10-14,47444.0,AEMS CL 514,Consumidor Livre,SUDESTE,12.0,0.523813
,2023-10-15,47444.0,AEMS CL 514,Consumidor Livre,SUDESTE,12.0,0.522313
,2023-10-16,47444.0,AEMS CL 514,Consumidor Livre,SUDESTE,12.0,1.976292
,2023-10-17,47444.0,AEMS CL 514,Consumidor Livre,SUDESTE,12.0,2.597307
,2023-10-18,47444.0,AEMS CL 514,Consumidor Livre,SUDESTE,12.0,2.465216
,2023-10-19,47444.0,AEMS CL 514,Consumidor Livre,SUDESTE,12.0,2.222175
,2023-10-20,47444.0,AEMS CL 514,Consumidor Livre,SUDESTE,12.0,1.651936
,2023-10-21,47444.0,AEMS CL 514,Consumidor Livre,SUDESTE,12.0,0.7383649999999999
,2023-10-22,47444.0,AEMS CL 514,Consumidor Livre,SUDESTE,12.0,0.588667
,2023-10-23,47444.0,AEMS CL 514,Consumidor Livre,SUDESTE,12.0,2.475312
,2023-10-24,47444.0,AEMS CL 514,Consumidor Livre,SUDESTE,12.0,2.469307
,2023-10-25,47444.0,AEMS CL 514,Consumidor Livre,SUDESTE,12.0,2.55073
,2023-10-26,47444.0,AEMS CL 514,Consumidor Livre,SUDESTE,12.0,2.527091
,2023-10-27,47444.0,AEMS CL 514,Consumidor Livre,SUDESTE,12.0,1.7929460000000002
,2023-10-28,47444.0,AEMS CL 514,Consumidor Livre,SUDESTE,12.0,0.908904
,2023-10-29,47444.0,AEMS CL 514,Consumidor Livre,SUDESTE,12.0,0.527335
,2023-10-30,47444.0,AEMS CL 514,Consumidor Livre,SUDESTE,12.0,1.815743
,2023-10-31,47444.0,AEMS CL 514,Consumidor Livre,SUDESTE,12.0,2.107035
,2023-11-01,47444.0,AEMS CL 514,Consumidor Livre,SUDESTE,12.0,1.763259
,2023-11-02,47444.0,AEMS CL 514,Consumidor Livre,SUDESTE,12.0,0.599572
,2023-11-03,47444.0,AEMS CL 514,Consumidor Livre,SUDESTE,12.0,1.233239
,2023-11-04,47444.0,AEMS CL 514,Consumidor Livre,SUDESTE,12.0,0.882291
,2023-11-05,47444.0,AEMS CL 514,Consumidor Livre,SUDESTE,12.0,1.653403
,2023-11-06,47444.0,AEMS CL 514,Consumidor Livre,SUDESTE,12.0,2.052499
,2023-11-07,47444.0,AEMS CL 514,Consumidor Livre,SUDESTE,12.0,2.186254
,2023-11-08,47444.0,AEMS CL 514,Consumidor Livre,SUDESTE,12.0,2.211344
,2023-11-09,47444.0,AEMS CL 514,Consumidor Livre,SUDESTE,12.0,2.265381
,2023-11-10,47444.0,AEMS CL 514,Consumidor Livre,SUDESTE,12.0,2.278722
,2023-11-11,47444.0,AEMS CL 514,Consumidor Livre,SUDESTE,12.0,1.137639
,2023-11-12,47444.0,AEMS CL 514,Consumidor Livre,SUDESTE,12.0,2.407113
,2023-11-13,47444.0,AEMS CL 514,Consumidor Livre,SUDESTE,12.0,2.49598
,2023-11-14,47444.0,AEMS CL 514,Consumidor Livre,SUDESTE,12.0,2.620206
,2023-11-15,47444.0,AEMS CL 514,Consumidor Livre,SUDESTE,12.0,0.678406
,2023-11-16,47444.0,AEMS CL 514,Consumidor Livre,SUDESTE,12.0,2.811709
,2023-11-17,47444.0,AEMS CL 514,Consumidor Livre,SUDESTE,12.0,2.404335
,2023-11-18,47444.0,AEMS CL 514,Consumidor Livre,SUDESTE,12.0,1.315165
,2023-11-19,47444.0,AEMS CL 514,Consumidor Livre,SUDESTE,12.0,0.849079
,2023-11-20,47444.0,AEMS CL 514,Consumidor Livre,SUDESTE,12.0,2.23111
,2023-11-21,47444.0,AEMS CL 514,Consumidor Livre,SUDESTE,12.0,2.839775
,2023-11-22,47444.0,AEMS CL 514,Consumidor Livre,SUDESTE,12.0,3.170244
,2023-11-23,47444.0,AEMS CL 514,Consumidor Livre,SUDESTE,12.0,2.323701
,2023-11-24,47444.0,AEMS CL 514,Consumidor Livre,SUDESTE,12.0,1.903927
,2023-11-25,47444.0,AEMS CL 514,Consumidor Livre,SUDESTE,12.0,0.940771
,2023-11-26,47444.0,AEMS CL 514,Consumidor Livre,SUDESTE,12.0,1.311137
,2023-11-27,47444.0,AEMS CL 514,Consumidor Livre,SUDESTE,12.0,2.068149
,2023-11-28,47444.0,AEMS CL 514,Consumidor Livre,SUDESTE,12.0,2.251439
,2023-11-29,47444.0,AEMS CL 514,Consumidor Livre,SUDESTE,12.0,2.175723
,2023-11-30,47444.0,AEMS CL 514,Consumidor Livre,SUDESTE,12.0,2.078182
,2023-12-01,47444.0,AEMS CL 514,Consumidor Livre,SUDESTE,12.0,2.222841
,2023-12-02,47444.0,AEMS CL 514,Consumidor Livre,SUDESTE,12.0,1.160452
,2023-12-03,47444.0,AEMS CL 514,Consumidor Livre,SUDESTE,12.0,0.737007
,2023-12-04,47444.0,AEMS CL 514,Consumidor Livre,SUDESTE,12.0,1.786547
,2023-12-05,47444.0,AEMS CL 514,Consumidor Livre,SUDESTE,12.0,1.694104
,2023-12-06,47444.0,AEMS CL 514,Consumidor Livre,SUDESTE,12.0,2.073288
,2023-12-07,47444.0,AEMS CL 514,Consumidor Livre,SUDESTE,12.0,2.008291
,2023-12-08,47444.0,AEMS CL 514,Consumidor Livre,SUDESTE,12.0,1.940166
,2023-12-09,47444.0,AEMS CL 514,Consumidor Livre,SUDESTE,12.0,0.7947730000000001
,2023-12-10,47444.0,AEMS CL 514,Consumidor Livre,SUDESTE,12.0,0.542202
,2023-12-11,47444.0,AEMS CL 514,Consumidor Livre,SUDESTE,12.0,1.620812
,2023-12-12,47444.0,AEMS CL 514,Consumidor Livre,SUDESTE,12.0,1.897495
,2023-12-13,47444.0,AEMS CL 514,Consumidor Livre,SUDESTE,12.0,1.876146
,2023-12-14,47444.0,AEMS CL 514,Consumidor Livre,SUDESTE,12.0,1.741588
,2023-12-15,47444.0,AEMS CL 514,Consumidor Livre,SUDESTE,12.0,1.600749
,2023-12-16,47444.0,AEMS CL 514,Consumidor Livre,SUDESTE,12.0,1.006527
,2023-12-17,47444.0,AEMS CL 514,Consumidor Livre,SUDESTE,12.0,2.558489
,2023-12-18,47444.0,AEMS CL 514,Consumidor Livre,SUDESTE,12.0,1.476939
,2023-12-19,47444.0,AEMS CL 514,Consumidor Livre,SUDESTE,12.0,1.279617
,2023-12-20,47444.0,AEMS CL 514,Consumidor Livre,SUDESTE,12.0,1.159761
,2023-12-21,47444.0,AEMS CL 514,Consumidor Livre,SUDESTE,12.0,1.127832
,2023-12-22,47444.0,AEMS CL 514,Consumidor Livre,SUDESTE,12.0,1.168503
,2023-12-23,47444.0,AEMS CL 514,Consumidor Livre,SUDESTE,12.0,0.7729
,2023-12-24,47444.0,AEMS CL 514,Consumidor Livre,SUDESTE,12.0,0.677228
,2023-12-25,47444.0,AEMS CL 514,Consumidor Livre,SUDESTE,12.0,0.727079
,2023-12-26,47444.0,AEMS CL 514,Consumidor Livre,SUDESTE,12.0,0.969464
,2023-12-27,47444.0,AEMS CL 514,Consumidor Livre,SUDESTE,12.0,1.101226
,2023-12-28,47444.0,AEMS CL 514,Consumidor Livre,SUDESTE,12.0,1.03078
,2023-12-29,47444.0,AEMS CL 514,Consumidor Livre,SUDESTE,12.0,1.014703
,2023-12-30,47444.0,AEMS CL 514,Consumidor Livre,SUDESTE,12.0,0.570138
,2023-12-31,47444.0,AEMS CL 514,Consumidor Livre,SUDESTE,12.0,0.571984
,2024-01-01,47444.0,AEMS CL 514,Consumidor Livre,SUDESTE,12.0,0.559011
,2024-01-02,47444.0,AEMS CL 514,Consumidor Livre,SUDESTE,12.0,0.833094
,2024-01-03,47444.0,AEMS CL 514,Consumidor Livre,SUDESTE,12.0,0.987382
,2024-01-04,47444.0,AEMS CL 514,Consumidor Livre,SUDESTE,12.0,1.01055
,2024-01-05,47444.0,AEMS CL 514,Consumidor Livre,SUDESTE,12.0,0.887338
,2024-01-06,47444.0,AEMS CL 514,Consumidor Livre,SUDESTE,12.0,0.653151
,2024-01-07,47444.0,AEMS CL 514,Consumidor Livre,SUDESTE,12.0,0.560295
,2024-01-08,47444.0,AEMS CL 514,Consumidor Livre,SUDESTE,12.0,1.092736
,2024-01-09,47444.0,AEMS CL 514,Consumidor Livre,SUDESTE,12.0,1.076582
,2024-01-10,47444.0,AEMS CL 514,Consumidor Livre,SUDESTE,12.0,1.185339
,2024-01-11,47444.0,AEMS CL 514,Consumidor Livre,SUDESTE,12.0,1.121083
,2024-01-12,47444.0,AEMS CL 514,Consumidor Livre,SUDESTE,12.0,1.173447
,2024-01-13,47444.0,AEMS CL 514,Consumidor Livre,SUDESTE,12.0,0.7486550000000001
,2024-01-14,47444.0,AEMS CL 514,Consumidor Livre,SUDESTE,12.0,0.721337
,2024-01-15,47444.0,AEMS CL 514,Consumidor Livre,SUDESTE,12.0,1.049428
,2024-01-16,47444.0,AEMS CL 514,Consumidor Livre,SUDESTE,12.0,1.105639
,2024-01-17,47444.0,AEMS CL 514,Consumidor Livre,SUDESTE,12.0,1.072215
,2024-01-18,47444.0,AEMS CL 514,Consumidor Livre,SUDESTE,12.0,1.175625
,2024-01-19,47444.0,AEMS CL 514,Consumidor Livre,SUDESTE,12.0,1.028228
,2024-01-20,47444.0,AEMS CL 514,Consumidor Livre,SUDESTE,12.0,0.751069
,2024-01-21,47444.0,AEMS CL 514,Consumidor Livre,SUDESTE,12.0,0.558732
,2024-01-22,47444.0,AEMS CL 514,Consumidor Livre,SUDESTE,12.0,1.266186
,2024-01-23,47444.0,AEMS CL 514,Consumidor Livre,SUDESTE,12.0,1.201672
,2024-01-24,47444.0,AEMS CL 514,Consumidor Livre,SUDESTE,12.0,1.0917679999999998
,2024-01-25,47444.0,AEMS CL 514,Consumidor Livre,SUDESTE,12.0,1.091166
,2024-01-26,47444.0,AEMS CL 514,Consumidor Livre,SUDESTE,12.0,1.054112
,2024-01-27,47444.0,AEMS CL 514,Consumidor Livre,SUDESTE,12.0,0.709857
,2024-01-28,47444.0,AEMS CL 514,Consumidor Livre,SUDESTE,12.0,0.5888599999999999
,2024-01-29,47444.0,AEMS CL 514,Consumidor Livre,SUDESTE,12.0,1.328162
,2024-01-30,47444.0,AEMS CL 514,Consumidor Livre,SUDESTE,12.0,1.124087
,2024-01-31,47444.0,AEMS CL 514,Consumidor Livre,SUDESTE,12.0,1.236639
,2024-02-01,47444.0,AEMS CL 514,Consumidor Livre,SUDESTE,12.0,1.194894
,2024-02-02,47444.0,AEMS CL 514,Consumidor Livre,SUDESTE,12.0,1.194553
,2024-02-03,47444.0,AEMS CL 514,Consumidor Livre,SUDESTE,12.0,0.735162
,2024-02-04,47444.0,AEMS CL 514,Consumidor Livre,SUDESTE,12.0,0.527219
,2024-02-05,47444.0,AEMS CL 514,Consumidor Livre,SUDESTE,12.0,2.612944
,2024-02-06,47444.0,AEMS CL 514,Consumidor Livre,SUDESTE,12.0,2.122881
,2024-02-07,47444.0,AEMS CL 514,Consumidor Livre,SUDESTE,12.0,1.859642
,2024-02-08,47444.0,AEMS CL 514,Consumidor Livre,SUDESTE,12.0,1.735726
,2024-02-09,47444.0,AEMS CL 514,Consumidor Livre,SUDESTE,12.0,1.504369
,2024-02-10,47444.0,AEMS CL 514,Consumidor Livre,SUDESTE,12.0,0.87532
,2024-02-11,47444.0,AEMS CL 514,Consumidor Livre,SUDESTE,12.0,0.690262
,2024-02-12,47444.0,AEMS CL 514,Consumidor Livre,SUDESTE,12.0,0.654757
,2024-02-13,47444.0,AEMS CL 514,Consumidor Livre,SUDESTE,12.0,0.638071
,2024-02-14,47444.0,AEMS CL 514,Consumidor Livre,SUDESTE,12.0,0.876733
,2024-02-15,47444.0,AEMS CL 514,Consumidor Livre,SUDESTE,12.0,0.966556
,2024-02-16,47444.0,AEMS CL 514,Consumidor Livre,SUDESTE,12.0,0.951977
,2024-02-17,47444.0,AEMS CL 514,Consumidor Livre,SUDESTE,12.0,0.784467
,2024-02-18,47444.0,AEMS CL 514,Consumidor Livre,SUDESTE,12.0,0.551437
,2024-02-19,47444.0,AEMS CL 514,Consumidor Livre,SUDESTE,12.0,2.08077
,2024-02-20,47444.0,AEMS CL 514,Consumidor Livre,SUDESTE,12.0,2.303028
,2024-02-21,47444.0,AEMS CL 514,Consumidor Livre,SUDESTE,12.0,2.34749
,2024-02-22,47444.0,AEMS CL 514,Consumidor Livre,SUDESTE,12.0,2.29735
,2024-02-23,47444.0,AEMS CL 514,Consumidor Livre,SUDESTE,12.0,2.082358
,2024-02-24,47444.0,AEMS CL 514,Consumidor Livre,SUDESTE,12.0,1.115529
,2024-02-25,47444.0,AEMS CL 514,Consumidor Livre,SUDESTE,12.0,0.855305
,2024-02-26,47444.0,AEMS CL 514,Consumidor Livre,SUDESTE,12.0,2.545331
,2024-02-27,47444.0,AEMS CL 514,Consumidor Livre,SUDESTE,12.0,2.908318
,2024-02-28,47444.0,AEMS CL 514,Consumidor Livre,SUDESTE,12.0,2.902556
,2024-02-29,47444.0,AEMS CL 514,Consumidor Livre,SUDESTE,12.0,2.950256
202403.0,2024-03-01,47444.0,AEMS CL 514,Consumidor Livre,SUDESTE,12.0,2.323348
202403.0,2024-03-02,47444.0,AEMS CL 514,Consumidor Livre,SUDESTE,12.0,1.104974
202403.0,2024-03-03,47444.0,AEMS CL 514,Consumidor Livre,SUDESTE,12.0,0.758149
202403.0,2024-03-04,47444.0,AEMS CL 514,Consumidor Livre,SUDESTE,12.0,2.772757
202403.0,2024-03-05,47444.0,AEMS CL 514,Consumidor Livre,SUDESTE,12.0,2.703845
202403.0,2024-03-06,47444.0,AEMS CL 514,Consumidor Livre,SUDESTE,12.0,2.618007
202403.0,2024-03-07,47444.0,AEMS CL 514,Consumidor Livre,SUDESTE,12.0,2.760132
202403.0,2024-03-08,47444.0,AEMS CL 514,Consumidor Livre,SUDESTE,12.0,2.137234
202403.0,2024-03-09,47444.0,AEMS CL 514,Consumidor Livre,SUDESTE,12.0,1.02121
202403.0,2024-03-10,47444.0,AEMS CL 514,Consumidor Livre,SUDESTE,12.0,0.868801
202403.0,2024-03-11,47444.0,AEMS CL 514,Consumidor Livre,SUDESTE,12.0,2.878238
202403.0,2024-03-12,47444.0,AEMS CL 514,Consumidor Livre,SUDESTE,12.0,2.739502
202403.0,2024-03-13,47444.0,AEMS CL 514,Consumidor Livre,SUDESTE,12.0,2.866862
202403.0,2024-03-14,47444.0,AEMS CL 514,Consumidor Livre,SUDESTE,12.0,3.000429
202403.0,2024-03-15,47444.0,AEMS CL 514,Consumidor Livre,SUDESTE,12.0,2.345161
202403.0,2024-03-16,47444.0,AEMS CL 514,Consumidor Livre,SUDESTE,12.0,1.217649
202403.0,2024-03-17,47444.0,AEMS CL 514,Consumidor Livre,SUDESTE,12.0,0.829603
202403.0,2024-03-18,47444.0,AEMS CL 514,Consumidor Livre,SUDESTE,12.0,2.753052
202403.0,2024-03-19,47444.0,AEMS CL 514,Consumidor Livre,SUDESTE,12.0,3.045228
202403.0,2024-03-20,47444.0,AEMS CL 514,Consumidor Livre,SUDESTE,12.0,2.750076
202403.0,2024-03-21,47444.0,AEMS CL 514,Consumidor Livre,SUDESTE,12.0,2.44546
202403.0,2024-03-22,47444.0,AEMS CL 514,Consumidor Livre,SUDESTE,12.0,1.80201
202403.0,2024-03-23,47444.0,AEMS CL 514,Consumidor Livre,SUDESTE,12.0,0.872532
202403.0,2024-03-24,47444.0,AEMS CL 514,Consumidor Livre,SUDESTE,12.0,0.676603
202403.0,2024-03-25,47444.0,AEMS CL 514,Consumidor Livre,SUDESTE,12.0,1.872241
202403.0,2024-03-26,47444.0,AEMS CL 514,Consumidor Livre,SUDESTE,12.0,1.897216
202403.0,2024-03-27,47444.0,AEMS CL 514,Consumidor Livre,SUDESTE,12.0,1.548885
202403.0,2024-03-28,47444.0,AEMS CL 514,Consumidor Livre,SUDESTE,12.0,1.579972
202403.0,2024-03-29,47444.0,AEMS CL 514,Consumidor Livre,SUDESTE,12.0,0.798301
202403.0,2024-03-30,47444.0,AEMS CL 514,Consumidor Livre,SUDESTE,12.0,0.785747
202403.0,2024-03-31,47444.0,AEMS CL 514,Consumidor Livre,SUDESTE,12.0,0.764026
202404.0,2024-04-01,47444.0,AEMS CL 514,Consumidor Livre,SUDESTE,12.0,2.073265
202404.0,2024-04-02,47444.0,AEMS CL 514,Consumidor Livre,SUDESTE,12.0,2.202141
202404.0,2024-04-03,47444.0,AEMS CL 514,Consumidor Livre,SUDESTE,12.0,2.312572
202404.0,2024-04-04,47444.0,AEMS CL 514,Consumidor Livre,SUDESTE,12.0,2.338941
202404.0,2024-04-05,47444.0,AEMS CL 514,Consumidor Livre,SUDESTE,12.0,2.034056
202404.0,2024-04-06,47444.0,AEMS CL 514,Consumidor Livre,SUDESTE,12.0,1.143682
202404.0,2024-04-07,47444.0,AEMS CL 514,Consumidor Livre,SUDESTE,12.0,0.723666
202404.0,2024-04-08,47444.0,AEMS CL 514,Consumidor Livre,SUDESTE,12.0,2.307749
202404.0,2024-04-09,47444.0,AEMS CL 514,Consumidor Livre,SUDESTE,12.0,2.472657
202404.0,2024-04-10,47444.0,AEMS CL 514,Consumidor Livre,SUDESTE,12.0,2.452555
202404.0,2024-04-11,47444.0,AEMS CL 514,Consumidor Livre,SUDESTE,12.0,2.342833
202404.0,2024-04-12,47444.0,AEMS CL 514,Consumidor Livre,SUDESTE,12.0,1.92047
202404.0,2024-04-13,47444.0,AEMS CL 514,Consumidor Livre,SUDESTE,12.0,0.988678
202404.0,2024-04-14,47444.0,AEMS CL 514,Consumidor Livre,SUDESTE,12.0,0.581717
202404.0,2024-04-15,47444.0,AEMS CL 514,Consumidor Livre,SUDESTE,12.0,1.985329
202404.0,2024-04-16,47444.0,AEMS CL 514,Consumidor Livre,SUDESTE,12.0,1.935979
202404.0,2024-04-17,47444.0,AEMS CL 514,Consumidor Livre,SUDESTE,12.0,1.820958
202404.0,2024-04-18,47444.0,AEMS CL 514,Consumidor Livre,SUDESTE,12.0,1.670905
202404.0,2024-04-19,47444.0,AEMS CL 514,Consumidor Livre,SUDESTE,12.0,1.376346
202404.0,2024-04-20,47444.0,AEMS CL 514,Consumidor Livre,SUDESTE,12.0,0.810928
202404.0,2024-04-21,47444.0,AEMS CL 514,Consumidor Livre,SUDESTE,12.0,0.616903
202404.0,2024-04-22,47444.0,AEMS CL 514,Consumidor Livre,SUDESTE,12.0,2.059282
202404.0,2024-04-23,47444.0,AEMS CL 514,Consumidor Livre,SUDESTE,12.0,2.135224
202404.0,2024-04-24,47444.0,AEMS CL 514,Consumidor Livre,SUDESTE,12.0,2.482656
202404.0,2024-04-25,47444.0,AEMS CL 514,Consumidor Livre,SUDESTE,12.0,2.403477
202404.0,2024-04-26,47444.0,AEMS CL 514,Consumidor Livre,SUDESTE,12.0,2.035375
202404.0,2024-04-27,47444.0,AEMS CL 514,Consumidor Livre,SUDESTE,12.0,1.043156
202404.0,2024-04-28,47444.0,AEMS CL 514,Consumidor Livre,SUDESTE,12.0,0.783131
202404.0,2024-04-29,47444.0,AEMS CL 514,Consumidor Livre,SUDESTE,12.0,2.422627
202404.0,2024-04-30,47444.0,AEMS CL 514,Consumidor Livre,SUDESTE,12.0,2.288653
202405.0,2024-05-01,47444.0,AEMS CL 514,Consumidor Livre,SUDESTE,12.0,0.678921
202405.0,2024-05-02,47444.0,AEMS CL 514,Consumidor Livre,SUDESTE,12.0,2.307553
202405.0,2024-05-03,47444.0,AEMS CL 514,Consumidor Livre,SUDESTE,12.0,1.936227
202405.0,2024-05-04,47444.0,AEMS CL 514,Consumidor Livre,SUDESTE,12.0,0.866106
202405.0,2024-05-05,47444.0,AEMS CL 514,Consumidor Livre,SUDESTE,12.0,0.595481
202405.0,2024-05-06,47444.0,AEMS CL 514,Consumidor Livre,SUDESTE,12.0,2.362534
202405.0,2024-05-07,47444.0,AEMS CL 514,Consumidor Livre,SUDESTE,12.0,2.470462
202405.0,2024-05-08,47444.0,AEMS CL 514,Consumidor Livre,SUDESTE,12.0,2.449699
202405.0,2024-05-09,47444.0,AEMS CL 514,Consumidor Livre,SUDESTE,12.0,2.328419
202405.0,2024-05-10,47444.0,AEMS CL 514,Consumidor Livre,SUDESTE,12.0,1.82204
202405.0,2024-05-11,47444.0,AEMS CL 514,Consumidor Livre,SUDESTE,12.0,0.953582
202405.0,2024-05-12,47444.0,AEMS CL 514,Consumidor Livre,SUDESTE,12.0,0.607777
202405.0,2024-05-13,47444.0,AEMS CL 514,Consumidor Livre,SUDESTE,12.0,2.049751
202405.0,2024-05-14,47444.0,AEMS CL 514,Consumidor Livre,SUDESTE,12.0,1.874752
202405.0,2024-05-15,47444.0,AEMS CL 514,Consumidor Livre,SUDESTE,12.0,1.708085
202405.0,2024-05-16,47444.0,AEMS CL 514,Consumidor Livre,SUDESTE,12.0,1.884174
202405.0,2024-05-17,47444.0,AEMS CL 514,Consumidor Livre,SUDESTE,12.0,1.720043
202405.0,2024-05-18,47444.0,AEMS CL 514,Consumidor Livre,SUDESTE,12.0,0.854078
202405.0,2024-05-19,47444.0,AEMS CL 514,Consumidor Livre,SUDESTE,12.0,0.577226
202405.0,2024-05-20,47444.0,AEMS CL 514,Consumidor Livre,SUDESTE,12.0,1.413464
202405.0,2024-05-21,47444.0,AEMS CL 514,Consumidor Livre,SUDESTE,12.0,1.747311
202405.0,2024-05-22,47444.0,AEMS CL 514,Consumidor Livre,SUDESTE,12.0,1.742486
202405.0,2024-05-23,47444.0,AEMS CL 514,Consumidor Livre,SUDESTE,12.0,1.808945
202405.0,2024-05-24,47444.0,AEMS CL 514,Consumidor Livre,SUDESTE,12.0,1.252295
202405.0,2024-05-25,47444.0,AEMS CL 514,Consumidor Livre,SUDESTE,12.0,0.769038
202405.0,2024-05-26,47444.0,AEMS CL 514,Consumidor Livre,SUDESTE,12.0,0.613159
202405.0,2024-05-27,47444.0,AEMS CL 514,Consumidor Livre,SUDESTE,12.0,0.934763
202405.0,2024-05-28,47444.0,AEMS CL 514,Consumidor Livre,SUDESTE,12.0,0.770583
202405.0,2024-05-29,47444.0,AEMS CL 514,Consumidor Livre,SUDESTE,12.0,0.816987
202405.0,2024-05-30,47444.0,AEMS CL 514,Consumidor Livre,SUDESTE,12.0,0.478225
202405.0,2024-05-31,47444.0,AEMS CL 514,Consumidor Livre,SUDESTE,12.0,0.461242
202406.0,2024-06-01,47444.0,AEMS CL 514,Consumidor Livre,SUDESTE,12.0,0.450291
202406.0,2024-06-02,47444.0,AEMS CL 514,Consumidor Livre,SUDESTE,12.0,0.458056
202406.0,2024-06-03,47444.0,AEMS CL 514,Consumidor Livre,SUDESTE,12.0,1.058575
202406.0,2024-06-04,47444.0,AEMS CL 514,Consumidor Livre,SUDESTE,12.0,1.058085
202406.0,2024-06-05,47444.0,AEMS CL 514,Consumidor Livre,SUDESTE,12.0,1.07059
202406.0,2024-06-06,47444.0,AEMS CL 514,Consumidor Livre,SUDESTE,12.0,1.066453
202406.0,2024-06-07,47444.0,AEMS CL 514,Consumidor Livre,SUDESTE,12.0,0.808101
202406.0,2024-06-08,47444.0,AEMS CL 514,Consumidor Livre,SUDESTE,12.0,0.6988
202406.0,2024-06-09,47444.0,AEMS CL 514,Consumidor Livre,SUDESTE,12.0,0.533583
202406.0,2024-06-10,47444.0,AEMS CL 514,Consumidor Livre,SUDESTE,12.0,1.155469
202406.0,2024-06-11,47444.0,AEMS CL 514,Consumidor Livre,SUDESTE,12.0,1.14518
202406.0,2024-06-12,47444.0,AEMS CL 514,Consumidor Livre,SUDESTE,12.0,0.841826
202406.0,2024-06-13,47444.0,AEMS CL 514,Consumidor Livre,SUDESTE,12.0,1.073266
202406.0,2024-06-14,47444.0,AEMS CL 514,Consumidor Livre,SUDESTE,12.0,1.124983
202406.0,2024-06-15,47444.0,AEMS CL 514,Consumidor Livre,SUDESTE,12.0,0.532378
202406.0,2024-06-16,47444.0,AEMS CL 514,Consumidor Livre,SUDESTE,12.0,0.508273
202406.0,2024-06-17,47444.0,AEMS CL 514,Consumidor Livre,SUDESTE,12.0,1.068712
202406.0,2024-06-18,47444.0,AEMS CL 514,Consumidor Livre,SUDESTE,12.0,1.070133
202406.0,2024-06-19,47444.0,AEMS CL 514,Consumidor Livre,SUDESTE,12.0,1.074614
202406.0,2024-06-20,47444.0,AEMS CL 514,Consumidor Livre,SUDESTE,12.0,1.096634
202406.0,2024-06-21,47444.0,AEMS CL 514,Consumidor Livre,SUDESTE,12.0,0.94123
202406.0,2024-06-22,47444.0,AEMS CL 514,Consumidor Livre,SUDESTE,12.0,0.597997
202406.0,2024-06-23,47444.0,AEMS CL 514,Consumidor Livre,SUDESTE,12.0,0.498225
202406.0,2024-06-24,47444.0,AEMS CL 514,Consumidor Livre,SUDESTE,12.0,1.352686
202406.0,2024-06-25,47444.0,AEMS CL 514,Consumidor Livre,SUDESTE,12.0,1.14573
202406.0,2024-06-26,47444.0,AEMS CL 514,Consumidor Livre,SUDESTE,12.0,1.214868
202406.0,2024-06-27,47444.0,AEMS CL 514,Consumidor Livre,SUDESTE,12.0,0.932029
202406.0,2024-06-28,47444.0,AEMS CL 514,Consumidor Livre,SUDESTE,12.0,0.8641449999999999
202406.0,2024-06-29,47444.0,AEMS CL 514,Consumidor Livre,SUDESTE,12.0,0.54719
202406.0,2024-06-30,47444.0,AEMS CL 514,Consumidor Livre,SUDESTE,12.0,0.437192
202407.0,2024-07-01,47444.0,AEMS CL 514,Consumidor Livre,SUDESTE,12.0,0.5789610000000001
202407.0,2024-07-02,47444.0,AEMS CL 514,Consumidor Livre,SUDESTE,12.0,0.585301
202407.0,2024-07-03,47444.0,AEMS CL 514,Consumidor Livre,SUDESTE,12.0,0.622761
202407.0,2024-07-04,47444.0,AEMS CL 514,Consumidor Livre,SUDESTE,12.0,0.643637
202407.0,2024-07-05,47444.0,AEMS CL 514,Consumidor Livre,SUDESTE,12.0,0.635628
202407.0,2024-07-06,47444.0,AEMS CL 514,Consumidor Livre,SUDESTE,12.0,0.535107
202407.0,2024-07-07,47444.0,AEMS CL 514,Consumidor Livre,SUDESTE,12.0,0.466623
202407.0,2024-07-08,47444.0,AEMS CL 514,Consumidor Livre,SUDESTE,12.0,0.604124
202407.0,2024-07-09,47444.0,AEMS CL 514,Consumidor Livre,SUDESTE,12.0,0.544107
202407.0,2024-07-10,47444.0,AEMS CL 514,Consumidor Livre,SUDESTE,12.0,0.530937
202407.0,2024-07-11,47444.0,AEMS CL 514,Consumidor Livre,SUDESTE,12.0,0.573821
202407.0,2024-07-12,47444.0,AEMS CL 514,Consumidor Livre,SUDESTE,12.0,0.581274
202407.0,2024-07-13,47444.0,AEMS CL 514,Consumidor Livre,SUDESTE,12.0,0.467873
202407.0,2024-07-14,47444.0,AEMS CL 514,Consumidor Livre,SUDESTE,12.0,0.396913
202407.0,2024-07-15,47444.0,AEMS CL 514,Consumidor Livre,SUDESTE,12.0,0.63783
202407.0,2024-07-16,47444.0,AEMS CL 514,Consumidor Livre,SUDESTE,12.0,0.605896
202407.0,2024-07-17,47444.0,AEMS CL 514,Consumidor Livre,SUDESTE,12.0,0.57917
202407.0,2024-07-18,47444.0,AEMS CL 514,Consumidor Livre,SUDESTE,12.0,0.583244
202407.0,2024-07-19,47444.0,AEMS CL 514,Consumidor Livre,SUDESTE,12.0,0.580608
202407.0,2024-07-20,47444.0,AEMS CL 514,Consumidor Livre,SUDESTE,12.0,0.495263
202407.0,2024-07-21,47444.0,AEMS CL 514,Consumidor Livre,SUDESTE,12.0,0.426562
202407.0,2024-07-22,47444.0,AEMS CL 514,Consumidor Livre,SUDESTE,12.0,0.637166
202407.0,2024-07-23,47444.0,AEMS CL 514,Consumidor Livre,SUDESTE,12.0,0.632193
202407.0,2024-07-24,47444.0,AEMS CL 514,Consumidor Livre,SUDESTE,12.0,0.624897
202407.0,2024-07-25,47444.0,AEMS CL 514,Consumidor Livre,SUDESTE,12.0,0.703132
202407.0,2024-07-26,47444.0,AEMS CL 514,Consumidor Livre,SUDESTE,12.0,0.672956
202407.0,2024-07-27,47444.0,AEMS CL 514,Consumidor Livre,SUDESTE,12.0,0.559119
202407.0,2024-07-28,47444.0,AEMS CL 514,Consumidor Livre,SUDESTE,12.0,0.501674
202407.0,2024-07-29,47444.0,AEMS CL 514,Consumidor Livre,SUDESTE,12.0,0.789602
202407.0,2024-07-30,47444.0,AEMS CL 514,Consumidor Livre,SUDESTE,12.0,0.709184
202407.0,2024-07-31,47444.0,AEMS CL 514,Consumidor Livre,SUDESTE,12.0,0.687642
202408.0,2024-08-01,47444.0,AEMS CL 514,Consumidor Livre,SUDESTE,12.0,0.725267
202408.0,2024-08-02,47444.0,AEMS CL 514,Consumidor Livre,SUDESTE,12.0,0.71297
202408.0,2024-08-03,47444.0,AEMS CL 514,Consumidor Livre,SUDESTE,12.0,0.556824
202408.0,2024-08-04,47444.0,AEMS CL 514,Consumidor Livre,SUDESTE,12.0,0.483696
202408.0,2024-08-05,47444.0,AEMS CL 514,Consumidor Livre,SUDESTE,12.0,1.3103
202408.0,2024-08-06,47444.0,AEMS CL 514,Consumidor Livre,SUDESTE,12.0,1.461884
202408.0,2024-08-07,47444.0,AEMS CL 514,Consumidor Livre,SUDESTE,12.0,1.505244
202408.0,2024-08-08,47444.0,AEMS CL 514,Consumidor Livre,SUDESTE,12.0,1.253459
202408.0,2024-08-09,47444.0,AEMS CL 514,Consumidor Livre,SUDESTE,12.0,0.787886
202408.0,2024-08-10,47444.0,AEMS CL 514,Consumidor Livre,SUDESTE,12.0,0.482657
202408.0,2024-08-11,47444.0,AEMS CL 514,Consumidor Livre,SUDESTE,12.0,0.410545
202408.0,2024-08-12,47444.0,AEMS CL 514,Consumidor Livre,SUDESTE,12.0,0.807578
202408.0,2024-08-13,47444.0,AEMS CL 514,Consumidor Livre,SUDESTE,12.0,0.781131
202408.0,2024-08-14,47444.0,AEMS CL 514,Consumidor Livre,SUDESTE,12.0,0.829157
202408.0,2024-08-15,47444.0,AEMS CL 514,Consumidor Livre,SUDESTE,12.0,1.002073
202408.0,2024-08-16,47444.0,AEMS CL 514,Consumidor Livre,SUDESTE,12.0,1.024818
202408.0,2024-08-17,47444.0,AEMS CL 514,Consumidor Livre,SUDESTE,12.0,0.619122
202408.0,2024-08-18,47444.0,AEMS CL 514,Consumidor Livre,SUDESTE,12.0,1.486241
202408.0,2024-08-19,47444.0,AEMS CL 514,Consumidor Livre,SUDESTE,12.0,1.613976
202408.0,2024-08-20,47444.0,AEMS CL 514,Consumidor Livre,SUDESTE,12.0,1.743837
202408.0,2024-08-21,47444.0,AEMS CL 514,Consumidor Livre,SUDESTE,12.0,2.011728
202408.0,2024-08-22,47444.0,AEMS CL 514,Consumidor Livre,SUDESTE,12.0,1.725869
202408.0,2024-08-23,47444.0,AEMS CL 514,Consumidor Livre,SUDESTE,12.0,1.503842
202408.0,2024-08-24,47444.0,AEMS CL 514,Consumidor Livre,SUDESTE,12.0,0.698718
202408.0,2024-08-25,47444.0,AEMS CL 514,Consumidor Livre,SUDESTE,12.0,0.5227849999999999
202408.0,2024-08-26,47444.0,AEMS CL 514,Consumidor Livre,SUDESTE,12.0,0.923532
202408.0,2024-08-27,47444.0,AEMS CL 514,Consumidor Livre,SUDESTE,12.0,0.884084
202408.0,2024-08-28,47444.0,AEMS CL 514,Consumidor Livre,SUDESTE,12.0,0.992426
202408.0,2024-08-29,47444.0,AEMS CL 514,Consumidor Livre,SUDESTE,12.0,1.299592
202408.0,2024-08-30,47444.0,AEMS CL 514,Consumidor Livre,SUDESTE,12.0,1.485199
202408.0,2024-08-31,47444.0,AEMS CL 514,Consumidor Livre,SUDESTE,12.0,0.745987
202409.0,2024-09-01,47444.0,AEMS CL 514,Consumidor Livre,SUDESTE,12.0,0.58321
202409.0,2024-09-02,47444.0,AEMS CL 514,Consumidor Livre,SUDESTE,12.0,1.694899
202409.0,2024-09-03,47444.0,AEMS CL 514,Consumidor Livre,SUDESTE,12.0,1.841115
202409.0,2024-09-04,47444.0,AEMS CL 514,Consumidor Livre,SUDESTE,12.0,1.949306
202409.0,2024-09-05,47444.0,AEMS CL 514,Consumidor Livre,SUDESTE,12.0,1.409206
202409.0,2024-09-06,47444.0,AEMS CL 514,Consumidor Livre,SUDESTE,12.0,1.355725
202409.0,2024-09-07,47444.0,AEMS CL 514,Consumidor Livre,SUDESTE,12.0,0.651954
202409.0,2024-09-08,47444.0,AEMS CL 514,Consumidor Livre,SUDESTE,12.0,0.697432
202409.0,2024-09-09,47444.0,AEMS CL 514,Consumidor Livre,SUDESTE,12.0,1.948618
202409.0,2024-09-10,47444.0,AEMS CL 514,Consumidor Livre,SUDESTE,12.0,2.046802
202409.0,2024-09-11,47444.0,AEMS CL 514,Consumidor Livre,SUDESTE,12.0,2.339441
202409.0,2024-09-12,47444.0,AEMS CL 514,Consumidor Livre,SUDESTE,12.0,2.077087
202409.0,2024-09-13,47444.0,AEMS CL 514,Consumidor Livre,SUDESTE,12.0,1.988005
202409.0,2024-09-14,47444.0,AEMS CL 514,Consumidor Livre,SUDESTE,12.0,0.941845
202409.0,2024-09-15,47444.0,AEMS CL 514,Consumidor Livre,SUDESTE,12.0,0.614658
202409.0,2024-09-16,47444.0,AEMS CL 514,Consumidor Livre,SUDESTE,12.0,1.423585
202409.0,2024-09-17,47444.0,AEMS CL 514,Consumidor Livre,SUDESTE,12.0,1.804096
202409.0,2024-09-18,47444.0,AEMS CL 514,Consumidor Livre,SUDESTE,12.0,1.897653
202409.0,2024-09-19,47444.0,AEMS CL 514,Consumidor Livre,SUDESTE,12.0,2.20635
202409.0,2024-09-20,47444.0,AEMS CL 514,Consumidor Livre,SUDESTE,12.0,1.912915
202409.0,2024-09-21,47444.0,AEMS CL 514,Consumidor Livre,SUDESTE,12.0,0.924368
202409.0,2024-09-22,47444.0,AEMS CL 514,Consumidor Livre,SUDESTE,12.0,0.698836
202409.0,2024-09-23,47444.0,AEMS CL 514,Consumidor Livre,SUDESTE,12.0,2.221263
202409.0,2024-09-24,47444.0,AEMS CL 514,Consumidor Livre,SUDESTE,12.0,2.196804
202409.0,2024-09-25,47444.0,AEMS CL 514,Consumidor Livre,SUDESTE,12.0,2.449997
202409.0,2024-09-26,47444.0,AEMS CL 514,Consumidor Livre,SUDESTE,12.0,2.282173
202409.0,2024-09-27,47444.0,AEMS CL 514,Consumidor Livre,SUDESTE,12.0,1.671098
202409.0,2024-09-28,47444.0,AEMS CL 514,Consumidor Livre,SUDESTE,12.0,1.035785
202409.0,2024-09-29,47444.0,AEMS CL 514,Consumidor Livre,SUDESTE,12.0,0.638741
202409.0,2024-09-30,47444.0,AEMS CL 514,Consumidor Livre,SUDESTE,12.0,2.465147
202410.0,2024-10-01,47444.0,AEMS CL 514,Consumidor Livre,SUDESTE,12.0,2.685466
202410.0,2024-10-02,47444.0,AEMS CL 514,Consumidor Livre,SUDESTE,12.0,2.759633
202410.0,2024-10-03,47444.0,AEMS CL 514,Consumidor Livre,SUDESTE,12.0,2.736142
202410.0,2024-10-04,47444.0,AEMS CL 514,Consumidor Livre,SUDESTE,12.0,1.987553
202410.0,2024-10-05,47444.0,AEMS CL 514,Consumidor Livre,SUDESTE,12.0,0.932649
202410.0,2024-10-06,47444.0,AEMS CL 514,Consumidor Livre,SUDESTE,12.0,0.615549
202410.0,2024-10-07,47444.0,AEMS CL 514,Consumidor Livre,SUDESTE,12.0,2.078067
202410.0,2024-10-08,47444.0,AEMS CL 514,Consumidor Livre,SUDESTE,12.0,2.362877
202410.0,2024-10-09,47444.0,AEMS CL 514,Consumidor Livre,SUDESTE,12.0,2.018172
202410.0,2024-10-10,47444.0,AEMS CL 514,Consumidor Livre,SUDESTE,12.0,1.300138
202410.0,2024-10-11,47444.0,AEMS CL 514,Consumidor Livre,SUDESTE,12.0,0.677909
202410.0,2024-10-12,47444.0,AEMS CL 514,Consumidor Livre,SUDESTE,12.0,0.658459
202410.0,2024-10-13,47444.0,AEMS CL 514,Consumidor Livre,SUDESTE,12.0,0.69598
202410.0,2024-10-14,47444.0,AEMS CL 514,Consumidor Livre,SUDESTE,12.0,1.215228
202410.0,2024-10-15,47444.0,AEMS CL 514,Consumidor Livre,SUDESTE,12.0,2.348808
202410.0,2024-10-16,47444.0,AEMS CL 514,Consumidor Livre,SUDESTE,12.0,1.912592
202410.0,2024-10-17,47444.0,AEMS CL 514,Consumidor Livre,SUDESTE,12.0,2.982157
202410.0,2024-10-18,47444.0,AEMS CL 514,Consumidor Livre,SUDESTE,12.0,1.943348
202410.0,2024-10-19,47444.0,AEMS CL 514,Consumidor Livre,SUDESTE,12.0,0.922083
202410.0,2024-10-20,47444.0,AEMS CL 514,Consumidor Livre,SUDESTE,12.0,0.551888
202410.0,2024-10-21,47444.0,AEMS CL 514,Consumidor Livre,SUDESTE,12.0,2.121628
202410.0,2024-10-22,47444.0,AEMS CL 514,Consumidor Livre,SUDESTE,12.0,1.899682
202410.0,2024-10-23,47444.0,AEMS CL 514,Consumidor Livre,SUDESTE,12.0,2.06628
202410.0,2024-10-24,47444.0,AEMS CL 514,Consumidor Livre,SUDESTE,12.0,2.320994
202410.0,2024-10-25,47444.0,AEMS CL 514,Consumidor Livre,SUDESTE,12.0,2.449367
202410.0,2024-10-26,47444.0,AEMS CL 514,Consumidor Livre,SUDESTE,12.0,0.822285
202410.0,2024-10-27,47444.0,AEMS CL 514,Consumidor Livre,SUDESTE,12.0,0.590436
202410.0,2024-10-28,47444.0,AEMS CL 514,Consumidor Livre,SUDESTE,12.0,1.902545
202410.0,2024-10-29,47444.0,AEMS CL 514,Consumidor Livre,SUDESTE,12.0,2.522589
202410.0,2024-10-30,47444.0,AEMS CL 514,Consumidor Livre,SUDESTE,12.0,2.469388
202410.0,2024-10-31,47444.0,AEMS CL 514,Consumidor Livre,SUDESTE,12.0,2.403109
202411.0,2024-11-01,47444.0,AEMS CL 514,Consumidor Livre,SUDESTE,12.0,2.446804
202411.0,2024-11-02,47444.0,AEMS CL 514,Consumidor Livre,SUDESTE,12.0,0.954779
202411.0,2024-11-03,47444.0,AEMS CL 514,Consumidor Livre,SUDESTE,12.0,1.605741
202411.0,2024-11-04,47444.0,AEMS CL 514,Consumidor Livre,SUDESTE,12.0,1.95797
202411.0,2024-11-05,47444.0,AEMS CL 514,Consumidor Livre,SUDESTE,12.0,2.233306
202411.0,2024-11-06,47444.0,AEMS CL 514,Consumidor Livre,SUDESTE,12.0,2.478283
202411.0,2024-11-07,47444.0,AEMS CL 514,Consumidor Livre,SUDESTE,12.0,2.075648
202411.0,2024-11-08,47444.0,AEMS CL 514,Consumidor Livre,SUDESTE,12.0,1.650175
202411.0,2024-11-09,47444.0,AEMS CL 514,Consumidor Livre,SUDESTE,12.0,0.960653
202411.0,2024-11-10,47444.0,AEMS CL 514,Consumidor Livre,SUDESTE,12.0,2.194602
202411.0,2024-11-11,47444.0,AEMS CL 514,Consumidor Livre,SUDESTE,12.0,3.057287
202411.0,2024-11-12,47444.0,AEMS CL 514,Consumidor Livre,SUDESTE,12.0,2.294852
202411.0,2024-11-13,47444.0,AEMS CL 514,Consumidor Livre,SUDESTE,12.0,2.320155
202411.0,2024-11-14,47444.0,AEMS CL 514,Consumidor Livre,SUDESTE,12.0,2.299457
202411.0,2024-11-15,47444.0,AEMS CL 514,Consumidor Livre,SUDESTE,12.0,0.590642
202411.0,2024-11-16,47444.0,AEMS CL 514,Consumidor Livre,SUDESTE,12.0,0.581705
202411.0,2024-11-17,47444.0,AEMS CL 514,Consumidor Livre,SUDESTE,12.0,0.615558
202411.0,2024-11-18,47444.0,AEMS CL 514,Consumidor Livre,SUDESTE,12.0,1.457905
202411.0,2024-11-19,47444.0,AEMS CL 514,Consumidor Livre,SUDESTE,12.0,2.410146
202411.0,2024-11-20,47444.0,AEMS CL 514,Consumidor Livre,SUDESTE,12.0,0.747386
202411.0,2024-11-21,47444.0,AEMS CL 514,Consumidor Livre,SUDESTE,12.0,2.578104
202411.0,2024-11-22,47444.0,AEMS CL 514,Consumidor Livre,SUDESTE,12.0,2.072525
202411.0,2024-11-23,47444.0,AEMS CL 514,Consumidor Livre,SUDESTE,12.0,1.220948
202411.0,2024-11-24,47444.0,AEMS CL 514,Consumidor Livre,SUDESTE,12.0,1.543775
202411.0,2024-11-25,47444.0,AEMS CL 514,Consumidor Livre,SUDESTE,12.0,2.836146
202411.0,2024-11-26,47444.0,AEMS CL 514,Consumidor Livre,SUDESTE,12.0,2.608825
202411.0,2024-11-27,47444.0,AEMS CL 514,Consumidor Livre,SUDESTE,12.0,3.104039
202411.0,2024-11-28,47444.0,AEMS CL 514,Consumidor Livre,SUDESTE,12.0,2.347096
202411.0,2024-11-29,47444.0,AEMS CL 514,Consumidor Livre,SUDESTE,12.0,1.886114
202411.0,2024-11-30,47444.0,AEMS CL 514,Consumidor Livre,SUDESTE,12.0,1.033147
202412.0,2024-12-01,47444.0,AEMS CL 514,Consumidor Livre,SUDESTE,12.0,0.742004
202412.0,2024-12-02,47444.0,AEMS CL 514,Consumidor Livre,SUDESTE,12.0,1.862986
202412.0,2024-12-03,47444.0,AEMS CL 514,Consumidor Livre,SUDESTE,12.0,2.039685
202412.0,2024-12-04,47444.0,AEMS CL 514,Consumidor Livre,SUDESTE,12.0,1.838849
202412.0,2024-12-05,47444.0,AEMS CL 514,Consumidor Livre,SUDESTE,12.0,1.771949
202412.0,2024-12-06,47444.0,AEMS CL 514,Consumidor Livre,SUDESTE,12.0,1.671902
202412.0,2024-12-07,47444.0,AEMS CL 514,Consumidor Livre,SUDESTE,12.0,1.056992
202412.0,2024-12-08,47444.0,AEMS CL 514,Consumidor Livre,SUDESTE,12.0,0.63546
202412.0,2024-12-09,47444.0,AEMS CL 514,Consumidor Livre,SUDESTE,12.0,1.849664
202412.0,2024-12-10,47444.0,AEMS CL 514,Consumidor Livre,SUDESTE,12.0,1.749634
202412.0,2024-12-11,47444.0,AEMS CL 514,Consumidor Livre,SUDESTE,12.0,1.708474
202412.0,2024-12-12,47444.0,AEMS CL 514,Consumidor Livre,SUDESTE,12.0,1.483757
202412.0,2024-12-13,47444.0,AEMS CL 514,Consumidor Livre,SUDESTE,12.0,1.579345
202412.0,2024-12-14,47444.0,AEMS CL 514,Consumidor Livre,SUDESTE,12.0,1.048339
202412.0,2024-12-15,47444.0,AEMS CL 514,Consumidor Livre,SUDESTE,12.0,1.591912
202412.0,2024-12-16,47444.0,AEMS CL 514,Consumidor Livre,SUDESTE,12.0,1.175884
202412.0,2024-12-17,47444.0,AEMS CL 514,Consumidor Livre,SUDESTE,12.0,1.077057
202412.0,2024-12-18,47444.0,AEMS CL 514,Consumidor Livre,SUDESTE,12.0,0.980498
202412.0,2024-12-19,47444.0,AEMS CL 514,Consumidor Livre,SUDESTE,12.0,0.961577
202412.0,2024-12-20,47444.0,AEMS CL 514,Consumidor Livre,SUDESTE,12.0,1.153989
202412.0,2024-12-21,47444.0,AEMS CL 514,Consumidor Livre,SUDESTE,12.0,0.643777
202412.0,2024-12-22,47444.0,AEMS CL 514,Consumidor Livre,SUDESTE,12.0,0.552376
202412.0,2024-12-23,47444.0,AEMS CL 514,Consumidor Livre,SUDESTE,12.0,0.8894380000000001
202412.0,2024-12-24,47444.0,AEMS CL 514,Consumidor Livre,SUDESTE,12.0,0.704808
202412.0,2024-12-25,47444.0,AEMS CL 514,Consumidor Livre,SUDESTE,12.0,0.573154
202412.0,2024-12-26,47444.0,AEMS CL 514,Consumidor Livre,SUDESTE,12.0,0.711814
202412.0,2024-12-27,47444.0,AEMS CL 514,Consumidor Livre,SUDESTE,12.0,0.884
202412.0,2024-12-28,47444.0,AEMS CL 514,Consumidor Livre,SUDESTE,12.0,0.675095
202412.0,2024-12-29,47444.0,AEMS CL 514,Consumidor Livre,SUDESTE,12.0,0.563576
202412.0,2024-12-30,47444.0,AEMS CL 514,Consumidor Livre,SUDESTE,12.0,0.927667
202412.0,2024-12-31,47444.0,AEMS CL 514,Consumidor Livre,SUDESTE,12.0,0.715474
202501.0,2025-01-01,47444.0,AEMS CL 514,Consumidor Livre,SUDESTE,12.0,0.554898
202501.0,2025-01-02,47444.0,AEMS CL 514,Consumidor Livre,SUDESTE,12.0,0.728386
202501.0,2025-01-03,47444.0,AEMS CL 514,Consumidor Livre,SUDESTE,12.0,0.91282
202501.0,2025-01-04,47444.0,AEMS CL 514,Consumidor Livre,SUDESTE,12.0,0.71867
202501.0,2025-01-05,47444.0,AEMS CL 514,Consumidor Livre,SUDESTE,12.0,0.600098
202501.0,2025-01-06,47444.0,AEMS CL 514,Consumidor Livre,SUDESTE,12.0,1.008173
202501.0,2025-01-07,47444.0,AEMS CL 514,Consumidor Livre,SUDESTE,12.0,1.038744
202501.0,2025-01-08,47444.0,AEMS CL 514,Consumidor Livre,SUDESTE,12.0,1.033974
202501.0,2025-01-09,47444.0,AEMS CL 514,Consumidor Livre,SUDESTE,12.0,1.079193
202501.0,2025-01-10,47444.0,AEMS CL 514,Consumidor Livre,SUDESTE,12.0,1.024349
202501.0,2025-01-11,47444.0,AEMS CL 514,Consumidor Livre,SUDESTE,12.0,0.789266
202501.0,2025-01-12,47444.0,AEMS CL 514,Consumidor Livre,SUDESTE,12.0,0.659462
202501.0,2025-01-13,47444.0,AEMS CL 514,Consumidor Livre,SUDESTE,12.0,1.002816
202501.0,2025-01-14,47444.0,AEMS CL 514,Consumidor Livre,SUDESTE,12.0,1.132954
202501.0,2025-01-15,47444.0,AEMS CL 514,Consumidor Livre,SUDESTE,12.0,1.135596
202501.0,2025-01-16,47444.0,AEMS CL 514,Consumidor Livre,SUDESTE,12.0,1.114015
202501.0,2025-01-17,47444.0,AEMS CL 514,Consumidor Livre,SUDESTE,12.0,1.537648
202501.0,2025-01-18,47444.0,AEMS CL 514,Consumidor Livre,SUDESTE,12.0,0.820812
202501.0,2025-01-19,47444.0,AEMS CL 514,Consumidor Livre,SUDESTE,12.0,0.67945
202501.0,2025-01-20,47444.0,AEMS CL 514,Consumidor Livre,SUDESTE,12.0,1.570765
202501.0,2025-01-21,47444.0,AEMS CL 514,Consumidor Livre,SUDESTE,12.0,2.132103
202501.0,2025-01-22,47444.0,AEMS CL 514,Consumidor Livre,SUDESTE,12.0,1.578656
202501.0,2025-01-23,47444.0,AEMS CL 514,Consumidor Livre,SUDESTE,12.0,1.595921
202501.0,2025-01-24,47444.0,AEMS CL 514,Consumidor Livre,SUDESTE,12.0,1.505611
202501.0,2025-01-25,47444.0,AEMS CL 514,Consumidor Livre,SUDESTE,12.0,1.024365
202501.0,2025-01-26,47444.0,AEMS CL 514,Consumidor Livre,SUDESTE,12.0,0.763366
202501.0,2025-01-27,47444.0,AEMS CL 514,Consumidor Livre,SUDESTE,12.0,1.489548
202501.0,2025-01-28,47444.0,AEMS CL 514,Consumidor Livre,SUDESTE,12.0,1.454289
202501.0,2025-01-29,47444.0,AEMS CL 514,Consumidor Livre,SUDESTE,12.0,1.555892
202501.0,2025-01-30,47444.0,AEMS CL 514,Consumidor Livre,SUDESTE,12.0,1.513356
202501.0,2025-01-31,47444.0,AEMS CL 514,Consumidor Livre,SUDESTE,12.0,1.037252
202502.0,2025-02-01,47444.0,AEMS CL 514,Consumidor Livre,SUDESTE,12.0,0.742726
202502.0,2025-02-02,47444.0,AEMS CL 514,Consumidor Livre,SUDESTE,12.0,0.614131
202502.0,2025-02-03,47444.0,AEMS CL 514,Consumidor Livre,SUDESTE,12.0,1.806518
202502.0,2025-02-04,47444.0,AEMS CL 514,Consumidor Livre,SUDESTE,12.0,1.689028
202502.0,2025-02-05,47444.0,AEMS CL 514,Consumidor Livre,SUDESTE,12.0,1.392647
202502.0,2025-02-06,47444.0,AEMS CL 514,Consumidor Livre,SUDESTE,12.0,1.709994
202502.0,2025-02-07,47444.0,AEMS CL 514,Consumidor Livre,SUDESTE,12.0,1.453874
202502.0,2025-02-08,47444.0,AEMS CL 514,Consumidor Livre,SUDESTE,12.0,0.819525
202502.0,2025-02-09,47444.0,AEMS CL 514,Consumidor Livre,SUDESTE,12.0,0.763397
202502.0,2025-02-10,47444.0,AEMS CL 514,Consumidor Livre,SUDESTE,12.0,2.361891
202502.0,2025-02-11,47444.0,AEMS CL 514,Consumidor Livre,SUDESTE,12.0,2.4324
202502.0,2025-02-12,47444.0,AEMS CL 514,Consumidor Livre,SUDESTE,12.0,2.327595
202502.0,2025-02-13,47444.0,AEMS CL 514,Consumidor Livre,SUDESTE,12.0,2.276582
202502.0,2025-02-14,47444.0,AEMS CL 514,Consumidor Livre,SUDESTE,12.0,2.021267
202502.0,2025-02-15,47444.0,AEMS CL 514,Consumidor Livre,SUDESTE,12.0,1.035924
202502.0,2025-02-16,47444.0,AEMS CL 514,Consumidor Livre,SUDESTE,12.0,0.867826
202502.0,2025-02-17,47444.0,AEMS CL 514,Consumidor Livre,SUDESTE,12.0,2.608599
202502.0,2025-02-18,47444.0,AEMS CL 514,Consumidor Livre,SUDESTE,12.0,2.757176
202502.0,2025-02-19,47444.0,AEMS CL 514,Consumidor Livre,SUDESTE,12.0,2.742665
202502.0,2025-02-20,47444.0,AEMS CL 514,Consumidor Livre,SUDESTE,12.0,3.03712
202502.0,2025-02-21,47444.0,AEMS CL 514,Consumidor Livre,SUDESTE,12.0,2.364323
202502.0,2025-02-22,47444.0,AEMS CL 514,Consumidor Livre,SUDESTE,12.0,0.935768
202502.0,2025-02-23,47444.0,AEMS CL 514,Consumidor Livre,SUDESTE,12.0,0.666555
202502.0,2025-02-24,47444.0,AEMS CL 514,Consumidor Livre,SUDESTE,12.0,2.529237
202502.0,2025-02-25,47444.0,AEMS CL 514,Consumidor Livre,SUDESTE,12.0,2.695527
202502.0,2025-02-26,47444.0,AEMS CL 514,Consumidor Livre,SUDESTE,12.0,2.770038
202502.0,2025-02-27,47444.0,AEMS CL 514,Consumidor Livre,SUDESTE,12.0,2.568867
202502.0,2025-02-28,47444.0,AEMS CL 514,Consumidor Livre,SUDESTE,12.0,2.182877
202503.0,2025-03-01,47444.0,AEMS CL 514,Consumidor Livre,SUDESTE,12.0,1.021013
202503.0,2025-03-02,47444.0,AEMS CL 514,Consumidor Livre,SUDESTE,12.0,0.861543
202503.0,2025-03-03,47444.0,AEMS CL 514,Consumidor Livre,SUDESTE,12.0,0.922377
202503.0,2025-03-04,47444.0,AEMS CL 514,Consumidor Livre,SUDESTE,12.0,0.871287
202503.0,2025-03-05,47444.0,AEMS CL 514,Consumidor Livre,SUDESTE,12.0,1.264822
202503.0,2025-03-06,47444.0,AEMS CL 514,Consumidor Livre,SUDESTE,12.0,2.518834
202503.0,2025-03-07,47444.0,AEMS CL 514,Consumidor Livre,SUDESTE,12.0,2.262159
202503.0,2025-03-08,47444.0,AEMS CL 514,Consumidor Livre,SUDESTE,12.0,1.202437
202503.0,2025-03-09,47444.0,AEMS CL 514,Consumidor Livre,SUDESTE,12.0,1.000068
202503.0,2025-03-10,47444.0,AEMS CL 514,Consumidor Livre,SUDESTE,12.0,2.953931
202503.0,2025-03-11,47444.0,AEMS CL 514,Consumidor Livre,SUDESTE,12.0,2.741864
202503.0,2025-03-12,47444.0,AEMS CL 514,Consumidor Livre,SUDESTE,12.0,2.5291680000000003
202503.0,2025-03-13,47444.0,AEMS CL 514,Consumidor Livre,SUDESTE,12.0,2.59546
202503.0,2025-03-14,47444.0,AEMS CL 514,Consumidor Livre,SUDESTE,12.0,2.252572
202503.0,2025-03-15,47444.0,AEMS CL 514,Consumidor Livre,SUDESTE,12.0,1.086323
202503.0,2025-03-16,47444.0,AEMS CL 514,Consumidor Livre,SUDESTE,12.0,0.786726
202503.0,2025-03-17,47444.0,AEMS CL 514,Consumidor Livre,SUDESTE,12.0,2.70594
202503.0,2025-03-18,47444.0,AEMS CL 514,Consumidor Livre,SUDESTE,12.0,2.889337
202503.0,2025-03-19,47444.0,AEMS CL 514,Consumidor Livre,SUDESTE,12.0,2.366396
202503.0,2025-03-20,47444.0,AEMS CL 514,Consumidor Livre,SUDESTE,12.0,2.52652
202503.0,2025-03-21,47444.0,AEMS CL 514,Consumidor Livre,SUDESTE,12.0,2.017936
202503.0,2025-03-22,47444.0,AEMS CL 514,Consumidor Livre,SUDESTE,12.0,0.871825
202503.0,2025-03-23,47444.0,AEMS CL 514,Consumidor Livre,SUDESTE,12.0,0.622156
202503.0,2025-03-24,47444.0,AEMS CL 514,Consumidor Livre,SUDESTE,12.0,2.419708
202503.0,2025-03-25,47444.0,AEMS CL 514,Consumidor Livre,SUDESTE,12.0,2.961691
202503.0,2025-03-26,47444.0,AEMS CL 514,Consumidor Livre,SUDESTE,12.0,2.624639
202503.0,2025-03-27,47444.0,AEMS CL 514,Consumidor Livre,SUDESTE,12.0,2.470229
202503.0,2025-03-28,47444.0,AEMS CL 514,Consumidor Livre,SUDESTE,12.0,2.219654
202503.0,2025-03-29,47444.0,AEMS CL 514,Consumidor Livre,SUDESTE,12.0,0.935641
202503.0,2025-03-30,47444.0,AEMS CL 514,Consumidor Livre,SUDESTE,12.0,0.606875
202503.0,2025-03-31,47444.0,AEMS CL 514,Consumidor Livre,SUDESTE,12.0,1.974579
202504.0,2025-04-01,47444.0,AEMS CL 514,Consumidor Livre,SUDESTE,12.0,2.615816
202504.0,2025-04-02,47444.0,AEMS CL 514,Consumidor Livre,SUDESTE,12.0,2.847533
202504.0,2025-04-03,47444.0,AEMS CL 514,Consumidor Livre,SUDESTE,12.0,2.362962
202504.0,2025-04-04,47444.0,AEMS CL 514,Consumidor Livre,SUDESTE,12.0,2.023989
202504.0,2025-04-05,47444.0,AEMS CL 514,Consumidor Livre,SUDESTE,12.0,0.900706
202504.0,2025-04-06,47444.0,AEMS CL 514,Consumidor Livre,SUDESTE,12.0,0.671864
202504.0,2025-04-07,47444.0,AEMS CL 514,Consumidor Livre,SUDESTE,12.0,2.107714
202504.0,2025-04-08,47444.0,AEMS CL 514,Consumidor Livre,SUDESTE,12.0,2.221268
202504.0,2025-04-09,47444.0,AEMS CL 514,Consumidor Livre,SUDESTE,12.0,2.176315
202504.0,2025-04-10,47444.0,AEMS CL 514,Consumidor Livre,SUDESTE,12.0,2.156028
202504.0,2025-04-11,47444.0,AEMS CL 514,Consumidor Livre,SUDESTE,12.0,1.936761
202504.0,2025-04-12,47444.0,AEMS CL 514,Consumidor Livre,SUDESTE,12.0,0.849213
202504.0,2025-04-13,47444.0,AEMS CL 514,Consumidor Livre,SUDESTE,12.0,0.546024
202504.0,2025-04-14,47444.0,AEMS CL 514,Consumidor Livre,SUDESTE,12.0,2.279202
202504.0,2025-04-15,47444.0,AEMS CL 514,Consumidor Livre,SUDESTE,12.0,1.911172
202504.0,2025-04-16,47444.0,AEMS CL 514,Consumidor Livre,SUDESTE,12.0,1.862622
202504.0,2025-04-17,47444.0,AEMS CL 514,Consumidor Livre,SUDESTE,12.0,1.567336
202504.0,2025-04-18,47444.0,AEMS CL 514,Consumidor Livre,SUDESTE,12.0,0.548422
202504.0,2025-04-19,47444.0,AEMS CL 514,Consumidor Livre,SUDESTE,12.0,0.529498
202504.0,2025-04-20,47444.0,AEMS CL 514,Consumidor Livre,SUDESTE,12.0,0.545341
202504.0,2025-04-21,47444.0,AEMS CL 514,Consumidor Livre,SUDESTE,12.0,0.558053
202504.0,2025-04-22,47444.0,AEMS CL 514,Consumidor Livre,SUDESTE,12.0,1.959301
202504.0,2025-04-23,47444.0,AEMS CL 514,Consumidor Livre,SUDESTE,12.0,2.044354
202504.0,2025-04-24,47444.0,AEMS CL 514,Consumidor Livre,SUDESTE,12.0,1.657096
202504.0,2025-04-25,47444.0,AEMS CL 514,Consumidor Livre,SUDESTE,12.0,1.562678
202504.0,2025-04-26,47444.0,AEMS CL 514,Consumidor Livre,SUDESTE,12.0,0.690635
202504.0,2025-04-27,47444.0,AEMS CL 514,Consumidor Livre,SUDESTE,12.0,0.570745
202504.0,2025-04-28,47444.0,AEMS CL 514,Consumidor Livre,SUDESTE,12.0,1.861443
202504.0,2025-04-29,47444.0,AEMS CL 514,Consumidor Livre,SUDESTE,12.0,1.553079
202504.0,2025-04-30,47444.0,AEMS CL 514,Consumidor Livre,SUDESTE,12.0,1.416574
202505.0,2025-05-01,47444.0,AEMS CL 514,Consumidor Livre,SUDESTE,12.0,0.572476
202505.0,2025-05-02,47444.0,AEMS CL 514,Consumidor Livre,SUDESTE,12.0,0.849211
202505.0,2025-05-03,47444.0,AEMS CL 514,Consumidor Livre,SUDESTE,12.0,0.677383
202505.0,2025-05-04,47444.0,AEMS CL 514,Consumidor Livre,SUDESTE,12.0,0.59897
202505.0,2025-05-05,47444.0,AEMS CL 514,Consumidor Livre,SUDESTE,12.0,1.807774
202505.0,2025-05-06,47444.0,AEMS CL 514,Consumidor Livre,SUDESTE,12.0,1.839362
202505.0,2025-05-07,47444.0,AEMS CL 514,Consumidor Livre,SUDESTE,12.0,1.98468
202505.0,2025-05-08,47444.0,AEMS CL 514,Consumidor Livre,SUDESTE,12.0,1.916458
202505.0,2025-05-09,47444.0,AEMS CL 514,Consumidor Livre,SUDESTE,12.0,1.882275
202505.0,2025-05-10,47444.0,AEMS CL 514,Consumidor Livre,SUDESTE,12.0,0.873488
202505.0,2025-05-11,47444.0,AEMS CL 514,Consumidor Livre,SUDESTE,12.0,0.6782009999999999
202505.0,2025-05-12,47444.0,AEMS CL 514,Consumidor Livre,SUDESTE,12.0,1.875532
202505.0,2025-05-13,47444.0,AEMS CL 514,Consumidor Livre,SUDESTE,12.0,2.085805
202505.0,2025-05-14,47444.0,AEMS CL 514,Consumidor Livre,SUDESTE,12.0,2.150887
202505.0,2025-05-15,47444.0,AEMS CL 514,Consumidor Livre,SUDESTE,12.0,1.755131
202505.0,2025-05-16,47444.0,AEMS CL 514,Consumidor Livre,SUDESTE,12.0,1.728046
202505.0,2025-05-17,47444.0,AEMS CL 514,Consumidor Livre,SUDESTE,12.0,0.821857
202505.0,2025-05-18,47444.0,AEMS CL 514,Consumidor Livre,SUDESTE,12.0,0.710036
202505.0,2025-05-19,47444.0,AEMS CL 514,Consumidor Livre,SUDESTE,12.0,1.950313
202505.0,2025-05-20,47444.0,AEMS CL 514,Consumidor Livre,SUDESTE,12.0,1.421147
202505.0,2025-05-21,47444.0,AEMS CL 514,Consumidor Livre,SUDESTE,12.0,1.452271
202505.0,2025-05-22,47444.0,AEMS CL 514,Consumidor Livre,SUDESTE,12.0,1.335268
202505.0,2025-05-23,47444.0,AEMS CL 514,Consumidor Livre,SUDESTE,12.0,1.116713
202505.0,2025-05-24,47444.0,AEMS CL 514,Consumidor Livre,SUDESTE,12.0,0.516173
202505.0,2025-05-25,47444.0,AEMS CL 514,Consumidor Livre,SUDESTE,12.0,1.146575
202505.0,2025-05-26,47444.0,AEMS CL 514,Consumidor Livre,SUDESTE,12.0,1.321137
202505.0,2025-05-27,47444.0,AEMS CL 514,Consumidor Livre,SUDESTE,12.0,1.483937
202505.0,2025-05-28,47444.0,AEMS CL 514,Consumidor Livre,SUDESTE,12.0,1.071319
202505.0,2025-05-29,47444.0,AEMS CL 514,Consumidor Livre,SUDESTE,12.0,0.667839
202505.0,2025-05-30,47444.0,AEMS CL 514,Consumidor Livre,SUDESTE,12.0,0.539114
202505.0,2025-05-31,47444.0,AEMS CL 514,Consumidor Livre,SUDESTE,12.0,0.365943
202506.0,2025-06-01,47444.0,AEMS CL 514,Consumidor Livre,SUDESTE,12.0,0.3682769999999999
202506.0,2025-06-02,47444.0,AEMS CL 514,Consumidor Livre,SUDESTE,12.0,0.566758
202506.0,2025-06-03,47444.0,AEMS CL 514,Consumidor Livre,SUDESTE,12.0,0.95489
202506.0,2025-06-04,47444.0,AEMS CL 514,Consumidor Livre,SUDESTE,12.0,1.113377
202506.0,2025-06-05,47444.0,AEMS CL 514,Consumidor Livre,SUDESTE,12.0,1.137297
202506.0,2025-06-06,47444.0,AEMS CL 514,Consumidor Livre,SUDESTE,12.0,0.604531
202506.0,2025-06-07,47444.0,AEMS CL 514,Consumidor Livre,SUDESTE,12.0,0.4137389999999999
202506.0,2025-06-08,47444.0,AEMS CL 514,Consumidor Livre,SUDESTE,12.0,0.418716
202506.0,2025-06-09,47444.0,AEMS CL 514,Consumidor Livre,SUDESTE,12.0,0.82439
202506.0,2025-06-10,47444.0,AEMS CL 514,Consumidor Livre,SUDESTE,12.0,0.633362
202506.0,2025-06-11,47444.0,AEMS CL 514,Consumidor Livre,SUDESTE,12.0,0.601362
202506.0,2025-06-12,47444.0,AEMS CL 514,Consumidor Livre,SUDESTE,12.0,0.514365
202506.0,2025-06-13,47444.0,AEMS CL 514,Consumidor Livre,SUDESTE,12.0,0.520757
202506.0,2025-06-14,47444.0,AEMS CL 514,Consumidor Livre,SUDESTE,12.0,0.357765
202506.0,2025-06-15,47444.0,AEMS CL 514,Consumidor Livre,SUDESTE,12.0,0.414183
202506.0,2025-06-16,47444.0,AEMS CL 514,Consumidor Livre,SUDESTE,12.0,0.667488
202506.0,2025-06-17,47444.0,AEMS CL 514,Consumidor Livre,SUDESTE,12.0,0.637709
202506.0,2025-06-18,47444.0,AEMS CL 514,Consumidor Livre,SUDESTE,12.0,0.636217
202506.0,2025-06-19,47444.0,AEMS CL 514,Consumidor Livre,SUDESTE,12.0,0.387824
202506.0,2025-06-20,47444.0,AEMS CL 514,Consumidor Livre,SUDESTE,12.0,0.612572
202506.0,2025-06-21,47444.0,AEMS CL 514,Consumidor Livre,SUDESTE,12.0,0.382279
202506.0,2025-06-22,47444.0,AEMS CL 514,Consumidor Livre,SUDESTE,12.0,0.381984
202506.0,2025-06-23,47444.0,AEMS CL 514,Consumidor Livre,SUDESTE,12.0,0.777922
202506.0,2025-06-24,47444.0,AEMS CL 514,Consumidor Livre,SUDESTE,12.0,0.482697
202506.0,2025-06-25,47444.0,AEMS CL 514,Consumidor Livre,SUDESTE,12.0,0.457489
202506.0,2025-06-26,47444.0,AEMS CL 514,Consumidor Livre,SUDESTE,12.0,0.529119
202506.0,2025-06-27,47444.0,AEMS CL 514,Consumidor Livre,SUDESTE,12.0,0.519949
202506.0,2025-06-28,47444.0,AEMS CL 514,Consumidor Livre,SUDESTE,12.0,0.357536
202506.0,2025-06-29,47444.0,AEMS CL 514,Consumidor Livre,SUDESTE,12.0,0.358169
202506.0,2025-06-30,47444.0,AEMS CL 514,Consumidor Livre,SUDESTE,12.0,0.580729
202507.0,2025-07-01,47444.0,AEMS CL 514,Consumidor Livre,SUDESTE,12.0,0.44506
202507.0,2025-07-02,47444.0,AEMS CL 514,Consumidor Livre,SUDESTE,12.0,0.41045
202507.0,2025-07-03,47444.0,AEMS CL 514,Consumidor Livre,SUDESTE,12.0,0.386991
202507.0,2025-07-04,47444.0,AEMS CL 514,Consumidor Livre,SUDESTE,12.0,0.37189
202507.0,2025-07-05,47444.0,AEMS CL 514,Consumidor Livre,SUDESTE,12.0,0.327832
202507.0,2025-07-06,47444.0,AEMS CL 514,Consumidor Livre,SUDESTE,12.0,0.322951
202507.0,2025-07-07,47444.0,AEMS CL 514,Consumidor Livre,SUDESTE,12.0,0.359671
202507.0,2025-07-08,47444.0,AEMS CL 514,Consumidor Livre,SUDESTE,12.0,0.368819
202507.0,2025-07-09,47444.0,AEMS CL 514,Consumidor Livre,SUDESTE,12.0,0.386663
202507.0,2025-07-10,47444.0,AEMS CL 514,Consumidor Livre,SUDESTE,12.0,0.379893
202507.0,2025-07-11,47444.0,AEMS CL 514,Consumidor Livre,SUDESTE,12.0,0.365929
202507.0,2025-07-12,47444.0,AEMS CL 514,Consumidor Livre,SUDESTE,12.0,0.354243
202507.0,2025-07-13,47444.0,AEMS CL 514,Consumidor Livre,SUDESTE,12.0,0.35657
202507.0,2025-07-14,47444.0,AEMS CL 514,Consumidor Livre,SUDESTE,12.0,0.458873
202507.0,2025-07-15,47444.0,AEMS CL 514,Consumidor Livre,SUDESTE,12.0,0.406328
202507.0,2025-07-16,47444.0,AEMS CL 514,Consumidor Livre,SUDESTE,12.0,0.441256
202507.0,2025-07-17,47444.0,AEMS CL 514,Consumidor Livre,SUDESTE,12.0,0.544129
202507.0,2025-07-18,47444.0,AEMS CL 514,Consumidor Livre,SUDESTE,12.0,0.38231
202507.0,2025-07-19,47444.0,AEMS CL 514,Consumidor Livre,SUDESTE,12.0,0.346607
202507.0,2025-07-20,47444.0,AEMS CL 514,Consumidor Livre,SUDESTE,12.0,0.355468
202507.0,2025-07-21,47444.0,AEMS CL 514,Consumidor Livre,SUDESTE,12.0,0.426791
202507.0,2025-07-22,47444.0,AEMS CL 514,Consumidor Livre,SUDESTE,12.0,0.476812
202507.0,2025-07-23,47444.0,AEMS CL 514,Consumidor Livre,SUDESTE,12.0,0.488184
202507.0,2025-07-24,47444.0,AEMS CL 514,Consumidor Livre,SUDESTE,12.0,0.462634
202507.0,2025-07-25,47444.0,AEMS CL 514,Consumidor Livre,SUDESTE,12.0,0.421647
202507.0,2025-07-26,47444.0,AEMS CL 514,Consumidor Livre,SUDESTE,12.0,0.380219
202507.0,2025-07-27,47444.0,AEMS CL 514,Consumidor Livre,SUDESTE,12.0,0.399907
202507.0,2025-07-28,47444.0,AEMS CL 514,Consumidor Livre,SUDESTE,12.0,0.696859
202507.0,2025-07-29,47444.0,AEMS CL 514,Consumidor Livre,SUDESTE,12.0,0.427001
202507.0,2025-07-30,47444.0,AEMS CL 514,Consumidor Livre,SUDESTE,12.0,0.389913
202507.0,2025-07-31,47444.0,AEMS CL 514,Consumidor Livre,SUDESTE,12.0,0.357877
202508.0,2025-08-01,47444.0,AEMS CL 514,Consumidor Livre,SUDESTE,12.0,0.366439
202508.0,2025-08-02,47444.0,AEMS CL 514,Consumidor Livre,SUDESTE,12.0,0.349565
202508.0,2025-08-03,47444.0,AEMS CL 514,Consumidor Livre,SUDESTE,12.0,0.359495
202508.0,2025-08-04,47444.0,AEMS CL 514,Consumidor Livre,SUDESTE,12.0,0.739004
202508.0,2025-08-05,47444.0,AEMS CL 514,Consumidor Livre,SUDESTE,12.0,0.705565
202508.0,2025-08-06,47444.0,AEMS CL 514,Consumidor Livre,SUDESTE,12.0,0.60416
202508.0,2025-08-07,47444.0,AEMS CL 514,Consumidor Livre,SUDESTE,12.0,0.624528
202508.0,2025-08-08,47444.0,AEMS CL 514,Consumidor Livre,SUDESTE,12.0,0.526602
202508.0,2025-08-09,47444.0,AEMS CL 514,Consumidor Livre,SUDESTE,12.0,0.324059
202508.0,2025-08-10,47444.0,AEMS CL 514,Consumidor Livre,SUDESTE,12.0,0.306375
202508.0,2025-08-11,47444.0,AEMS CL 514,Consumidor Livre,SUDESTE,12.0,0.564971
202508.0,2025-08-12,47444.0,AEMS CL 514,Consumidor Livre,SUDESTE,12.0,0.583069
202508.0,2025-08-13,47444.0,AEMS CL 514,Consumidor Livre,SUDESTE,12.0,0.6401209999999999
202508.0,2025-08-14,47444.0,AEMS CL 514,Consumidor Livre,SUDESTE,12.0,0.619111
202508.0,2025-08-15,47444.0,AEMS CL 514,Consumidor Livre,SUDESTE,12.0,0.490849
202508.0,2025-08-16,47444.0,AEMS CL 514,Consumidor Livre,SUDESTE,12.0,0.34351
202508.0,2025-08-17,47444.0,AEMS CL 514,Consumidor Livre,SUDESTE,12.0,0.356056
202508.0,2025-08-18,47444.0,AEMS CL 514,Consumidor Livre,SUDESTE,12.0,0.948889
202508.0,2025-08-19,47444.0,AEMS CL 514,Consumidor Livre,SUDESTE,12.0,1.280663
202508.0,2025-08-20,47444.0,AEMS CL 514,Consumidor Livre,SUDESTE,12.0,1.082032
202508.0,2025-08-21,47444.0,AEMS CL 514,Consumidor Livre,SUDESTE,12.0,1.228361
202508.0,2025-08-22,47444.0,AEMS CL 514,Consumidor Livre,SUDESTE,12.0,1.040497
202508.0,2025-08-23,47444.0,AEMS CL 514,Consumidor Livre,SUDESTE,12.0,0.422166
202508.0,2025-08-24,47444.0,AEMS CL 514,Consumidor Livre,SUDESTE,12.0,0.387031
202508.0,2025-08-25,47444.0,AEMS CL 514,Consumidor Livre,SUDESTE,12.0,0.904003
202508.0,2025-08-26,47444.0,AEMS CL 514,Consumidor Livre,SUDESTE,12.0,0.946059
202508.0,2025-08-27,47444.0,AEMS CL 514,Consumidor Livre,SUDESTE,12.0,1.078316
202508.0,2025-08-28,47444.0,AEMS CL 514,Consumidor Livre,SUDESTE,12.0,0.952712
202508.0,2025-08-29,47444.0,AEMS CL 514,Consumidor Livre,SUDESTE,12.0,0.8468129999999999
202508.0,2025-08-30,47444.0,AEMS CL 514,Consumidor Livre,SUDESTE,12.0,0.379866
202508.0,2025-08-31,47444.0,AEMS CL 514,Consumidor Livre,SUDESTE,12.0,0.376855
