MES_REFERENCIA,DATA,CODIGO_PERFIL_AGENTE,SIGLA_PERFIL_AGENTE,CLASSE_PERFIL_AGENTE,SUBMERCADO,CAPACIDADE_CARGA,CONSUMO_CARGA_ACL
,2023-01-01,44911.0,INTER LINK CL 514,Consumidor Livre,SUL,16.200000000000003,0.148103
,2023-01-02,44911.0,INTER LINK CL 514,Consumidor Livre,SUL,16.200000000000003,6.055879
,2023-01-03,44911.0,INTER LINK CL 514,Consumidor Livre,SUL,16.200000000000003,5.753911
,2023-01-04,44911.0,INTER LINK CL 514,Consumidor Livre,SUL,16.200000000000003,5.640869
,2023-01-05,44911.0,INTER LINK CL 514,Consumidor Livre,SUL,16.200000000000003,6.035846
,2023-01-06,44911.0,INTER LINK CL 514,Consumidor Livre,SUL,16.200000000000003,5.795139
,2023-01-07,44911.0,INTER LINK CL 514,Consumidor Livre,SUL,16.200000000000003,1.016888
,2023-01-08,44911.0,INTER LINK CL 514,Consumidor Livre,SUL,16.200000000000003,0.169078
,2023-01-09,44911.0,INTER LINK CL 514,Consumidor Livre,SUL,16.200000000000003,6.032681
,2023-01-10,44911.0,INTER LINK CL 514,Consumidor Livre,SUL,16.200000000000003,6.580615
,2023-01-11,44911.0,INTER LINK CL 514,Consumidor Livre,SUL,16.200000000000003,6.16804
,2023-01-12,44911.0,INTER LINK CL 514,Consumidor Livre,SUL,16.200000000000003,6.4598
,2023-01-13,44911.0,INTER LINK CL 514,Consumidor Livre,SUL,16.200000000000003,5.917787000000001
,2023-01-14,44911.0,INTER LINK CL 514,Consumidor Livre,SUL,16.200000000000003,2.332191
,2023-01-15,44911.0,INTER LINK CL 514,Consumidor Livre,SUL,16.200000000000003,0.149575
,2023-01-16,44911.0,INTER LINK CL 514,Consumidor Livre,SUL,16.200000000000003,6.21817
,2023-01-17,44911.0,INTER LINK CL 514,Consumidor Livre,SUL,16.200000000000003,6.366009
,2023-01-18,44911.0,INTER LINK CL 514,Consumidor Livre,SUL,16.200000000000003,5.839023
,2023-01-19,44911.0,INTER LINK CL 514,Consumidor Livre,SUL,16.200000000000003,5.919322
,2023-01-20,44911.0,INTER LINK CL 514,Consumidor Livre,SUL,16.200000000000003,5.568069
,2023-01-21,44911.0,INTER LINK CL 514,Consumidor Livre,SUL,16.200000000000003,1.0765
,2023-01-22,44911.0,INTER LINK CL 514,Consumidor Livre,SUL,16.200000000000003,0.162436
,2023-01-23,44911.0,INTER LINK CL 514,Consumidor Livre,SUL,16.200000000000003,6.099595
,2023-01-24,44911.0,INTER LINK CL 514,Consumidor Livre,SUL,16.200000000000003,6.495896
,2023-01-25,44911.0,INTER LINK CL 514,Consumidor Livre,SUL,16.200000000000003,5.998065
,2023-01-26,44911.0,INTER LINK CL 514,Consumidor Livre,SUL,16.200000000000003,6.418118
,2023-01-27,44911.0,INTER LINK CL 514,Consumidor Livre,SUL,16.200000000000003,5.792794000000001
,2023-01-28,44911.0,INTER LINK CL 514,Consumidor Livre,SUL,16.200000000000003,2.418163
,2023-01-29,44911.0,INTER LINK CL 514,Consumidor Livre,SUL,16.200000000000003,0.167431
,2023-01-30,44911.0,INTER LINK CL 514,Consumidor Livre,SUL,16.200000000000003,6.126766
,2023-01-31,44911.0,INTER LINK CL 514,Consumidor Livre,SUL,16.200000000000003,5.800852
,2023-02-01,44911.0,INTER LINK CL 514,Consumidor Livre,SUL,16.200000000000003,5.813460999999999
,2023-02-02,44911.0,INTER LINK CL 514,Consumidor Livre,SUL,16.200000000000003,5.2492
,2023-02-03,44911.0,INTER LINK CL 514,Consumidor Livre,SUL,16.200000000000003,4.807837
,2023-02-04,44911.0,INTER LINK CL 514,Consumidor Livre,SUL,16.200000000000003,1.076188
,2023-02-05,44911.0,INTER LINK CL 514,Consumidor Livre,SUL,16.200000000000003,0.167999
,2023-02-06,44911.0,INTER LINK CL 514,Consumidor Livre,SUL,16.200000000000003,6.050445
,2023-02-07,44911.0,INTER LINK CL 514,Consumidor Livre,SUL,16.200000000000003,5.938181999999999
,2023-02-08,44911.0,INTER LINK CL 514,Consumidor Livre,SUL,16.200000000000003,5.634157
,2023-02-09,44911.0,INTER LINK CL 514,Consumidor Livre,SUL,16.200000000000003,5.220808
,2023-02-10,44911.0,INTER LINK CL 514,Consumidor Livre,SUL,16.200000000000003,4.988848
,2023-02-11,44911.0,INTER LINK CL 514,Consumidor Livre,SUL,16.200000000000003,0.333145
,2023-02-12,44911.0,INTER LINK CL 514,Consumidor Livre,SUL,16.200000000000003,0.145853
,2023-02-13,44911.0,INTER LINK CL 514,Consumidor Livre,SUL,16.200000000000003,5.852786
,2023-02-14,44911.0,INTER LINK CL 514,Consumidor Livre,SUL,16.200000000000003,6.170428
,2023-02-15,44911.0,INTER LINK CL 514,Consumidor Livre,SUL,16.200000000000003,6.6231
,2023-02-16,44911.0,INTER LINK CL 514,Consumidor Livre,SUL,16.200000000000003,6.363226
,2023-02-17,44911.0,INTER LINK CL 514,Consumidor Livre,SUL,16.200000000000003,5.481764
,2023-02-18,44911.0,INTER LINK CL 514,Consumidor Livre,SUL,16.200000000000003,0.955856
,2023-02-19,44911.0,INTER LINK CL 514,Consumidor Livre,SUL,16.200000000000003,0.181913
,2023-02-20,44911.0,INTER LINK CL 514,Consumidor Livre,SUL,16.200000000000003,6.421642
,2023-02-21,44911.0,INTER LINK CL 514,Consumidor Livre,SUL,16.200000000000003,6.034587
,2023-02-22,44911.0,INTER LINK CL 514,Consumidor Livre,SUL,16.200000000000003,5.970549999999999
,2023-02-23,44911.0,INTER LINK CL 514,Consumidor Livre,SUL,16.200000000000003,5.941716
,2023-02-24,44911.0,INTER LINK CL 514,Consumidor Livre,SUL,16.200000000000003,5.744816
,2023-02-25,44911.0,INTER LINK CL 514,Consumidor Livre,SUL,16.200000000000003,1.723523
,2023-02-26,44911.0,INTER LINK CL 514,Consumidor Livre,SUL,16.200000000000003,0.16337
,2023-02-27,44911.0,INTER LINK CL 514,Consumidor Livre,SUL,16.200000000000003,5.90667
,2023-02-28,44911.0,INTER LINK CL 514,Consumidor Livre,SUL,16.200000000000003,6.439902
,2023-03-01,44911.0,INTER LINK CL 514,Consumidor Livre,SUL,16.200000000000003,6.078507
,2023-03-02,44911.0,INTER LINK CL 514,Consumidor Livre,SUL,16.200000000000003,6.1981530000000005
,2023-03-03,44911.0,INTER LINK CL 514,Consumidor Livre,SUL,16.200000000000003,5.748434
,2023-03-04,44911.0,INTER LINK CL 514,Consumidor Livre,SUL,16.200000000000003,1.055772
,2023-03-05,44911.0,INTER LINK CL 514,Consumidor Livre,SUL,16.200000000000003,0.205406
,2023-03-06,44911.0,INTER LINK CL 514,Consumidor Livre,SUL,16.200000000000003,5.896015
,2023-03-07,44911.0,INTER LINK CL 514,Consumidor Livre,SUL,16.200000000000003,5.966559
,2023-03-08,44911.0,INTER LINK CL 514,Consumidor Livre,SUL,16.200000000000003,6.233873
,2023-03-09,44911.0,INTER LINK CL 514,Consumidor Livre,SUL,16.200000000000003,6.254404
,2023-03-10,44911.0,INTER LINK CL 514,Consumidor Livre,SUL,16.200000000000003,5.436433
,2023-03-11,44911.0,INTER LINK CL 514,Consumidor Livre,SUL,16.200000000000003,1.304951
,2023-03-12,44911.0,INTER LINK CL 514,Consumidor Livre,SUL,16.200000000000003,0.1654
,2023-03-13,44911.0,INTER LINK CL 514,Consumidor Livre,SUL,16.200000000000003,5.913245
,2023-03-14,44911.0,INTER LINK CL 514,Consumidor Livre,SUL,16.200000000000003,5.932544
,2023-03-15,44911.0,INTER LINK CL 514,Consumidor Livre,SUL,16.200000000000003,6.42308
,2023-03-16,44911.0,INTER LINK CL 514,Consumidor Livre,SUL,16.200000000000003,5.944769
,2023-03-17,44911.0,INTER LINK CL 514,Consumidor Livre,SUL,16.200000000000003,5.460203
,2023-03-18,44911.0,INTER LINK CL 514,Consumidor Livre,SUL,16.200000000000003,1.549168
,2023-03-19,44911.0,INTER LINK CL 514,Consumidor Livre,SUL,16.200000000000003,0.155033
,2023-03-20,44911.0,INTER LINK CL 514,Consumidor Livre,SUL,16.200000000000003,5.967888
,2023-03-21,44911.0,INTER LINK CL 514,Consumidor Livre,SUL,16.200000000000003,6.3889890000000005
,2023-03-22,44911.0,INTER LINK CL 514,Consumidor Livre,SUL,16.200000000000003,6.136269
,2023-03-23,44911.0,INTER LINK CL 514,Consumidor Livre,SUL,16.200000000000003,6.430847
,2023-03-24,44911.0,INTER LINK CL 514,Consumidor Livre,SUL,16.200000000000003,4.925967
,2023-03-25,44911.0,INTER LINK CL 514,Consumidor Livre,SUL,16.200000000000003,1.957466
,2023-03-26,44911.0,INTER LINK CL 514,Consumidor Livre,SUL,16.200000000000003,0.154386
,2023-03-27,44911.0,INTER LINK CL 514,Consumidor Livre,SUL,16.200000000000003,6.269482
,2023-03-28,44911.0,INTER LINK CL 514,Consumidor Livre,SUL,16.200000000000003,5.858249
,2023-03-29,44911.0,INTER LINK CL 514,Consumidor Livre,SUL,16.200000000000003,6.17971
,2023-03-30,44911.0,INTER LINK CL 514,Consumidor Livre,SUL,16.200000000000003,6.495989
,2023-03-31,44911.0,INTER LINK CL 514,Consumidor Livre,SUL,16.200000000000003,5.648396
,2023-04-01,44911.0,INTER LINK CL 514,Consumidor Livre,SUL,16.200000000000003,0.379987
,2023-04-02,44911.0,INTER LINK CL 514,Consumidor Livre,SUL,16.200000000000003,0.174476
,2023-04-03,44911.0,INTER LINK CL 514,Consumidor Livre,SUL,16.200000000000003,6.465975
,2023-04-04,44911.0,INTER LINK CL 514,Consumidor Livre,SUL,16.200000000000003,6.039459
,2023-04-05,44911.0,INTER LINK CL 514,Consumidor Livre,SUL,16.200000000000003,6.085218
,2023-04-06,44911.0,INTER LINK CL 514,Consumidor Livre,SUL,16.200000000000003,5.472391
,2023-04-07,44911.0,INTER LINK CL 514,Consumidor Livre,SUL,16.200000000000003,0.187913
,2023-04-08,44911.0,INTER LINK CL 514,Consumidor Livre,SUL,16.200000000000003,0.25764
,2023-04-09,44911.0,INTER LINK CL 514,Consumidor Livre,SUL,16.200000000000003,0.175096
,2023-04-10,44911.0,INTER LINK CL 514,Consumidor Livre,SUL,16.200000000000003,5.705783
,2023-04-11,44911.0,INTER LINK CL 514,Consumidor Livre,SUL,16.200000000000003,5.745269
,2023-04-12,44911.0,INTER LINK CL 514,Consumidor Livre,SUL,16.200000000000003,6.461109
,2023-04-13,44911.0,INTER LINK CL 514,Consumidor Livre,SUL,16.200000000000003,5.976125
,2023-04-14,44911.0,INTER LINK CL 514,Consumidor Livre,SUL,16.200000000000003,5.074804
,2023-04-15,44911.0,INTER LINK CL 514,Consumidor Livre,SUL,16.200000000000003,0.8838
,2023-04-16,44911.0,INTER LINK CL 514,Consumidor Livre,SUL,16.200000000000003,0.189288
,2023-04-17,44911.0,INTER LINK CL 514,Consumidor Livre,SUL,16.200000000000003,5.449949
,2023-04-18,44911.0,INTER LINK CL 514,Consumidor Livre,SUL,16.200000000000003,5.790579
,2023-04-19,44911.0,INTER LINK CL 514,Consumidor Livre,SUL,16.200000000000003,5.803662
,2023-04-20,44911.0,INTER LINK CL 514,Consumidor Livre,SUL,16.200000000000003,5.680679
,2023-04-21,44911.0,INTER LINK CL 514,Consumidor Livre,SUL,16.200000000000003,0.20559
,2023-04-22,44911.0,INTER LINK CL 514,Consumidor Livre,SUL,16.200000000000003,1.171955
,2023-04-23,44911.0,INTER LINK CL 514,Consumidor Livre,SUL,16.200000000000003,0.194392
,2023-04-24,44911.0,INTER LINK CL 514,Consumidor Livre,SUL,16.200000000000003,6.10232
,2023-04-25,44911.0,INTER LINK CL 514,Consumidor Livre,SUL,16.200000000000003,5.672294
,2023-04-26,44911.0,INTER LINK CL 514,Consumidor Livre,SUL,16.200000000000003,5.837234
,2023-04-27,44911.0,INTER LINK CL 514,Consumidor Livre,SUL,16.200000000000003,5.973823
,2023-04-28,44911.0,INTER LINK CL 514,Consumidor Livre,SUL,16.200000000000003,5.037504
,2023-04-29,44911.0,INTER LINK CL 514,Consumidor Livre,SUL,16.200000000000003,0.892952
,2023-04-30,44911.0,INTER LINK CL 514,Consumidor Livre,SUL,16.200000000000003,0.189844
,2023-05-01,44911.0,INTER LINK CL 514,Consumidor Livre,SUL,16.200000000000003,0.191339
,2023-05-02,44911.0,INTER LINK CL 514,Consumidor Livre,SUL,16.200000000000003,5.91308
,2023-05-03,44911.0,INTER LINK CL 514,Consumidor Livre,SUL,16.200000000000003,6.127934000000001
,2023-05-04,44911.0,INTER LINK CL 514,Consumidor Livre,SUL,16.200000000000003,6.552064
,2023-05-05,44911.0,INTER LINK CL 514,Consumidor Livre,SUL,16.200000000000003,5.572605
,2023-05-06,44911.0,INTER LINK CL 514,Consumidor Livre,SUL,16.200000000000003,0.65968
,2023-05-07,44911.0,INTER LINK CL 514,Consumidor Livre,SUL,16.200000000000003,0.18082
,2023-05-08,44911.0,INTER LINK CL 514,Consumidor Livre,SUL,16.200000000000003,6.151104999999999
,2023-05-09,44911.0,INTER LINK CL 514,Consumidor Livre,SUL,16.200000000000003,6.493829
,2023-05-10,44911.0,INTER LINK CL 514,Consumidor Livre,SUL,16.200000000000003,6.271717
,2023-05-11,44911.0,INTER LINK CL 514,Consumidor Livre,SUL,16.200000000000003,6.202648
,2023-05-12,44911.0,INTER LINK CL 514,Consumidor Livre,SUL,16.200000000000003,5.653575999999999
,2023-05-13,44911.0,INTER LINK CL 514,Consumidor Livre,SUL,16.200000000000003,1.436777
,2023-05-14,44911.0,INTER LINK CL 514,Consumidor Livre,SUL,16.200000000000003,0.225431
,2023-05-15,44911.0,INTER LINK CL 514,Consumidor Livre,SUL,16.200000000000003,6.431189
,2023-05-16,44911.0,INTER LINK CL 514,Consumidor Livre,SUL,16.200000000000003,6.357832
,2023-05-17,44911.0,INTER LINK CL 514,Consumidor Livre,SUL,16.200000000000003,6.02475
,2023-05-18,44911.0,INTER LINK CL 514,Consumidor Livre,SUL,16.200000000000003,6.53342
,2023-05-19,44911.0,INTER LINK CL 514,Consumidor Livre,SUL,16.200000000000003,5.9068190000000005
,2023-05-20,44911.0,INTER LINK CL 514,Consumidor Livre,SUL,16.200000000000003,1.373958
,2023-05-21,44911.0,INTER LINK CL 514,Consumidor Livre,SUL,16.200000000000003,0.203869
,2023-05-22,44911.0,INTER LINK CL 514,Consumidor Livre,SUL,16.200000000000003,6.727644
,2023-05-23,44911.0,INTER LINK CL 514,Consumidor Livre,SUL,16.200000000000003,5.956187
,2023-05-24,44911.0,INTER LINK CL 514,Consumidor Livre,SUL,16.200000000000003,6.374357
,2023-05-25,44911.0,INTER LINK CL 514,Consumidor Livre,SUL,16.200000000000003,6.323241
,2023-05-26,44911.0,INTER LINK CL 514,Consumidor Livre,SUL,16.200000000000003,6.511089
,2023-05-27,44911.0,INTER LINK CL 514,Consumidor Livre,SUL,16.200000000000003,2.413245
,2023-05-28,44911.0,INTER LINK CL 514,Consumidor Livre,SUL,16.200000000000003,0.218276
,2023-05-29,44911.0,INTER LINK CL 514,Consumidor Livre,SUL,16.200000000000003,6.59521
,2023-05-30,44911.0,INTER LINK CL 514,Consumidor Livre,SUL,16.200000000000003,6.735969
,2023-05-31,44911.0,INTER LINK CL 514,Consumidor Livre,SUL,16.200000000000003,5.993163
,2023-06-01,44911.0,INTER LINK CL 514,Consumidor Livre,SUL,16.200000000000003,7.141202
,2023-06-02,44911.0,INTER LINK CL 514,Consumidor Livre,SUL,16.200000000000003,5.826952
,2023-06-03,44911.0,INTER LINK CL 514,Consumidor Livre,SUL,16.200000000000003,1.037204
,2023-06-04,44911.0,INTER LINK CL 514,Consumidor Livre,SUL,16.200000000000003,0.216675
,2023-06-05,44911.0,INTER LINK CL 514,Consumidor Livre,SUL,16.200000000000003,6.448001
,2023-06-06,44911.0,INTER LINK CL 514,Consumidor Livre,SUL,16.200000000000003,6.782177
,2023-06-07,44911.0,INTER LINK CL 514,Consumidor Livre,SUL,16.200000000000003,6.117699
,2023-06-08,44911.0,INTER LINK CL 514,Consumidor Livre,SUL,16.200000000000003,0.231051
,2023-06-09,44911.0,INTER LINK CL 514,Consumidor Livre,SUL,16.200000000000003,5.575245
,2023-06-10,44911.0,INTER LINK CL 514,Consumidor Livre,SUL,16.200000000000003,1.831404
,2023-06-11,44911.0,INTER LINK CL 514,Consumidor Livre,SUL,16.200000000000003,0.176556
,2023-06-12,44911.0,INTER LINK CL 514,Consumidor Livre,SUL,16.200000000000003,6.560104
,2023-06-13,44911.0,INTER LINK CL 514,Consumidor Livre,SUL,16.200000000000003,6.0649820000000005
,2023-06-14,44911.0,INTER LINK CL 514,Consumidor Livre,SUL,16.200000000000003,6.001643
,2023-06-15,44911.0,INTER LINK CL 514,Consumidor Livre,SUL,16.200000000000003,5.087619
,2023-06-16,44911.0,INTER LINK CL 514,Consumidor Livre,SUL,16.200000000000003,4.943668
,2023-06-17,44911.0,INTER LINK CL 514,Consumidor Livre,SUL,16.200000000000003,1.810263
,2023-06-18,44911.0,INTER LINK CL 514,Consumidor Livre,SUL,16.200000000000003,0.249029
,2023-06-19,44911.0,INTER LINK CL 514,Consumidor Livre,SUL,16.200000000000003,6.483567000000001
,2023-06-20,44911.0,INTER LINK CL 514,Consumidor Livre,SUL,16.200000000000003,6.243026
,2023-06-21,44911.0,INTER LINK CL 514,Consumidor Livre,SUL,16.200000000000003,6.494486
,2023-06-22,44911.0,INTER LINK CL 514,Consumidor Livre,SUL,16.200000000000003,6.228673
,2023-06-23,44911.0,INTER LINK CL 514,Consumidor Livre,SUL,16.200000000000003,6.087896
,2023-06-24,44911.0,INTER LINK CL 514,Consumidor Livre,SUL,16.200000000000003,2.675371
,2023-06-25,44911.0,INTER LINK CL 514,Consumidor Livre,SUL,16.200000000000003,0.222368
,2023-06-26,44911.0,INTER LINK CL 514,Consumidor Livre,SUL,16.200000000000003,6.567043
,2023-06-27,44911.0,INTER LINK CL 514,Consumidor Livre,SUL,16.200000000000003,6.454876
,2023-06-28,44911.0,INTER LINK CL 514,Consumidor Livre,SUL,16.200000000000003,6.459566
,2023-06-29,44911.0,INTER LINK CL 514,Consumidor Livre,SUL,16.200000000000003,6.530906
,2023-06-30,44911.0,INTER LINK CL 514,Consumidor Livre,SUL,16.200000000000003,5.371339
,2023-07-01,44911.0,INTER LINK CL 514,Consumidor Livre,SUL,16.200000000000003,1.650595
,2023-07-02,44911.0,INTER LINK CL 514,Consumidor Livre,SUL,16.200000000000003,0.210124
,2023-07-03,44911.0,INTER LINK CL 514,Consumidor Livre,SUL,16.200000000000003,5.441002
,2023-07-04,44911.0,INTER LINK CL 514,Consumidor Livre,SUL,16.200000000000003,7.005102
,2023-07-05,44911.0,INTER LINK CL 514,Consumidor Livre,SUL,16.200000000000003,6.518638
,2023-07-06,44911.0,INTER LINK CL 514,Consumidor Livre,SUL,16.200000000000003,6.747689
,2023-07-07,44911.0,INTER LINK CL 514,Consumidor Livre,SUL,16.200000000000003,5.877132
,2023-07-08,44911.0,INTER LINK CL 514,Consumidor Livre,SUL,16.200000000000003,2.298143
,2023-07-09,44911.0,INTER LINK CL 514,Consumidor Livre,SUL,16.200000000000003,0.216108
,2023-07-10,44911.0,INTER LINK CL 514,Consumidor Livre,SUL,16.200000000000003,6.295412
,2023-07-11,44911.0,INTER LINK CL 514,Consumidor Livre,SUL,16.200000000000003,6.197888
,2023-07-12,44911.0,INTER LINK CL 514,Consumidor Livre,SUL,16.200000000000003,6.249278
,2023-07-13,44911.0,INTER LINK CL 514,Consumidor Livre,SUL,16.200000000000003,2.482448
,2023-07-14,44911.0,INTER LINK CL 514,Consumidor Livre,SUL,16.200000000000003,5.262452000000001
,2023-07-15,44911.0,INTER LINK CL 514,Consumidor Livre,SUL,16.200000000000003,1.217744
,2023-07-16,44911.0,INTER LINK CL 514,Consumidor Livre,SUL,16.200000000000003,0.587622
,2023-07-17,44911.0,INTER LINK CL 514,Consumidor Livre,SUL,16.200000000000003,6.703703
,2023-07-18,44911.0,INTER LINK CL 514,Consumidor Livre,SUL,16.200000000000003,6.941355
,2023-07-19,44911.0,INTER LINK CL 514,Consumidor Livre,SUL,16.200000000000003,6.4219
,2023-07-20,44911.0,INTER LINK CL 514,Consumidor Livre,SUL,16.200000000000003,5.766985
,2023-07-21,44911.0,INTER LINK CL 514,Consumidor Livre,SUL,16.200000000000003,5.330743
,2023-07-22,44911.0,INTER LINK CL 514,Consumidor Livre,SUL,16.200000000000003,1.54256
,2023-07-23,44911.0,INTER LINK CL 514,Consumidor Livre,SUL,16.200000000000003,0.180771
,2023-07-24,44911.0,INTER LINK CL 514,Consumidor Livre,SUL,16.200000000000003,6.14649
,2023-07-25,44911.0,INTER LINK CL 514,Consumidor Livre,SUL,16.200000000000003,6.112872
,2023-07-26,44911.0,INTER LINK CL 514,Consumidor Livre,SUL,16.200000000000003,6.359936
,2023-07-27,44911.0,INTER LINK CL 514,Consumidor Livre,SUL,16.200000000000003,7.037917
,2023-07-28,44911.0,INTER LINK CL 514,Consumidor Livre,SUL,16.200000000000003,6.084541
,2023-07-29,44911.0,INTER LINK CL 514,Consumidor Livre,SUL,16.200000000000003,0.961313
,2023-07-30,44911.0,INTER LINK CL 514,Consumidor Livre,SUL,16.200000000000003,0.183755
,2023-07-31,44911.0,INTER LINK CL 514,Consumidor Livre,SUL,16.200000000000003,6.055273
,2023-08-01,44911.0,INTER LINK CL 514,Consumidor Livre,SUL,16.200000000000003,6.109658
,2023-08-02,44911.0,INTER LINK CL 514,Consumidor Livre,SUL,16.200000000000003,6.476711
,2023-08-03,44911.0,INTER LINK CL 514,Consumidor Livre,SUL,16.200000000000003,6.600628
,2023-08-04,44911.0,INTER LINK CL 514,Consumidor Livre,SUL,16.200000000000003,5.94234
,2023-08-05,44911.0,INTER LINK CL 514,Consumidor Livre,SUL,16.200000000000003,0.955673
,2023-08-06,44911.0,INTER LINK CL 514,Consumidor Livre,SUL,16.200000000000003,0.174822
,2023-08-07,44911.0,INTER LINK CL 514,Consumidor Livre,SUL,16.200000000000003,5.883
,2023-08-08,44911.0,INTER LINK CL 514,Consumidor Livre,SUL,16.200000000000003,6.107221
,2023-08-09,44911.0,INTER LINK CL 514,Consumidor Livre,SUL,16.200000000000003,5.7636
,2023-08-10,44911.0,INTER LINK CL 514,Consumidor Livre,SUL,16.200000000000003,5.974364
,2023-08-11,44911.0,INTER LINK CL 514,Consumidor Livre,SUL,16.200000000000003,5.557784
,2023-08-12,44911.0,INTER LINK CL 514,Consumidor Livre,SUL,16.200000000000003,0.925793
,2023-08-13,44911.0,INTER LINK CL 514,Consumidor Livre,SUL,16.200000000000003,0.196107
,2023-08-14,44911.0,INTER LINK CL 514,Consumidor Livre,SUL,16.200000000000003,5.767514
,2023-08-15,44911.0,INTER LINK CL 514,Consumidor Livre,SUL,16.200000000000003,5.727437
,2023-08-16,44911.0,INTER LINK CL 514,Consumidor Livre,SUL,16.200000000000003,5.461827
,2023-08-17,44911.0,INTER LINK CL 514,Consumidor Livre,SUL,16.200000000000003,5.723153
,2023-08-18,44911.0,INTER LINK CL 514,Consumidor Livre,SUL,16.200000000000003,5.121329
,2023-08-19,44911.0,INTER LINK CL 514,Consumidor Livre,SUL,16.200000000000003,2.03577
,2023-08-20,44911.0,INTER LINK CL 514,Consumidor Livre,SUL,16.200000000000003,0.175216
,2023-08-21,44911.0,INTER LINK CL 514,Consumidor Livre,SUL,16.200000000000003,6.012303
,2023-08-22,44911.0,INTER LINK CL 514,Consumidor Livre,SUL,16.200000000000003,5.533644
,2023-08-23,44911.0,INTER LINK CL 514,Consumidor Livre,SUL,16.200000000000003,5.579098
,2023-08-24,44911.0,INTER LINK CL 514,Consumidor Livre,SUL,16.200000000000003,5.940428
,2023-08-25,44911.0,INTER LINK CL 514,Consumidor Livre,SUL,16.200000000000003,5.293421
,2023-08-26,44911.0,INTER LINK CL 514,Consumidor Livre,SUL,16.200000000000003,1.038182
,2023-08-27,44911.0,INTER LINK CL 514,Consumidor Livre,SUL,16.200000000000003,0.191514
,2023-08-28,44911.0,INTER LINK CL 514,Consumidor Livre,SUL,16.200000000000003,5.6530130000000005
,2023-08-29,44911.0,INTER LINK CL 514,Consumidor Livre,SUL,16.200000000000003,5.946198
,2023-08-30,44911.0,INTER LINK CL 514,Consumidor Livre,SUL,16.200000000000003,5.834306
,2023-08-31,44911.0,INTER LINK CL 514,Consumidor Livre,SUL,16.200000000000003,6.004918
,2023-09-01,44911.0,INTER LINK CL 514,Consumidor Livre,SUL,16.200000000000003,5.050618
,2023-09-02,44911.0,INTER LINK CL 514,Consumidor Livre,SUL,16.200000000000003,0.8451029999999999
,2023-09-03,44911.0,INTER LINK CL 514,Consumidor Livre,SUL,16.200000000000003,0.157824
,2023-09-04,44911.0,INTER LINK CL 514,Consumidor Livre,SUL,16.200000000000003,5.407505
,2023-09-05,44911.0,INTER LINK CL 514,Consumidor Livre,SUL,16.200000000000003,5.767170999999999
,2023-09-06,44911.0,INTER LINK CL 514,Consumidor Livre,SUL,16.200000000000003,5.922949
,2023-09-07,44911.0,INTER LINK CL 514,Consumidor Livre,SUL,16.200000000000003,5.541252
,2023-09-08,44911.0,INTER LINK CL 514,Consumidor Livre,SUL,16.200000000000003,0.730941
,2023-09-09,44911.0,INTER LINK CL 514,Consumidor Livre,SUL,16.200000000000003,0.567366
,2023-09-10,44911.0,INTER LINK CL 514,Consumidor Livre,SUL,16.200000000000003,0.176383
,2023-09-11,44911.0,INTER LINK CL 514,Consumidor Livre,SUL,16.200000000000003,5.660621
,2023-09-12,44911.0,INTER LINK CL 514,Consumidor Livre,SUL,16.200000000000003,5.996293
,2023-09-13,44911.0,INTER LINK CL 514,Consumidor Livre,SUL,16.200000000000003,6.160475
,2023-09-14,44911.0,INTER LINK CL 514,Consumidor Livre,SUL,16.200000000000003,6.231467
,2023-09-15,44911.0,INTER LINK CL 514,Consumidor Livre,SUL,16.200000000000003,5.633363
,2023-09-16,44911.0,INTER LINK CL 514,Consumidor Livre,SUL,16.200000000000003,2.176183
,2023-09-17,44911.0,INTER LINK CL 514,Consumidor Livre,SUL,16.200000000000003,0.159009
,2023-09-18,44911.0,INTER LINK CL 514,Consumidor Livre,SUL,16.200000000000003,6.185749
,2023-09-19,44911.0,INTER LINK CL 514,Consumidor Livre,SUL,16.200000000000003,6.518466
,2023-09-20,44911.0,INTER LINK CL 514,Consumidor Livre,SUL,16.200000000000003,6.471876
,2023-09-21,44911.0,INTER LINK CL 514,Consumidor Livre,SUL,16.200000000000003,6.593986999999999
,2023-09-22,44911.0,INTER LINK CL 514,Consumidor Livre,SUL,16.200000000000003,5.415638
,2023-09-23,44911.0,INTER LINK CL 514,Consumidor Livre,SUL,16.200000000000003,1.502783
,2023-09-24,44911.0,INTER LINK CL 514,Consumidor Livre,SUL,16.200000000000003,0.167488
,2023-09-25,44911.0,INTER LINK CL 514,Consumidor Livre,SUL,16.200000000000003,6.141358
,2023-09-26,44911.0,INTER LINK CL 514,Consumidor Livre,SUL,16.200000000000003,6.167355
,2023-09-27,44911.0,INTER LINK CL 514,Consumidor Livre,SUL,16.200000000000003,6.065726
,2023-09-28,44911.0,INTER LINK CL 514,Consumidor Livre,SUL,16.200000000000003,5.821151
,2023-09-29,44911.0,INTER LINK CL 514,Consumidor Livre,SUL,16.200000000000003,5.529751
,2023-09-30,44911.0,INTER LINK CL 514,Consumidor Livre,SUL,16.200000000000003,1.005121
,2023-10-01,44911.0,INTER LINK CL 514,Consumidor Livre,SUL,16.200000000000003,0.175701
,2023-10-02,44911.0,INTER LINK CL 514,Consumidor Livre,SUL,16.200000000000003,6.142175
,2023-10-03,44911.0,INTER LINK CL 514,Consumidor Livre,SUL,16.200000000000003,6.09356
,2023-10-04,44911.0,INTER LINK CL 514,Consumidor Livre,SUL,16.200000000000003,5.864153
,2023-10-05,44911.0,INTER LINK CL 514,Consumidor Livre,SUL,16.200000000000003,5.790164
,2023-10-06,44911.0,INTER LINK CL 514,Consumidor Livre,SUL,16.200000000000003,5.266978
,2023-10-07,44911.0,INTER LINK CL 514,Consumidor Livre,SUL,16.200000000000003,1.507917
,2023-10-08,44911.0,INTER LINK CL 514,Consumidor Livre,SUL,16.200000000000003,0.182431
,2023-10-09,44911.0,INTER LINK CL 514,Consumidor Livre,SUL,16.200000000000003,6.011633
,2023-10-10,44911.0,INTER LINK CL 514,Consumidor Livre,SUL,16.200000000000003,6.143398
,2023-10-11,44911.0,INTER LINK CL 514,Consumidor Livre,SUL,16.200000000000003,6.46277
,2023-10-12,44911.0,INTER LINK CL 514,Consumidor Livre,SUL,16.200000000000003,0.447643
,2023-10-13,44911.0,INTER LINK CL 514,Consumidor Livre,SUL,16.200000000000003,6.020534
,2023-10-14,44911.0,INTER LINK CL 514,Consumidor Livre,SUL,16.200000000000003,1.828603
,2023-10-15,44911.0,INTER LINK CL 514,Consumidor Livre,SUL,16.200000000000003,0.17811
,2023-10-16,44911.0,INTER LINK CL 514,Consumidor Livre,SUL,16.200000000000003,6.507013
,2023-10-17,44911.0,INTER LINK CL 514,Consumidor Livre,SUL,16.200000000000003,6.540106
,2023-10-18,44911.0,INTER LINK CL 514,Consumidor Livre,SUL,16.200000000000003,6.718827
,2023-10-19,44911.0,INTER LINK CL 514,Consumidor Livre,SUL,16.200000000000003,6.4044490000000005
,2023-10-20,44911.0,INTER LINK CL 514,Consumidor Livre,SUL,16.200000000000003,5.863651
,2023-10-21,44911.0,INTER LINK CL 514,Consumidor Livre,SUL,16.200000000000003,1.214298
,2023-10-22,44911.0,INTER LINK CL 514,Consumidor Livre,SUL,16.200000000000003,0.178623
,2023-10-23,44911.0,INTER LINK CL 514,Consumidor Livre,SUL,16.200000000000003,6.190222
,2023-10-24,44911.0,INTER LINK CL 514,Consumidor Livre,SUL,16.200000000000003,6.50181
,2023-10-25,44911.0,INTER LINK CL 514,Consumidor Livre,SUL,16.200000000000003,6.568719
,2023-10-26,44911.0,INTER LINK CL 514,Consumidor Livre,SUL,16.200000000000003,6.264451
,2023-10-27,44911.0,INTER LINK CL 514,Consumidor Livre,SUL,16.200000000000003,5.539815
,2023-10-28,44911.0,INTER LINK CL 514,Consumidor Livre,SUL,16.200000000000003,1.641749
,2023-10-29,44911.0,INTER LINK CL 514,Consumidor Livre,SUL,16.200000000000003,0.166397
,2023-10-30,44911.0,INTER LINK CL 514,Consumidor Livre,SUL,16.200000000000003,6.015521
,2023-10-31,44911.0,INTER LINK CL 514,Consumidor Livre,SUL,16.200000000000003,5.904254
,2023-11-01,44911.0,INTER LINK CL 514,Consumidor Livre,SUL,16.200000000000003,5.65206
,2023-11-02,44911.0,INTER LINK CL 514,Consumidor Livre,SUL,16.200000000000003,0.167957
,2023-11-03,44911.0,INTER LINK CL 514,Consumidor Livre,SUL,16.200000000000003,5.541305
,2023-11-04,44911.0,INTER LINK CL 514,Consumidor Livre,SUL,16.200000000000003,2.273997
,2023-11-05,44911.0,INTER LINK CL 514,Consumidor Livre,SUL,16.200000000000003,0.192373
,2023-11-06,44911.0,INTER LINK CL 514,Consumidor Livre,SUL,16.200000000000003,6.301416
,2023-11-07,44911.0,INTER LINK CL 514,Consumidor Livre,SUL,16.200000000000003,5.975896
,2023-11-08,44911.0,INTER LINK CL 514,Consumidor Livre,SUL,16.200000000000003,6.597958
,2023-11-09,44911.0,INTER LINK CL 514,Consumidor Livre,SUL,16.200000000000003,6.554206
,2023-11-10,44911.0,INTER LINK CL 514,Consumidor Livre,SUL,16.200000000000003,6.401076
,2023-11-11,44911.0,INTER LINK CL 514,Consumidor Livre,SUL,16.200000000000003,2.486016
,2023-11-12,44911.0,INTER LINK CL 514,Consumidor Livre,SUL,16.200000000000003,0.211841
,2023-11-13,44911.0,INTER LINK CL 514,Consumidor Livre,SUL,16.200000000000003,6.51597
,2023-11-14,44911.0,INTER LINK CL 514,Consumidor Livre,SUL,16.200000000000003,6.829325
,2023-11-15,44911.0,INTER LINK CL 514,Consumidor Livre,SUL,16.200000000000003,6.273229
,2023-11-16,44911.0,INTER LINK CL 514,Consumidor Livre,SUL,16.200000000000003,6.666359
,2023-11-17,44911.0,INTER LINK CL 514,Consumidor Livre,SUL,16.200000000000003,1.128675
,2023-11-18,44911.0,INTER LINK CL 514,Consumidor Livre,SUL,16.200000000000003,1.187197
,2023-11-19,44911.0,INTER LINK CL 514,Consumidor Livre,SUL,16.200000000000003,0.157014
,2023-11-20,44911.0,INTER LINK CL 514,Consumidor Livre,SUL,16.200000000000003,6.36899
,2023-11-21,44911.0,INTER LINK CL 514,Consumidor Livre,SUL,16.200000000000003,6.476394
,2023-11-22,44911.0,INTER LINK CL 514,Consumidor Livre,SUL,16.200000000000003,6.093193
,2023-11-23,44911.0,INTER LINK CL 514,Consumidor Livre,SUL,16.200000000000003,6.713738
,2023-11-24,44911.0,INTER LINK CL 514,Consumidor Livre,SUL,16.200000000000003,5.84462
,2023-11-25,44911.0,INTER LINK CL 514,Consumidor Livre,SUL,16.200000000000003,1.534232
,2023-11-26,44911.0,INTER LINK CL 514,Consumidor Livre,SUL,16.200000000000003,0.181305
,2023-11-27,44911.0,INTER LINK CL 514,Consumidor Livre,SUL,16.200000000000003,6.259124
,2023-11-28,44911.0,INTER LINK CL 514,Consumidor Livre,SUL,16.200000000000003,6.148141
,2023-11-29,44911.0,INTER LINK CL 514,Consumidor Livre,SUL,16.200000000000003,5.940713
,2023-11-30,44911.0,INTER LINK CL 514,Consumidor Livre,SUL,16.200000000000003,6.3601
,2023-12-01,44911.0,INTER LINK CL 514,Consumidor Livre,SUL,16.200000000000003,5.68319
,2023-12-02,44911.0,INTER LINK CL 514,Consumidor Livre,SUL,16.200000000000003,0.686661
,2023-12-03,44911.0,INTER LINK CL 514,Consumidor Livre,SUL,16.200000000000003,0.174921
,2023-12-04,44911.0,INTER LINK CL 514,Consumidor Livre,SUL,16.200000000000003,6.274218
,2023-12-05,44911.0,INTER LINK CL 514,Consumidor Livre,SUL,16.200000000000003,5.7114
,2023-12-06,44911.0,INTER LINK CL 514,Consumidor Livre,SUL,16.200000000000003,6.374884
,2023-12-07,44911.0,INTER LINK CL 514,Consumidor Livre,SUL,16.200000000000003,6.411463
,2023-12-08,44911.0,INTER LINK CL 514,Consumidor Livre,SUL,16.200000000000003,5.759998
,2023-12-09,44911.0,INTER LINK CL 514,Consumidor Livre,SUL,16.200000000000003,1.193994
,2023-12-10,44911.0,INTER LINK CL 514,Consumidor Livre,SUL,16.200000000000003,0.171732
,2023-12-11,44911.0,INTER LINK CL 514,Consumidor Livre,SUL,16.200000000000003,6.17703
,2023-12-12,44911.0,INTER LINK CL 514,Consumidor Livre,SUL,16.200000000000003,6.5793
,2023-12-13,44911.0,INTER LINK CL 514,Consumidor Livre,SUL,16.200000000000003,6.871033
,2023-12-14,44911.0,INTER LINK CL 514,Consumidor Livre,SUL,16.200000000000003,6.674599
,2023-12-15,44911.0,INTER LINK CL 514,Consumidor Livre,SUL,16.200000000000003,5.470532
,2023-12-16,44911.0,INTER LINK CL 514,Consumidor Livre,SUL,16.200000000000003,1.798742
,2023-12-17,44911.0,INTER LINK CL 514,Consumidor Livre,SUL,16.200000000000003,0.168734
,2023-12-18,44911.0,INTER LINK CL 514,Consumidor Livre,SUL,16.200000000000003,6.131589
,2023-12-19,44911.0,INTER LINK CL 514,Consumidor Livre,SUL,16.200000000000003,5.637904
,2023-12-20,44911.0,INTER LINK CL 514,Consumidor Livre,SUL,16.200000000000003,0.185843
,2023-12-21,44911.0,INTER LINK CL 514,Consumidor Livre,SUL,16.200000000000003,0.163461
,2023-12-22,44911.0,INTER LINK CL 514,Consumidor Livre,SUL,16.200000000000003,0.205396
,2023-12-23,44911.0,INTER LINK CL 514,Consumidor Livre,SUL,16.200000000000003,0.209665
,2023-12-24,44911.0,INTER LINK CL 514,Consumidor Livre,SUL,16.200000000000003,0.14419
,2023-12-25,44911.0,INTER LINK CL 514,Consumidor Livre,SUL,16.200000000000003,0.131113
,2023-12-26,44911.0,INTER LINK CL 514,Consumidor Livre,SUL,16.200000000000003,0.137141
,2023-12-27,44911.0,INTER LINK CL 514,Consumidor Livre,SUL,16.200000000000003,0.144902
,2023-12-28,44911.0,INTER LINK CL 514,Consumidor Livre,SUL,16.200000000000003,0.17304
,2023-12-29,44911.0,INTER LINK CL 514,Consumidor Livre,SUL,16.200000000000003,0.151479
,2023-12-30,44911.0,INTER LINK CL 514,Consumidor Livre,SUL,16.200000000000003,0.153853
,2023-12-31,44911.0,INTER LINK CL 514,Consumidor Livre,SUL,16.200000000000003,0.158861
,2024-01-01,44911.0,INTER LINK CL 514,Consumidor Livre,SUL,16.200000000000003,0.155024
,2024-01-02,44911.0,INTER LINK CL 514,Consumidor Livre,SUL,16.200000000000003,0.15589
,2024-01-03,44911.0,INTER LINK CL 514,Consumidor Livre,SUL,16.200000000000003,0.177637
,2024-01-04,44911.0,INTER LINK CL 514,Consumidor Livre,SUL,16.200000000000003,6.905141
,2024-01-05,44911.0,INTER LINK CL 514,Consumidor Livre,SUL,16.200000000000003,5.243783
,2024-01-06,44911.0,INTER LINK CL 514,Consumidor Livre,SUL,16.200000000000003,1.550801
,2024-01-07,44911.0,INTER LINK CL 514,Consumidor Livre,SUL,16.200000000000003,0.133572
,2024-01-08,44911.0,INTER LINK CL 514,Consumidor Livre,SUL,16.200000000000003,2.995826
,2024-01-09,44911.0,INTER LINK CL 514,Consumidor Livre,SUL,16.200000000000003,6.018724
,2024-01-10,44911.0,INTER LINK CL 514,Consumidor Livre,SUL,16.200000000000003,6.404007
,2024-01-11,44911.0,INTER LINK CL 514,Consumidor Livre,SUL,16.200000000000003,6.00316
,2024-01-12,44911.0,INTER LINK CL 514,Consumidor Livre,SUL,16.200000000000003,5.604432
,2024-01-13,44911.0,INTER LINK CL 514,Consumidor Livre,SUL,16.200000000000003,3.292261
,2024-01-14,44911.0,INTER LINK CL 514,Consumidor Livre,SUL,16.200000000000003,0.165747
,2024-01-15,44911.0,INTER LINK CL 514,Consumidor Livre,SUL,16.200000000000003,6.381545
,2024-01-16,44911.0,INTER LINK CL 514,Consumidor Livre,SUL,16.200000000000003,6.339364
,2024-01-17,44911.0,INTER LINK CL 514,Consumidor Livre,SUL,16.200000000000003,6.550221
,2024-01-18,44911.0,INTER LINK CL 514,Consumidor Livre,SUL,16.200000000000003,6.06631
,2024-01-19,44911.0,INTER LINK CL 514,Consumidor Livre,SUL,16.200000000000003,5.549052
,2024-01-20,44911.0,INTER LINK CL 514,Consumidor Livre,SUL,16.200000000000003,1.419462
,2024-01-21,44911.0,INTER LINK CL 514,Consumidor Livre,SUL,16.200000000000003,0.153823
,2024-01-22,44911.0,INTER LINK CL 514,Consumidor Livre,SUL,16.200000000000003,7.008716
,2024-01-23,44911.0,INTER LINK CL 514,Consumidor Livre,SUL,16.200000000000003,7.400811
,2024-01-24,44911.0,INTER LINK CL 514,Consumidor Livre,SUL,16.200000000000003,6.309573
,2024-01-25,44911.0,INTER LINK CL 514,Consumidor Livre,SUL,16.200000000000003,6.938326
,2024-01-26,44911.0,INTER LINK CL 514,Consumidor Livre,SUL,16.200000000000003,5.74183
,2024-01-27,44911.0,INTER LINK CL 514,Consumidor Livre,SUL,16.200000000000003,2.142886
,2024-01-28,44911.0,INTER LINK CL 514,Consumidor Livre,SUL,16.200000000000003,0.1786
,2024-01-29,44911.0,INTER LINK CL 514,Consumidor Livre,SUL,16.200000000000003,6.779558
,2024-01-30,44911.0,INTER LINK CL 514,Consumidor Livre,SUL,16.200000000000003,5.994356
,2024-01-31,44911.0,INTER LINK CL 514,Consumidor Livre,SUL,16.200000000000003,6.60341
,2024-02-01,44911.0,INTER LINK CL 514,Consumidor Livre,SUL,16.200000000000003,6.476754
,2024-02-02,44911.0,INTER LINK CL 514,Consumidor Livre,SUL,16.200000000000003,5.875336
,2024-02-03,44911.0,INTER LINK CL 514,Consumidor Livre,SUL,16.200000000000003,1.20123
,2024-02-04,44911.0,INTER LINK CL 514,Consumidor Livre,SUL,16.200000000000003,0.154562
,2024-02-05,44911.0,INTER LINK CL 514,Consumidor Livre,SUL,16.200000000000003,6.813882
,2024-02-06,44911.0,INTER LINK CL 514,Consumidor Livre,SUL,16.200000000000003,6.699657
,2024-02-07,44911.0,INTER LINK CL 514,Consumidor Livre,SUL,16.200000000000003,6.449542999999999
,2024-02-08,44911.0,INTER LINK CL 514,Consumidor Livre,SUL,16.200000000000003,6.169806
,2024-02-09,44911.0,INTER LINK CL 514,Consumidor Livre,SUL,16.200000000000003,5.326294
,2024-02-10,44911.0,INTER LINK CL 514,Consumidor Livre,SUL,16.200000000000003,1.321928
,2024-02-11,44911.0,INTER LINK CL 514,Consumidor Livre,SUL,16.200000000000003,0.146499
,2024-02-12,44911.0,INTER LINK CL 514,Consumidor Livre,SUL,16.200000000000003,6.430508
,2024-02-13,44911.0,INTER LINK CL 514,Consumidor Livre,SUL,16.200000000000003,5.2374220000000005
,2024-02-14,44911.0,INTER LINK CL 514,Consumidor Livre,SUL,16.200000000000003,6.827414
,2024-02-15,44911.0,INTER LINK CL 514,Consumidor Livre,SUL,16.200000000000003,6.926205
,2024-02-16,44911.0,INTER LINK CL 514,Consumidor Livre,SUL,16.200000000000003,5.769773
,2024-02-17,44911.0,INTER LINK CL 514,Consumidor Livre,SUL,16.200000000000003,1.392865
,2024-02-18,44911.0,INTER LINK CL 514,Consumidor Livre,SUL,16.200000000000003,0.157623
,2024-02-19,44911.0,INTER LINK CL 514,Consumidor Livre,SUL,16.200000000000003,6.149647
,2024-02-20,44911.0,INTER LINK CL 514,Consumidor Livre,SUL,16.200000000000003,7.24853
,2024-02-21,44911.0,INTER LINK CL 514,Consumidor Livre,SUL,16.200000000000003,6.170974
,2024-02-22,44911.0,INTER LINK CL 514,Consumidor Livre,SUL,16.200000000000003,6.861092
,2024-02-23,44911.0,INTER LINK CL 514,Consumidor Livre,SUL,16.200000000000003,5.734253
,2024-02-24,44911.0,INTER LINK CL 514,Consumidor Livre,SUL,16.200000000000003,2.428623
,2024-02-25,44911.0,INTER LINK CL 514,Consumidor Livre,SUL,16.200000000000003,0.15315
,2024-02-26,44911.0,INTER LINK CL 514,Consumidor Livre,SUL,16.200000000000003,6.687627
,2024-02-27,44911.0,INTER LINK CL 514,Consumidor Livre,SUL,16.200000000000003,6.894820999999999
,2024-02-28,44911.0,INTER LINK CL 514,Consumidor Livre,SUL,16.200000000000003,5.193532
,2024-02-29,44911.0,INTER LINK CL 514,Consumidor Livre,SUL,16.200000000000003,7.457594999999999
202403.0,2024-03-01,44911.0,INTER LINK CL 514,Consumidor Livre,SUL,16.200000000000003,6.314439
202403.0,2024-03-02,44911.0,INTER LINK CL 514,Consumidor Livre,SUL,16.200000000000003,1.453758
202403.0,2024-03-03,44911.0,INTER LINK CL 514,Consumidor Livre,SUL,16.200000000000003,0.143192
202403.0,2024-03-04,44911.0,INTER LINK CL 514,Consumidor Livre,SUL,16.200000000000003,6.605824
202403.0,2024-03-05,44911.0,INTER LINK CL 514,Consumidor Livre,SUL,16.200000000000003,6.6797830000000005
202403.0,2024-03-06,44911.0,INTER LINK CL 514,Consumidor Livre,SUL,16.200000000000003,6.4278
202403.0,2024-03-07,44911.0,INTER LINK CL 514,Consumidor Livre,SUL,16.200000000000003,6.879921
202403.0,2024-03-08,44911.0,INTER LINK CL 514,Consumidor Livre,SUL,16.200000000000003,6.131249
202403.0,2024-03-09,44911.0,INTER LINK CL 514,Consumidor Livre,SUL,16.200000000000003,2.017788
202403.0,2024-03-10,44911.0,INTER LINK CL 514,Consumidor Livre,SUL,16.200000000000003,0.148122
202403.0,2024-03-11,44911.0,INTER LINK CL 514,Consumidor Livre,SUL,16.200000000000003,6.828197
202403.0,2024-03-12,44911.0,INTER LINK CL 514,Consumidor Livre,SUL,16.200000000000003,6.649142
202403.0,2024-03-13,44911.0,INTER LINK CL 514,Consumidor Livre,SUL,16.200000000000003,6.741449
202403.0,2024-03-14,44911.0,INTER LINK CL 514,Consumidor Livre,SUL,16.200000000000003,6.882741
202403.0,2024-03-15,44911.0,INTER LINK CL 514,Consumidor Livre,SUL,16.200000000000003,6.1849810000000005
202403.0,2024-03-16,44911.0,INTER LINK CL 514,Consumidor Livre,SUL,16.200000000000003,1.199592
202403.0,2024-03-17,44911.0,INTER LINK CL 514,Consumidor Livre,SUL,16.200000000000003,0.15414
202403.0,2024-03-18,44911.0,INTER LINK CL 514,Consumidor Livre,SUL,16.200000000000003,6.229243
202403.0,2024-03-19,44911.0,INTER LINK CL 514,Consumidor Livre,SUL,16.200000000000003,6.017787
202403.0,2024-03-20,44911.0,INTER LINK CL 514,Consumidor Livre,SUL,16.200000000000003,6.46731
202403.0,2024-03-21,44911.0,INTER LINK CL 514,Consumidor Livre,SUL,16.200000000000003,6.401108
202403.0,2024-03-22,44911.0,INTER LINK CL 514,Consumidor Livre,SUL,16.200000000000003,6.082287
202403.0,2024-03-23,44911.0,INTER LINK CL 514,Consumidor Livre,SUL,16.200000000000003,2.689135
202403.0,2024-03-24,44911.0,INTER LINK CL 514,Consumidor Livre,SUL,16.200000000000003,0.185767
202403.0,2024-03-25,44911.0,INTER LINK CL 514,Consumidor Livre,SUL,16.200000000000003,6.756278
202403.0,2024-03-26,44911.0,INTER LINK CL 514,Consumidor Livre,SUL,16.200000000000003,6.47409
202403.0,2024-03-27,44911.0,INTER LINK CL 514,Consumidor Livre,SUL,16.200000000000003,7.134962
202403.0,2024-03-28,44911.0,INTER LINK CL 514,Consumidor Livre,SUL,16.200000000000003,6.515381
202403.0,2024-03-29,44911.0,INTER LINK CL 514,Consumidor Livre,SUL,16.200000000000003,0.232306
202403.0,2024-03-30,44911.0,INTER LINK CL 514,Consumidor Livre,SUL,16.200000000000003,0.493604
202403.0,2024-03-31,44911.0,INTER LINK CL 514,Consumidor Livre,SUL,16.200000000000003,0.227601
202404.0,2024-04-01,44911.0,INTER LINK CL 514,Consumidor Livre,SUL,16.200000000000003,6.545184
202404.0,2024-04-02,44911.0,INTER LINK CL 514,Consumidor Livre,SUL,16.200000000000003,7.241072
202404.0,2024-04-03,44911.0,INTER LINK CL 514,Consumidor Livre,SUL,16.200000000000003,6.936807
202404.0,2024-04-04,44911.0,INTER LINK CL 514,Consumidor Livre,SUL,16.200000000000003,7.030946
202404.0,2024-04-05,44911.0,INTER LINK CL 514,Consumidor Livre,SUL,16.200000000000003,6.648477
202404.0,2024-04-06,44911.0,INTER LINK CL 514,Consumidor Livre,SUL,16.200000000000003,1.906728
202404.0,2024-04-07,44911.0,INTER LINK CL 514,Consumidor Livre,SUL,16.200000000000003,0.401019
202404.0,2024-04-08,44911.0,INTER LINK CL 514,Consumidor Livre,SUL,16.200000000000003,7.00164
202404.0,2024-04-09,44911.0,INTER LINK CL 514,Consumidor Livre,SUL,16.200000000000003,7.272541
202404.0,2024-04-10,44911.0,INTER LINK CL 514,Consumidor Livre,SUL,16.200000000000003,7.031992
202404.0,2024-04-11,44911.0,INTER LINK CL 514,Consumidor Livre,SUL,16.200000000000003,6.970078
202404.0,2024-04-12,44911.0,INTER LINK CL 514,Consumidor Livre,SUL,16.200000000000003,6.384125
202404.0,2024-04-13,44911.0,INTER LINK CL 514,Consumidor Livre,SUL,16.200000000000003,0.981618
202404.0,2024-04-14,44911.0,INTER LINK CL 514,Consumidor Livre,SUL,16.200000000000003,0.170125
202404.0,2024-04-15,44911.0,INTER LINK CL 514,Consumidor Livre,SUL,16.200000000000003,7.216364
202404.0,2024-04-16,44911.0,INTER LINK CL 514,Consumidor Livre,SUL,16.200000000000003,6.775329
202404.0,2024-04-17,44911.0,INTER LINK CL 514,Consumidor Livre,SUL,16.200000000000003,7.501603
202404.0,2024-04-18,44911.0,INTER LINK CL 514,Consumidor Livre,SUL,16.200000000000003,7.086704
202404.0,2024-04-19,44911.0,INTER LINK CL 514,Consumidor Livre,SUL,16.200000000000003,5.752133
202404.0,2024-04-20,44911.0,INTER LINK CL 514,Consumidor Livre,SUL,16.200000000000003,1.370963
202404.0,2024-04-21,44911.0,INTER LINK CL 514,Consumidor Livre,SUL,16.200000000000003,0.166085
202404.0,2024-04-22,44911.0,INTER LINK CL 514,Consumidor Livre,SUL,16.200000000000003,6.738157
202404.0,2024-04-23,44911.0,INTER LINK CL 514,Consumidor Livre,SUL,16.200000000000003,6.570435
202404.0,2024-04-24,44911.0,INTER LINK CL 514,Consumidor Livre,SUL,16.200000000000003,6.763857
202404.0,2024-04-25,44911.0,INTER LINK CL 514,Consumidor Livre,SUL,16.200000000000003,7.143138
202404.0,2024-04-26,44911.0,INTER LINK CL 514,Consumidor Livre,SUL,16.200000000000003,5.713639
202404.0,2024-04-27,44911.0,INTER LINK CL 514,Consumidor Livre,SUL,16.200000000000003,2.370263
202404.0,2024-04-28,44911.0,INTER LINK CL 514,Consumidor Livre,SUL,16.200000000000003,0.161615
202404.0,2024-04-29,44911.0,INTER LINK CL 514,Consumidor Livre,SUL,16.200000000000003,6.354233
202404.0,2024-04-30,44911.0,INTER LINK CL 514,Consumidor Livre,SUL,16.200000000000003,6.626002
202405.0,2024-05-01,44911.0,INTER LINK CL 514,Consumidor Livre,SUL,16.200000000000003,6.710122
202405.0,2024-05-02,44911.0,INTER LINK CL 514,Consumidor Livre,SUL,16.200000000000003,6.480152
202405.0,2024-05-03,44911.0,INTER LINK CL 514,Consumidor Livre,SUL,16.200000000000003,6.004288
202405.0,2024-05-04,44911.0,INTER LINK CL 514,Consumidor Livre,SUL,16.200000000000003,1.030475
202405.0,2024-05-05,44911.0,INTER LINK CL 514,Consumidor Livre,SUL,16.200000000000003,0.171717
202405.0,2024-05-06,44911.0,INTER LINK CL 514,Consumidor Livre,SUL,16.200000000000003,0.198235
202405.0,2024-05-07,44911.0,INTER LINK CL 514,Consumidor Livre,SUL,16.200000000000003,6.647797
202405.0,2024-05-08,44911.0,INTER LINK CL 514,Consumidor Livre,SUL,16.200000000000003,6.872505
202405.0,2024-05-09,44911.0,INTER LINK CL 514,Consumidor Livre,SUL,16.200000000000003,6.809293
202405.0,2024-05-10,44911.0,INTER LINK CL 514,Consumidor Livre,SUL,16.200000000000003,5.896812
202405.0,2024-05-11,44911.0,INTER LINK CL 514,Consumidor Livre,SUL,16.200000000000003,1.250631
202405.0,2024-05-12,44911.0,INTER LINK CL 514,Consumidor Livre,SUL,16.200000000000003,0.211487
202405.0,2024-05-13,44911.0,INTER LINK CL 514,Consumidor Livre,SUL,16.200000000000003,6.218523
202405.0,2024-05-14,44911.0,INTER LINK CL 514,Consumidor Livre,SUL,16.200000000000003,7.1898670000000005
202405.0,2024-05-15,44911.0,INTER LINK CL 514,Consumidor Livre,SUL,16.200000000000003,6.689726
202405.0,2024-05-16,44911.0,INTER LINK CL 514,Consumidor Livre,SUL,16.200000000000003,6.448547
202405.0,2024-05-17,44911.0,INTER LINK CL 514,Consumidor Livre,SUL,16.200000000000003,6.550338
202405.0,2024-05-18,44911.0,INTER LINK CL 514,Consumidor Livre,SUL,16.200000000000003,1.064265
202405.0,2024-05-19,44911.0,INTER LINK CL 514,Consumidor Livre,SUL,16.200000000000003,0.260135
202405.0,2024-05-20,44911.0,INTER LINK CL 514,Consumidor Livre,SUL,16.200000000000003,6.676046
202405.0,2024-05-21,44911.0,INTER LINK CL 514,Consumidor Livre,SUL,16.200000000000003,6.780958
202405.0,2024-05-22,44911.0,INTER LINK CL 514,Consumidor Livre,SUL,16.200000000000003,7.000058
202405.0,2024-05-23,44911.0,INTER LINK CL 514,Consumidor Livre,SUL,16.200000000000003,6.962669
202405.0,2024-05-24,44911.0,INTER LINK CL 514,Consumidor Livre,SUL,16.200000000000003,5.682621
202405.0,2024-05-25,44911.0,INTER LINK CL 514,Consumidor Livre,SUL,16.200000000000003,1.106369
202405.0,2024-05-26,44911.0,INTER LINK CL 514,Consumidor Livre,SUL,16.200000000000003,0.246919
202405.0,2024-05-27,44911.0,INTER LINK CL 514,Consumidor Livre,SUL,16.200000000000003,6.895799
202405.0,2024-05-28,44911.0,INTER LINK CL 514,Consumidor Livre,SUL,16.200000000000003,7.070819
202405.0,2024-05-29,44911.0,INTER LINK CL 514,Consumidor Livre,SUL,16.200000000000003,6.61018
202405.0,2024-05-30,44911.0,INTER LINK CL 514,Consumidor Livre,SUL,16.200000000000003,0.223914
202405.0,2024-05-31,44911.0,INTER LINK CL 514,Consumidor Livre,SUL,16.200000000000003,0.935121
202406.0,2024-06-01,44911.0,INTER LINK CL 514,Consumidor Livre,SUL,16.200000000000003,0.433727
202406.0,2024-06-02,44911.0,INTER LINK CL 514,Consumidor Livre,SUL,16.200000000000003,0.212318
202406.0,2024-06-03,44911.0,INTER LINK CL 514,Consumidor Livre,SUL,16.200000000000003,6.748881
202406.0,2024-06-04,44911.0,INTER LINK CL 514,Consumidor Livre,SUL,16.200000000000003,5.269643
202406.0,2024-06-05,44911.0,INTER LINK CL 514,Consumidor Livre,SUL,16.200000000000003,6.502815
202406.0,2024-06-06,44911.0,INTER LINK CL 514,Consumidor Livre,SUL,16.200000000000003,6.54447
202406.0,2024-06-07,44911.0,INTER LINK CL 514,Consumidor Livre,SUL,16.200000000000003,5.692251
202406.0,2024-06-08,44911.0,INTER LINK CL 514,Consumidor Livre,SUL,16.200000000000003,0.814089
202406.0,2024-06-09,44911.0,INTER LINK CL 514,Consumidor Livre,SUL,16.200000000000003,0.1878169999999999
202406.0,2024-06-10,44911.0,INTER LINK CL 514,Consumidor Livre,SUL,16.200000000000003,6.166743
202406.0,2024-06-11,44911.0,INTER LINK CL 514,Consumidor Livre,SUL,16.200000000000003,5.684649
202406.0,2024-06-12,44911.0,INTER LINK CL 514,Consumidor Livre,SUL,16.200000000000003,6.601752
202406.0,2024-06-13,44911.0,INTER LINK CL 514,Consumidor Livre,SUL,16.200000000000003,6.120078
202406.0,2024-06-14,44911.0,INTER LINK CL 514,Consumidor Livre,SUL,16.200000000000003,6.229024
202406.0,2024-06-15,44911.0,INTER LINK CL 514,Consumidor Livre,SUL,16.200000000000003,0.793819
202406.0,2024-06-16,44911.0,INTER LINK CL 514,Consumidor Livre,SUL,16.200000000000003,0.169029
202406.0,2024-06-17,44911.0,INTER LINK CL 514,Consumidor Livre,SUL,16.200000000000003,6.38777
202406.0,2024-06-18,44911.0,INTER LINK CL 514,Consumidor Livre,SUL,16.200000000000003,5.956635
202406.0,2024-06-19,44911.0,INTER LINK CL 514,Consumidor Livre,SUL,16.200000000000003,6.998098
202406.0,2024-06-20,44911.0,INTER LINK CL 514,Consumidor Livre,SUL,16.200000000000003,6.69711
202406.0,2024-06-21,44911.0,INTER LINK CL 514,Consumidor Livre,SUL,16.200000000000003,6.37319
202406.0,2024-06-22,44911.0,INTER LINK CL 514,Consumidor Livre,SUL,16.200000000000003,1.246375
202406.0,2024-06-23,44911.0,INTER LINK CL 514,Consumidor Livre,SUL,16.200000000000003,0.174519
202406.0,2024-06-24,44911.0,INTER LINK CL 514,Consumidor Livre,SUL,16.200000000000003,6.905235
202406.0,2024-06-25,44911.0,INTER LINK CL 514,Consumidor Livre,SUL,16.200000000000003,7.015788
202406.0,2024-06-26,44911.0,INTER LINK CL 514,Consumidor Livre,SUL,16.200000000000003,6.416894
202406.0,2024-06-27,44911.0,INTER LINK CL 514,Consumidor Livre,SUL,16.200000000000003,6.569767
202406.0,2024-06-28,44911.0,INTER LINK CL 514,Consumidor Livre,SUL,16.200000000000003,6.014944
202406.0,2024-06-29,44911.0,INTER LINK CL 514,Consumidor Livre,SUL,16.200000000000003,1.811294
202406.0,2024-06-30,44911.0,INTER LINK CL 514,Consumidor Livre,SUL,16.200000000000003,0.232923
202407.0,2024-07-01,44911.0,INTER LINK CL 514,Consumidor Livre,SUL,16.200000000000003,6.790046
202407.0,2024-07-02,44911.0,INTER LINK CL 514,Consumidor Livre,SUL,16.200000000000003,6.712604
202407.0,2024-07-03,44911.0,INTER LINK CL 514,Consumidor Livre,SUL,16.200000000000003,7.111888
202407.0,2024-07-04,44911.0,INTER LINK CL 514,Consumidor Livre,SUL,16.200000000000003,6.740617
202407.0,2024-07-05,44911.0,INTER LINK CL 514,Consumidor Livre,SUL,16.200000000000003,5.753
202407.0,2024-07-06,44911.0,INTER LINK CL 514,Consumidor Livre,SUL,16.200000000000003,0.984911
202407.0,2024-07-07,44911.0,INTER LINK CL 514,Consumidor Livre,SUL,16.200000000000003,0.199971
202407.0,2024-07-08,44911.0,INTER LINK CL 514,Consumidor Livre,SUL,16.200000000000003,6.298487
202407.0,2024-07-09,44911.0,INTER LINK CL 514,Consumidor Livre,SUL,16.200000000000003,6.980073
202407.0,2024-07-10,44911.0,INTER LINK CL 514,Consumidor Livre,SUL,16.200000000000003,7.111035
202407.0,2024-07-11,44911.0,INTER LINK CL 514,Consumidor Livre,SUL,16.200000000000003,6.946211
202407.0,2024-07-12,44911.0,INTER LINK CL 514,Consumidor Livre,SUL,16.200000000000003,5.039136
202407.0,2024-07-13,44911.0,INTER LINK CL 514,Consumidor Livre,SUL,16.200000000000003,0.221638
202407.0,2024-07-14,44911.0,INTER LINK CL 514,Consumidor Livre,SUL,16.200000000000003,0.222323
202407.0,2024-07-15,44911.0,INTER LINK CL 514,Consumidor Livre,SUL,16.200000000000003,0.921878
202407.0,2024-07-16,44911.0,INTER LINK CL 514,Consumidor Livre,SUL,16.200000000000003,1.536962
202407.0,2024-07-17,44911.0,INTER LINK CL 514,Consumidor Livre,SUL,16.200000000000003,1.079138
202407.0,2024-07-18,44911.0,INTER LINK CL 514,Consumidor Livre,SUL,16.200000000000003,0.645876
202407.0,2024-07-19,44911.0,INTER LINK CL 514,Consumidor Livre,SUL,16.200000000000003,0.373392
202407.0,2024-07-20,44911.0,INTER LINK CL 514,Consumidor Livre,SUL,16.200000000000003,0.198212
202407.0,2024-07-21,44911.0,INTER LINK CL 514,Consumidor Livre,SUL,16.200000000000003,0.198865
202407.0,2024-07-22,44911.0,INTER LINK CL 514,Consumidor Livre,SUL,16.200000000000003,0.690374
202407.0,2024-07-23,44911.0,INTER LINK CL 514,Consumidor Livre,SUL,16.200000000000003,0.646921
202407.0,2024-07-24,44911.0,INTER LINK CL 514,Consumidor Livre,SUL,16.200000000000003,0.532384
202407.0,2024-07-25,44911.0,INTER LINK CL 514,Consumidor Livre,SUL,16.200000000000003,0.456079
202407.0,2024-07-26,44911.0,INTER LINK CL 514,Consumidor Livre,SUL,16.200000000000003,0.515814
202407.0,2024-07-27,44911.0,INTER LINK CL 514,Consumidor Livre,SUL,16.200000000000003,0.211627
202407.0,2024-07-28,44911.0,INTER LINK CL 514,Consumidor Livre,SUL,16.200000000000003,0.170769
202407.0,2024-07-29,44911.0,INTER LINK CL 514,Consumidor Livre,SUL,16.200000000000003,0.575811
202407.0,2024-07-30,44911.0,INTER LINK CL 514,Consumidor Livre,SUL,16.200000000000003,0.60828
202407.0,2024-07-31,44911.0,INTER LINK CL 514,Consumidor Livre,SUL,16.200000000000003,0.599008
202408.0,2024-08-01,44911.0,INTER LINK CL 514,Consumidor Livre,SUL,16.200000000000003,0.729843
202408.0,2024-08-02,44911.0,INTER LINK CL 514,Consumidor Livre,SUL,16.200000000000003,0.521303
202408.0,2024-08-03,44911.0,INTER LINK CL 514,Consumidor Livre,SUL,16.200000000000003,0.170505
202408.0,2024-08-04,44911.0,INTER LINK CL 514,Consumidor Livre,SUL,16.200000000000003,0.16714
202408.0,2024-08-05,44911.0,INTER LINK CL 514,Consumidor Livre,SUL,16.200000000000003,0.917424
202408.0,2024-08-06,44911.0,INTER LINK CL 514,Consumidor Livre,SUL,16.200000000000003,1.043884
202408.0,2024-08-07,44911.0,INTER LINK CL 514,Consumidor Livre,SUL,16.200000000000003,0.705021
202408.0,2024-08-08,44911.0,INTER LINK CL 514,Consumidor Livre,SUL,16.200000000000003,0.675988
202408.0,2024-08-09,44911.0,INTER LINK CL 514,Consumidor Livre,SUL,16.200000000000003,0.94609
202408.0,2024-08-10,44911.0,INTER LINK CL 514,Consumidor Livre,SUL,16.200000000000003,0.347045
202408.0,2024-08-11,44911.0,INTER LINK CL 514,Consumidor Livre,SUL,16.200000000000003,0.211444
202408.0,2024-08-12,44911.0,INTER LINK CL 514,Consumidor Livre,SUL,16.200000000000003,0.732928
202408.0,2024-08-13,44911.0,INTER LINK CL 514,Consumidor Livre,SUL,16.200000000000003,1.181017
202408.0,2024-08-14,44911.0,INTER LINK CL 514,Consumidor Livre,SUL,16.200000000000003,1.498148
202408.0,2024-08-15,44911.0,INTER LINK CL 514,Consumidor Livre,SUL,16.200000000000003,1.129182
202408.0,2024-08-16,44911.0,INTER LINK CL 514,Consumidor Livre,SUL,16.200000000000003,1.488033
202408.0,2024-08-17,44911.0,INTER LINK CL 514,Consumidor Livre,SUL,16.200000000000003,0.324561
202408.0,2024-08-18,44911.0,INTER LINK CL 514,Consumidor Livre,SUL,16.200000000000003,0.164475
202408.0,2024-08-19,44911.0,INTER LINK CL 514,Consumidor Livre,SUL,16.200000000000003,5.181919000000001
202408.0,2024-08-20,44911.0,INTER LINK CL 514,Consumidor Livre,SUL,16.200000000000003,5.623376
202408.0,2024-08-21,44911.0,INTER LINK CL 514,Consumidor Livre,SUL,16.200000000000003,6.449233
202408.0,2024-08-22,44911.0,INTER LINK CL 514,Consumidor Livre,SUL,16.200000000000003,6.659844
202408.0,2024-08-23,44911.0,INTER LINK CL 514,Consumidor Livre,SUL,16.200000000000003,5.658526
202408.0,2024-08-24,44911.0,INTER LINK CL 514,Consumidor Livre,SUL,16.200000000000003,0.97051
202408.0,2024-08-25,44911.0,INTER LINK CL 514,Consumidor Livre,SUL,16.200000000000003,0.258689
202408.0,2024-08-26,44911.0,INTER LINK CL 514,Consumidor Livre,SUL,16.200000000000003,6.935074999999999
202408.0,2024-08-27,44911.0,INTER LINK CL 514,Consumidor Livre,SUL,16.200000000000003,7.442787
202408.0,2024-08-28,44911.0,INTER LINK CL 514,Consumidor Livre,SUL,16.200000000000003,6.859641
202408.0,2024-08-29,44911.0,INTER LINK CL 514,Consumidor Livre,SUL,16.200000000000003,6.097813
202408.0,2024-08-30,44911.0,INTER LINK CL 514,Consumidor Livre,SUL,16.200000000000003,5.899708
202408.0,2024-08-31,44911.0,INTER LINK CL 514,Consumidor Livre,SUL,16.200000000000003,0.889456
202409.0,2024-09-01,44911.0,INTER LINK CL 514,Consumidor Livre,SUL,18.72,0.176107
202409.0,2024-09-02,44911.0,INTER LINK CL 514,Consumidor Livre,SUL,18.72,6.788258
202409.0,2024-09-03,44911.0,INTER LINK CL 514,Consumidor Livre,SUL,18.72,6.708269
202409.0,2024-09-04,44911.0,INTER LINK CL 514,Consumidor Livre,SUL,18.72,7.183639
202409.0,2024-09-05,44911.0,INTER LINK CL 514,Consumidor Livre,SUL,18.72,6.992126
202409.0,2024-09-06,44911.0,INTER LINK CL 514,Consumidor Livre,SUL,18.72,5.789504
202409.0,2024-09-07,44911.0,INTER LINK CL 514,Consumidor Livre,SUL,18.72,0.785099
202409.0,2024-09-08,44911.0,INTER LINK CL 514,Consumidor Livre,SUL,18.72,0.157024
202409.0,2024-09-09,44911.0,INTER LINK CL 514,Consumidor Livre,SUL,18.72,6.880894
202409.0,2024-09-10,44911.0,INTER LINK CL 514,Consumidor Livre,SUL,18.72,7.024775
202409.0,2024-09-11,44911.0,INTER LINK CL 514,Consumidor Livre,SUL,18.72,6.747389
202409.0,2024-09-12,44911.0,INTER LINK CL 514,Consumidor Livre,SUL,18.72,6.536952
202409.0,2024-09-13,44911.0,INTER LINK CL 514,Consumidor Livre,SUL,18.72,5.672411
202409.0,2024-09-14,44911.0,INTER LINK CL 514,Consumidor Livre,SUL,18.72,1.340506
202409.0,2024-09-15,44911.0,INTER LINK CL 514,Consumidor Livre,SUL,18.72,0.222655
202409.0,2024-09-16,44911.0,INTER LINK CL 514,Consumidor Livre,SUL,18.72,6.545583
202409.0,2024-09-17,44911.0,INTER LINK CL 514,Consumidor Livre,SUL,18.72,6.810709
202409.0,2024-09-18,44911.0,INTER LINK CL 514,Consumidor Livre,SUL,18.72,6.301046
202409.0,2024-09-19,44911.0,INTER LINK CL 514,Consumidor Livre,SUL,18.72,6.584685
202409.0,2024-09-20,44911.0,INTER LINK CL 514,Consumidor Livre,SUL,18.72,6.206842
202409.0,2024-09-21,44911.0,INTER LINK CL 514,Consumidor Livre,SUL,18.72,1.353413
202409.0,2024-09-22,44911.0,INTER LINK CL 514,Consumidor Livre,SUL,18.72,0.158588
202409.0,2024-09-23,44911.0,INTER LINK CL 514,Consumidor Livre,SUL,18.72,0.629108
202409.0,2024-09-24,44911.0,INTER LINK CL 514,Consumidor Livre,SUL,18.72,6.716238
202409.0,2024-09-25,44911.0,INTER LINK CL 514,Consumidor Livre,SUL,18.72,6.587264
202409.0,2024-09-26,44911.0,INTER LINK CL 514,Consumidor Livre,SUL,18.72,6.345621
202409.0,2024-09-27,44911.0,INTER LINK CL 514,Consumidor Livre,SUL,18.72,5.7084600000000005
202409.0,2024-09-28,44911.0,INTER LINK CL 514,Consumidor Livre,SUL,18.72,0.487895
202409.0,2024-09-29,44911.0,INTER LINK CL 514,Consumidor Livre,SUL,18.72,0.170596
202409.0,2024-09-30,44911.0,INTER LINK CL 514,Consumidor Livre,SUL,18.72,6.428088
202410.0,2024-10-01,44911.0,INTER LINK CL 514,Consumidor Livre,SUL,18.72,6.838186
202410.0,2024-10-02,44911.0,INTER LINK CL 514,Consumidor Livre,SUL,18.72,6.920409
202410.0,2024-10-03,44911.0,INTER LINK CL 514,Consumidor Livre,SUL,18.72,6.192742
202410.0,2024-10-04,44911.0,INTER LINK CL 514,Consumidor Livre,SUL,18.72,6.630435
202410.0,2024-10-05,44911.0,INTER LINK CL 514,Consumidor Livre,SUL,18.72,1.689171
202410.0,2024-10-06,44911.0,INTER LINK CL 514,Consumidor Livre,SUL,18.72,0.182732
202410.0,2024-10-07,44911.0,INTER LINK CL 514,Consumidor Livre,SUL,18.72,7.589679
202410.0,2024-10-08,44911.0,INTER LINK CL 514,Consumidor Livre,SUL,18.72,7.080671000000001
202410.0,2024-10-09,44911.0,INTER LINK CL 514,Consumidor Livre,SUL,18.72,6.894415
202410.0,2024-10-10,44911.0,INTER LINK CL 514,Consumidor Livre,SUL,18.72,6.684286
202410.0,2024-10-11,44911.0,INTER LINK CL 514,Consumidor Livre,SUL,18.72,6.097872
202410.0,2024-10-12,44911.0,INTER LINK CL 514,Consumidor Livre,SUL,18.72,0.161981
202410.0,2024-10-13,44911.0,INTER LINK CL 514,Consumidor Livre,SUL,18.72,0.1703339999999999
202410.0,2024-10-14,44911.0,INTER LINK CL 514,Consumidor Livre,SUL,18.72,7.014289
202410.0,2024-10-15,44911.0,INTER LINK CL 514,Consumidor Livre,SUL,18.72,6.786328
202410.0,2024-10-16,44911.0,INTER LINK CL 514,Consumidor Livre,SUL,18.72,6.635078
202410.0,2024-10-17,44911.0,INTER LINK CL 514,Consumidor Livre,SUL,18.72,6.589017
202410.0,2024-10-18,44911.0,INTER LINK CL 514,Consumidor Livre,SUL,18.72,5.928475
202410.0,2024-10-19,44911.0,INTER LINK CL 514,Consumidor Livre,SUL,18.72,2.534253
202410.0,2024-10-20,44911.0,INTER LINK CL 514,Consumidor Livre,SUL,18.72,0.172637
202410.0,2024-10-21,44911.0,INTER LINK CL 514,Consumidor Livre,SUL,18.72,6.054769
202410.0,2024-10-22,44911.0,INTER LINK CL 514,Consumidor Livre,SUL,18.72,6.522267
202410.0,2024-10-23,44911.0,INTER LINK CL 514,Consumidor Livre,SUL,18.72,6.747265
202410.0,2024-10-24,44911.0,INTER LINK CL 514,Consumidor Livre,SUL,18.72,7.209238
202410.0,2024-10-25,44911.0,INTER LINK CL 514,Consumidor Livre,SUL,18.72,6.325188
202410.0,2024-10-26,44911.0,INTER LINK CL 514,Consumidor Livre,SUL,18.72,2.258571
202410.0,2024-10-27,44911.0,INTER LINK CL 514,Consumidor Livre,SUL,18.72,0.176868
202410.0,2024-10-28,44911.0,INTER LINK CL 514,Consumidor Livre,SUL,18.72,6.429149
202410.0,2024-10-29,44911.0,INTER LINK CL 514,Consumidor Livre,SUL,18.72,7.610622999999999
202410.0,2024-10-30,44911.0,INTER LINK CL 514,Consumidor Livre,SUL,18.72,6.618398
202410.0,2024-10-31,44911.0,INTER LINK CL 514,Consumidor Livre,SUL,18.72,7.265238
202411.0,2024-11-01,44911.0,INTER LINK CL 514,Consumidor Livre,SUL,18.72,5.779893
202411.0,2024-11-02,44911.0,INTER LINK CL 514,Consumidor Livre,SUL,18.72,0.182742
202411.0,2024-11-03,44911.0,INTER LINK CL 514,Consumidor Livre,SUL,18.72,0.202642
202411.0,2024-11-04,44911.0,INTER LINK CL 514,Consumidor Livre,SUL,18.72,5.716014
202411.0,2024-11-05,44911.0,INTER LINK CL 514,Consumidor Livre,SUL,18.72,6.363516
202411.0,2024-11-06,44911.0,INTER LINK CL 514,Consumidor Livre,SUL,18.72,6.333711
202411.0,2024-11-07,44911.0,INTER LINK CL 514,Consumidor Livre,SUL,18.72,6.523003
202411.0,2024-11-08,44911.0,INTER LINK CL 514,Consumidor Livre,SUL,18.72,6.238499
202411.0,2024-11-09,44911.0,INTER LINK CL 514,Consumidor Livre,SUL,18.72,2.242857
202411.0,2024-11-10,44911.0,INTER LINK CL 514,Consumidor Livre,SUL,18.72,0.179146
202411.0,2024-11-11,44911.0,INTER LINK CL 514,Consumidor Livre,SUL,18.72,6.281067
202411.0,2024-11-12,44911.0,INTER LINK CL 514,Consumidor Livre,SUL,18.72,6.46714
202411.0,2024-11-13,44911.0,INTER LINK CL 514,Consumidor Livre,SUL,18.72,6.269515
202411.0,2024-11-14,44911.0,INTER LINK CL 514,Consumidor Livre,SUL,18.72,6.666232
202411.0,2024-11-15,44911.0,INTER LINK CL 514,Consumidor Livre,SUL,18.72,0.569057
202411.0,2024-11-16,44911.0,INTER LINK CL 514,Consumidor Livre,SUL,18.72,0.502521
202411.0,2024-11-17,44911.0,INTER LINK CL 514,Consumidor Livre,SUL,18.72,0.7510330000000001
202411.0,2024-11-18,44911.0,INTER LINK CL 514,Consumidor Livre,SUL,18.72,6.554682
202411.0,2024-11-19,44911.0,INTER LINK CL 514,Consumidor Livre,SUL,18.72,6.76159
202411.0,2024-11-20,44911.0,INTER LINK CL 514,Consumidor Livre,SUL,18.72,6.509017
202411.0,2024-11-21,44911.0,INTER LINK CL 514,Consumidor Livre,SUL,18.72,5.756075
202411.0,2024-11-22,44911.0,INTER LINK CL 514,Consumidor Livre,SUL,18.72,5.576997
202411.0,2024-11-23,44911.0,INTER LINK CL 514,Consumidor Livre,SUL,18.72,1.175231
202411.0,2024-11-24,44911.0,INTER LINK CL 514,Consumidor Livre,SUL,18.72,0.204564
202411.0,2024-11-25,44911.0,INTER LINK CL 514,Consumidor Livre,SUL,18.72,0.435683
202411.0,2024-11-26,44911.0,INTER LINK CL 514,Consumidor Livre,SUL,18.72,6.452982
202411.0,2024-11-27,44911.0,INTER LINK CL 514,Consumidor Livre,SUL,18.72,7.139458
202411.0,2024-11-28,44911.0,INTER LINK CL 514,Consumidor Livre,SUL,18.72,6.231503
202411.0,2024-11-29,44911.0,INTER LINK CL 514,Consumidor Livre,SUL,18.72,5.895895
202411.0,2024-11-30,44911.0,INTER LINK CL 514,Consumidor Livre,SUL,18.72,1.54077
202412.0,2024-12-01,44911.0,INTER LINK CL 514,Consumidor Livre,SUL,18.72,0.217245
202412.0,2024-12-02,44911.0,INTER LINK CL 514,Consumidor Livre,SUL,18.72,6.300053
202412.0,2024-12-03,44911.0,INTER LINK CL 514,Consumidor Livre,SUL,18.72,6.336925
202412.0,2024-12-04,44911.0,INTER LINK CL 514,Consumidor Livre,SUL,18.72,6.1994620000000005
202412.0,2024-12-05,44911.0,INTER LINK CL 514,Consumidor Livre,SUL,18.72,6.686723
202412.0,2024-12-06,44911.0,INTER LINK CL 514,Consumidor Livre,SUL,18.72,5.75564
202412.0,2024-12-07,44911.0,INTER LINK CL 514,Consumidor Livre,SUL,18.72,1.33872
202412.0,2024-12-08,44911.0,INTER LINK CL 514,Consumidor Livre,SUL,18.72,0.1730809999999999
202412.0,2024-12-09,44911.0,INTER LINK CL 514,Consumidor Livre,SUL,18.72,6.17086
202412.0,2024-12-10,44911.0,INTER LINK CL 514,Consumidor Livre,SUL,18.72,6.90744
202412.0,2024-12-11,44911.0,INTER LINK CL 514,Consumidor Livre,SUL,18.72,6.516169
202412.0,2024-12-12,44911.0,INTER LINK CL 514,Consumidor Livre,SUL,18.72,6.693621
202412.0,2024-12-13,44911.0,INTER LINK CL 514,Consumidor Livre,SUL,18.72,5.617118
202412.0,2024-12-14,44911.0,INTER LINK CL 514,Consumidor Livre,SUL,18.72,1.1921
202412.0,2024-12-15,44911.0,INTER LINK CL 514,Consumidor Livre,SUL,18.72,0.157863
202412.0,2024-12-16,44911.0,INTER LINK CL 514,Consumidor Livre,SUL,18.72,6.654157
202412.0,2024-12-17,44911.0,INTER LINK CL 514,Consumidor Livre,SUL,18.72,6.2702
202412.0,2024-12-18,44911.0,INTER LINK CL 514,Consumidor Livre,SUL,18.72,6.56949
202412.0,2024-12-19,44911.0,INTER LINK CL 514,Consumidor Livre,SUL,18.72,6.637339
202412.0,2024-12-20,44911.0,INTER LINK CL 514,Consumidor Livre,SUL,18.72,5.276469
202412.0,2024-12-21,44911.0,INTER LINK CL 514,Consumidor Livre,SUL,18.72,0.624162
202412.0,2024-12-22,44911.0,INTER LINK CL 514,Consumidor Livre,SUL,18.72,0.152195
202412.0,2024-12-23,44911.0,INTER LINK CL 514,Consumidor Livre,SUL,18.72,6.3427
202412.0,2024-12-24,44911.0,INTER LINK CL 514,Consumidor Livre,SUL,18.72,5.898909
202412.0,2024-12-25,44911.0,INTER LINK CL 514,Consumidor Livre,SUL,18.72,0.151423
202412.0,2024-12-26,44911.0,INTER LINK CL 514,Consumidor Livre,SUL,18.72,7.028824
202412.0,2024-12-27,44911.0,INTER LINK CL 514,Consumidor Livre,SUL,18.72,5.956201
202412.0,2024-12-28,44911.0,INTER LINK CL 514,Consumidor Livre,SUL,18.72,2.492525
202412.0,2024-12-29,44911.0,INTER LINK CL 514,Consumidor Livre,SUL,18.72,0.155019
202412.0,2024-12-30,44911.0,INTER LINK CL 514,Consumidor Livre,SUL,18.72,6.661748
202412.0,2024-12-31,44911.0,INTER LINK CL 514,Consumidor Livre,SUL,18.72,6.507417
202501.0,2025-01-01,44911.0,INTER LINK CL 514,Consumidor Livre,SUL,18.72,0.15103
202501.0,2025-01-02,44911.0,INTER LINK CL 514,Consumidor Livre,SUL,18.72,5.112601
202501.0,2025-01-03,44911.0,INTER LINK CL 514,Consumidor Livre,SUL,18.72,6.0304720000000005
202501.0,2025-01-04,44911.0,INTER LINK CL 514,Consumidor Livre,SUL,18.72,1.975227
202501.0,2025-01-05,44911.0,INTER LINK CL 514,Consumidor Livre,SUL,18.72,0.150231
202501.0,2025-01-06,44911.0,INTER LINK CL 514,Consumidor Livre,SUL,18.72,6.142554
202501.0,2025-01-07,44911.0,INTER LINK CL 514,Consumidor Livre,SUL,18.72,6.820787
202501.0,2025-01-08,44911.0,INTER LINK CL 514,Consumidor Livre,SUL,18.72,6.541029
202501.0,2025-01-09,44911.0,INTER LINK CL 514,Consumidor Livre,SUL,18.72,5.99427
202501.0,2025-01-10,44911.0,INTER LINK CL 514,Consumidor Livre,SUL,18.72,5.578896
202501.0,2025-01-11,44911.0,INTER LINK CL 514,Consumidor Livre,SUL,18.72,1.515118
202501.0,2025-01-12,44911.0,INTER LINK CL 514,Consumidor Livre,SUL,18.72,0.184078
202501.0,2025-01-13,44911.0,INTER LINK CL 514,Consumidor Livre,SUL,18.72,6.495112
202501.0,2025-01-14,44911.0,INTER LINK CL 514,Consumidor Livre,SUL,18.72,6.392951
202501.0,2025-01-15,44911.0,INTER LINK CL 514,Consumidor Livre,SUL,18.72,6.909505
202501.0,2025-01-16,44911.0,INTER LINK CL 514,Consumidor Livre,SUL,18.72,6.89405
202501.0,2025-01-17,44911.0,INTER LINK CL 514,Consumidor Livre,SUL,18.72,5.926167
202501.0,2025-01-18,44911.0,INTER LINK CL 514,Consumidor Livre,SUL,18.72,1.203357
202501.0,2025-01-19,44911.0,INTER LINK CL 514,Consumidor Livre,SUL,18.72,0.14266
202501.0,2025-01-20,44911.0,INTER LINK CL 514,Consumidor Livre,SUL,18.72,6.587164
202501.0,2025-01-21,44911.0,INTER LINK CL 514,Consumidor Livre,SUL,18.72,6.652493
202501.0,2025-01-22,44911.0,INTER LINK CL 514,Consumidor Livre,SUL,18.72,6.880825
202501.0,2025-01-23,44911.0,INTER LINK CL 514,Consumidor Livre,SUL,18.72,6.389917
202501.0,2025-01-24,44911.0,INTER LINK CL 514,Consumidor Livre,SUL,18.72,6.09058
202501.0,2025-01-25,44911.0,INTER LINK CL 514,Consumidor Livre,SUL,18.72,1.723269
202501.0,2025-01-26,44911.0,INTER LINK CL 514,Consumidor Livre,SUL,18.72,0.160809
202501.0,2025-01-27,44911.0,INTER LINK CL 514,Consumidor Livre,SUL,18.72,6.615592
202501.0,2025-01-28,44911.0,INTER LINK CL 514,Consumidor Livre,SUL,18.72,6.824994
202501.0,2025-01-29,44911.0,INTER LINK CL 514,Consumidor Livre,SUL,18.72,6.362305
202501.0,2025-01-30,44911.0,INTER LINK CL 514,Consumidor Livre,SUL,18.72,7.511985
202501.0,2025-01-31,44911.0,INTER LINK CL 514,Consumidor Livre,SUL,18.72,6.373877
202502.0,2025-02-01,44911.0,INTER LINK CL 514,Consumidor Livre,SUL,18.72,0.539579
202502.0,2025-02-02,44911.0,INTER LINK CL 514,Consumidor Livre,SUL,18.72,0.155874
202502.0,2025-02-03,44911.0,INTER LINK CL 514,Consumidor Livre,SUL,18.72,6.785172
202502.0,2025-02-04,44911.0,INTER LINK CL 514,Consumidor Livre,SUL,18.72,6.829187
202502.0,2025-02-05,44911.0,INTER LINK CL 514,Consumidor Livre,SUL,18.72,6.846277
202502.0,2025-02-06,44911.0,INTER LINK CL 514,Consumidor Livre,SUL,18.72,6.929331
202502.0,2025-02-07,44911.0,INTER LINK CL 514,Consumidor Livre,SUL,18.72,5.308413
202502.0,2025-02-08,44911.0,INTER LINK CL 514,Consumidor Livre,SUL,18.72,1.337302
202502.0,2025-02-09,44911.0,INTER LINK CL 514,Consumidor Livre,SUL,18.72,0.157473
202502.0,2025-02-10,44911.0,INTER LINK CL 514,Consumidor Livre,SUL,18.72,6.211152
202502.0,2025-02-11,44911.0,INTER LINK CL 514,Consumidor Livre,SUL,18.72,6.918004
202502.0,2025-02-12,44911.0,INTER LINK CL 514,Consumidor Livre,SUL,18.72,7.097216
202502.0,2025-02-13,44911.0,INTER LINK CL 514,Consumidor Livre,SUL,18.72,7.172175
202502.0,2025-02-14,44911.0,INTER LINK CL 514,Consumidor Livre,SUL,18.72,5.092998
202502.0,2025-02-15,44911.0,INTER LINK CL 514,Consumidor Livre,SUL,18.72,2.878028
202502.0,2025-02-16,44911.0,INTER LINK CL 514,Consumidor Livre,SUL,18.72,0.157443
202502.0,2025-02-17,44911.0,INTER LINK CL 514,Consumidor Livre,SUL,18.72,7.132168
202502.0,2025-02-18,44911.0,INTER LINK CL 514,Consumidor Livre,SUL,18.72,7.184423
202502.0,2025-02-19,44911.0,INTER LINK CL 514,Consumidor Livre,SUL,18.72,7.281046
202502.0,2025-02-20,44911.0,INTER LINK CL 514,Consumidor Livre,SUL,18.72,7.228925
202502.0,2025-02-21,44911.0,INTER LINK CL 514,Consumidor Livre,SUL,18.72,5.619744
202502.0,2025-02-22,44911.0,INTER LINK CL 514,Consumidor Livre,SUL,18.72,2.749153
202502.0,2025-02-23,44911.0,INTER LINK CL 514,Consumidor Livre,SUL,18.72,0.170551
202502.0,2025-02-24,44911.0,INTER LINK CL 514,Consumidor Livre,SUL,18.72,8.057454
202502.0,2025-02-25,44911.0,INTER LINK CL 514,Consumidor Livre,SUL,18.72,7.157642
202502.0,2025-02-26,44911.0,INTER LINK CL 514,Consumidor Livre,SUL,18.72,7.19701
202502.0,2025-02-27,44911.0,INTER LINK CL 514,Consumidor Livre,SUL,18.72,6.003571
202502.0,2025-02-28,44911.0,INTER LINK CL 514,Consumidor Livre,SUL,18.72,6.443612
202503.0,2025-03-01,44911.0,INTER LINK CL 514,Consumidor Livre,SUL,18.72,1.274059
202503.0,2025-03-02,44911.0,INTER LINK CL 514,Consumidor Livre,SUL,18.72,0.15207
202503.0,2025-03-03,44911.0,INTER LINK CL 514,Consumidor Livre,SUL,18.72,6.808975
202503.0,2025-03-04,44911.0,INTER LINK CL 514,Consumidor Livre,SUL,18.72,7.293723
202503.0,2025-03-05,44911.0,INTER LINK CL 514,Consumidor Livre,SUL,18.72,5.990868
202503.0,2025-03-06,44911.0,INTER LINK CL 514,Consumidor Livre,SUL,18.72,6.743693
202503.0,2025-03-07,44911.0,INTER LINK CL 514,Consumidor Livre,SUL,18.72,6.770004
202503.0,2025-03-08,44911.0,INTER LINK CL 514,Consumidor Livre,SUL,18.72,2.335875
202503.0,2025-03-09,44911.0,INTER LINK CL 514,Consumidor Livre,SUL,18.72,0.157347
202503.0,2025-03-10,44911.0,INTER LINK CL 514,Consumidor Livre,SUL,18.72,6.493931
202503.0,2025-03-11,44911.0,INTER LINK CL 514,Consumidor Livre,SUL,18.72,7.44791
202503.0,2025-03-12,44911.0,INTER LINK CL 514,Consumidor Livre,SUL,18.72,7.090032
202503.0,2025-03-13,44911.0,INTER LINK CL 514,Consumidor Livre,SUL,18.72,7.376978999999999
202503.0,2025-03-14,44911.0,INTER LINK CL 514,Consumidor Livre,SUL,18.72,6.089815
202503.0,2025-03-15,44911.0,INTER LINK CL 514,Consumidor Livre,SUL,18.72,2.593926
202503.0,2025-03-16,44911.0,INTER LINK CL 514,Consumidor Livre,SUL,18.72,0.173499
202503.0,2025-03-17,44911.0,INTER LINK CL 514,Consumidor Livre,SUL,18.72,6.550273
202503.0,2025-03-18,44911.0,INTER LINK CL 514,Consumidor Livre,SUL,18.72,6.84048
202503.0,2025-03-19,44911.0,INTER LINK CL 514,Consumidor Livre,SUL,18.72,6.939514
202503.0,2025-03-20,44911.0,INTER LINK CL 514,Consumidor Livre,SUL,18.72,7.708499
202503.0,2025-03-21,44911.0,INTER LINK CL 514,Consumidor Livre,SUL,18.72,6.401785
202503.0,2025-03-22,44911.0,INTER LINK CL 514,Consumidor Livre,SUL,18.72,1.242045
202503.0,2025-03-23,44911.0,INTER LINK CL 514,Consumidor Livre,SUL,18.72,0.170707
202503.0,2025-03-24,44911.0,INTER LINK CL 514,Consumidor Livre,SUL,18.72,6.739205
202503.0,2025-03-25,44911.0,INTER LINK CL 514,Consumidor Livre,SUL,18.72,6.129557
202503.0,2025-03-26,44911.0,INTER LINK CL 514,Consumidor Livre,SUL,18.72,6.60273
202503.0,2025-03-27,44911.0,INTER LINK CL 514,Consumidor Livre,SUL,18.72,6.751366
202503.0,2025-03-28,44911.0,INTER LINK CL 514,Consumidor Livre,SUL,18.72,5.936659
202503.0,2025-03-29,44911.0,INTER LINK CL 514,Consumidor Livre,SUL,18.72,1.774338
202503.0,2025-03-30,44911.0,INTER LINK CL 514,Consumidor Livre,SUL,18.72,0.153259
202503.0,2025-03-31,44911.0,INTER LINK CL 514,Consumidor Livre,SUL,18.72,7.297229
202504.0,2025-04-01,44911.0,INTER LINK CL 514,Consumidor Livre,SUL,18.72,7.359965
202504.0,2025-04-02,44911.0,INTER LINK CL 514,Consumidor Livre,SUL,18.72,7.374907
202504.0,2025-04-03,44911.0,INTER LINK CL 514,Consumidor Livre,SUL,18.72,6.719545
202504.0,2025-04-04,44911.0,INTER LINK CL 514,Consumidor Livre,SUL,18.72,6.051901
202504.0,2025-04-05,44911.0,INTER LINK CL 514,Consumidor Livre,SUL,18.72,0.632541
202504.0,2025-04-06,44911.0,INTER LINK CL 514,Consumidor Livre,SUL,18.72,0.195208
202504.0,2025-04-07,44911.0,INTER LINK CL 514,Consumidor Livre,SUL,18.72,6.7304
202504.0,2025-04-08,44911.0,INTER LINK CL 514,Consumidor Livre,SUL,18.72,6.577914
202504.0,2025-04-09,44911.0,INTER LINK CL 514,Consumidor Livre,SUL,18.72,7.661663
202504.0,2025-04-10,44911.0,INTER LINK CL 514,Consumidor Livre,SUL,18.72,7.472025
202504.0,2025-04-11,44911.0,INTER LINK CL 514,Consumidor Livre,SUL,18.72,6.364197
202504.0,2025-04-12,44911.0,INTER LINK CL 514,Consumidor Livre,SUL,18.72,2.86427
202504.0,2025-04-13,44911.0,INTER LINK CL 514,Consumidor Livre,SUL,18.72,0.195472
202504.0,2025-04-14,44911.0,INTER LINK CL 514,Consumidor Livre,SUL,18.72,6.686135
202504.0,2025-04-15,44911.0,INTER LINK CL 514,Consumidor Livre,SUL,18.72,6.781526
202504.0,2025-04-16,44911.0,INTER LINK CL 514,Consumidor Livre,SUL,18.72,7.059641
202504.0,2025-04-17,44911.0,INTER LINK CL 514,Consumidor Livre,SUL,18.72,7.129682
202504.0,2025-04-18,44911.0,INTER LINK CL 514,Consumidor Livre,SUL,18.72,0.168348
202504.0,2025-04-19,44911.0,INTER LINK CL 514,Consumidor Livre,SUL,18.72,1.282907
202504.0,2025-04-20,44911.0,INTER LINK CL 514,Consumidor Livre,SUL,18.72,0.178563
202504.0,2025-04-21,44911.0,INTER LINK CL 514,Consumidor Livre,SUL,18.72,0.184492
202504.0,2025-04-22,44911.0,INTER LINK CL 514,Consumidor Livre,SUL,18.72,6.643671
202504.0,2025-04-23,44911.0,INTER LINK CL 514,Consumidor Livre,SUL,18.72,7.348251
202504.0,2025-04-24,44911.0,INTER LINK CL 514,Consumidor Livre,SUL,18.72,7.211281
202504.0,2025-04-25,44911.0,INTER LINK CL 514,Consumidor Livre,SUL,18.72,6.454537
202504.0,2025-04-26,44911.0,INTER LINK CL 514,Consumidor Livre,SUL,18.72,2.426557
202504.0,2025-04-27,44911.0,INTER LINK CL 514,Consumidor Livre,SUL,18.72,0.184377
202504.0,2025-04-28,44911.0,INTER LINK CL 514,Consumidor Livre,SUL,18.72,7.080853
202504.0,2025-04-29,44911.0,INTER LINK CL 514,Consumidor Livre,SUL,18.72,7.112703
202504.0,2025-04-30,44911.0,INTER LINK CL 514,Consumidor Livre,SUL,18.72,6.997503
202505.0,2025-05-01,44911.0,INTER LINK CL 514,Consumidor Livre,SUL,18.72,6.868315
202505.0,2025-05-02,44911.0,INTER LINK CL 514,Consumidor Livre,SUL,18.72,0.752695
202505.0,2025-05-03,44911.0,INTER LINK CL 514,Consumidor Livre,SUL,18.72,0.454354
202505.0,2025-05-04,44911.0,INTER LINK CL 514,Consumidor Livre,SUL,18.72,0.200056
202505.0,2025-05-05,44911.0,INTER LINK CL 514,Consumidor Livre,SUL,18.72,6.401206
202505.0,2025-05-06,44911.0,INTER LINK CL 514,Consumidor Livre,SUL,18.72,6.733386
202505.0,2025-05-07,44911.0,INTER LINK CL 514,Consumidor Livre,SUL,18.72,6.962505
202505.0,2025-05-08,44911.0,INTER LINK CL 514,Consumidor Livre,SUL,18.72,5.972845
202505.0,2025-05-09,44911.0,INTER LINK CL 514,Consumidor Livre,SUL,18.72,5.961493
202505.0,2025-05-10,44911.0,INTER LINK CL 514,Consumidor Livre,SUL,18.72,0.602531
202505.0,2025-05-11,44911.0,INTER LINK CL 514,Consumidor Livre,SUL,18.72,0.206698
202505.0,2025-05-12,44911.0,INTER LINK CL 514,Consumidor Livre,SUL,18.72,6.584192
202505.0,2025-05-13,44911.0,INTER LINK CL 514,Consumidor Livre,SUL,18.72,6.397181
202505.0,2025-05-14,44911.0,INTER LINK CL 514,Consumidor Livre,SUL,18.72,5.977657
202505.0,2025-05-15,44911.0,INTER LINK CL 514,Consumidor Livre,SUL,18.72,6.405669
202505.0,2025-05-16,44911.0,INTER LINK CL 514,Consumidor Livre,SUL,18.72,5.281849
202505.0,2025-05-17,44911.0,INTER LINK CL 514,Consumidor Livre,SUL,18.72,1.18595
202505.0,2025-05-18,44911.0,INTER LINK CL 514,Consumidor Livre,SUL,18.72,0.175374
202505.0,2025-05-19,44911.0,INTER LINK CL 514,Consumidor Livre,SUL,18.72,6.362904
202505.0,2025-05-20,44911.0,INTER LINK CL 514,Consumidor Livre,SUL,18.72,5.846464
202505.0,2025-05-21,44911.0,INTER LINK CL 514,Consumidor Livre,SUL,18.72,6.595691
202505.0,2025-05-22,44911.0,INTER LINK CL 514,Consumidor Livre,SUL,18.72,6.228909
202505.0,2025-05-23,44911.0,INTER LINK CL 514,Consumidor Livre,SUL,18.72,6.455352
202505.0,2025-05-24,44911.0,INTER LINK CL 514,Consumidor Livre,SUL,18.72,2.26822
202505.0,2025-05-25,44911.0,INTER LINK CL 514,Consumidor Livre,SUL,18.72,0.190436
202505.0,2025-05-26,44911.0,INTER LINK CL 514,Consumidor Livre,SUL,18.72,6.697278
202505.0,2025-05-27,44911.0,INTER LINK CL 514,Consumidor Livre,SUL,18.72,6.018725
202505.0,2025-05-28,44911.0,INTER LINK CL 514,Consumidor Livre,SUL,18.72,6.099396
202505.0,2025-05-29,44911.0,INTER LINK CL 514,Consumidor Livre,SUL,18.72,7.512635
202505.0,2025-05-30,44911.0,INTER LINK CL 514,Consumidor Livre,SUL,18.72,6.335155
202505.0,2025-05-31,44911.0,INTER LINK CL 514,Consumidor Livre,SUL,18.72,2.699232
202506.0,2025-06-01,44911.0,INTER LINK CL 514,Consumidor Livre,SUL,18.72,0.431253
202506.0,2025-06-02,44911.0,INTER LINK CL 514,Consumidor Livre,SUL,18.72,6.848249
202506.0,2025-06-03,44911.0,INTER LINK CL 514,Consumidor Livre,SUL,18.72,6.819268
202506.0,2025-06-04,44911.0,INTER LINK CL 514,Consumidor Livre,SUL,18.72,6.708702
202506.0,2025-06-05,44911.0,INTER LINK CL 514,Consumidor Livre,SUL,18.72,6.811055
202506.0,2025-06-06,44911.0,INTER LINK CL 514,Consumidor Livre,SUL,18.72,5.384743
202506.0,2025-06-07,44911.0,INTER LINK CL 514,Consumidor Livre,SUL,18.72,1.607269
202506.0,2025-06-08,44911.0,INTER LINK CL 514,Consumidor Livre,SUL,18.72,0.656682
202506.0,2025-06-09,44911.0,INTER LINK CL 514,Consumidor Livre,SUL,18.72,6.372096
202506.0,2025-06-10,44911.0,INTER LINK CL 514,Consumidor Livre,SUL,18.72,6.551439
202506.0,2025-06-11,44911.0,INTER LINK CL 514,Consumidor Livre,SUL,18.72,6.160009
202506.0,2025-06-12,44911.0,INTER LINK CL 514,Consumidor Livre,SUL,18.72,6.112663
202506.0,2025-06-13,44911.0,INTER LINK CL 514,Consumidor Livre,SUL,18.72,5.812076
202506.0,2025-06-14,44911.0,INTER LINK CL 514,Consumidor Livre,SUL,18.72,1.98834
202506.0,2025-06-15,44911.0,INTER LINK CL 514,Consumidor Livre,SUL,18.72,0.187671
202506.0,2025-06-16,44911.0,INTER LINK CL 514,Consumidor Livre,SUL,18.72,6.145403
202506.0,2025-06-17,44911.0,INTER LINK CL 514,Consumidor Livre,SUL,18.72,6.511378
202506.0,2025-06-18,44911.0,INTER LINK CL 514,Consumidor Livre,SUL,18.72,6.003944
202506.0,2025-06-19,44911.0,INTER LINK CL 514,Consumidor Livre,SUL,18.72,0.931012
202506.0,2025-06-20,44911.0,INTER LINK CL 514,Consumidor Livre,SUL,18.72,5.163742
202506.0,2025-06-21,44911.0,INTER LINK CL 514,Consumidor Livre,SUL,18.72,2.3691560000000003
202506.0,2025-06-22,44911.0,INTER LINK CL 514,Consumidor Livre,SUL,18.72,0.174374
202506.0,2025-06-23,44911.0,INTER LINK CL 514,Consumidor Livre,SUL,18.72,6.195971
202506.0,2025-06-24,44911.0,INTER LINK CL 514,Consumidor Livre,SUL,18.72,7.185136
202506.0,2025-06-25,44911.0,INTER LINK CL 514,Consumidor Livre,SUL,18.72,6.238441
202506.0,2025-06-26,44911.0,INTER LINK CL 514,Consumidor Livre,SUL,18.72,6.850719
202506.0,2025-06-27,44911.0,INTER LINK CL 514,Consumidor Livre,SUL,18.72,5.944305
202506.0,2025-06-28,44911.0,INTER LINK CL 514,Consumidor Livre,SUL,18.72,1.541474
202506.0,2025-06-29,44911.0,INTER LINK CL 514,Consumidor Livre,SUL,18.72,0.203788
202506.0,2025-06-30,44911.0,INTER LINK CL 514,Consumidor Livre,SUL,18.72,7.018802
202507.0,2025-07-01,44911.0,INTER LINK CL 514,Consumidor Livre,SUL,18.72,6.240165
202507.0,2025-07-02,44911.0,INTER LINK CL 514,Consumidor Livre,SUL,18.72,6.357793
202507.0,2025-07-03,44911.0,INTER LINK CL 514,Consumidor Livre,SUL,18.72,6.004440000000001
202507.0,2025-07-04,44911.0,INTER LINK CL 514,Consumidor Livre,SUL,18.72,5.650472
202507.0,2025-07-05,44911.0,INTER LINK CL 514,Consumidor Livre,SUL,18.72,1.606863
202507.0,2025-07-06,44911.0,INTER LINK CL 514,Consumidor Livre,SUL,18.72,0.200485
202507.0,2025-07-07,44911.0,INTER LINK CL 514,Consumidor Livre,SUL,18.72,6.133757999999999
202507.0,2025-07-08,44911.0,INTER LINK CL 514,Consumidor Livre,SUL,18.72,6.318485
202507.0,2025-07-09,44911.0,INTER LINK CL 514,Consumidor Livre,SUL,18.72,6.119097
202507.0,2025-07-10,44911.0,INTER LINK CL 514,Consumidor Livre,SUL,18.72,6.411456
202507.0,2025-07-11,44911.0,INTER LINK CL 514,Consumidor Livre,SUL,18.72,6.082051
202507.0,2025-07-12,44911.0,INTER LINK CL 514,Consumidor Livre,SUL,18.72,2.393913
202507.0,2025-07-13,44911.0,INTER LINK CL 514,Consumidor Livre,SUL,18.72,0.177758
202507.0,2025-07-14,44911.0,INTER LINK CL 514,Consumidor Livre,SUL,18.72,6.163721
202507.0,2025-07-15,44911.0,INTER LINK CL 514,Consumidor Livre,SUL,18.72,6.204349
202507.0,2025-07-16,44911.0,INTER LINK CL 514,Consumidor Livre,SUL,18.72,6.857018
202507.0,2025-07-17,44911.0,INTER LINK CL 514,Consumidor Livre,SUL,18.72,6.805591
202507.0,2025-07-18,44911.0,INTER LINK CL 514,Consumidor Livre,SUL,18.72,5.546584
202507.0,2025-07-19,44911.0,INTER LINK CL 514,Consumidor Livre,SUL,18.72,0.996635
202507.0,2025-07-20,44911.0,INTER LINK CL 514,Consumidor Livre,SUL,18.72,0.198912
202507.0,2025-07-21,44911.0,INTER LINK CL 514,Consumidor Livre,SUL,18.72,6.949347
202507.0,2025-07-22,44911.0,INTER LINK CL 514,Consumidor Livre,SUL,18.72,7.322316
202507.0,2025-07-23,44911.0,INTER LINK CL 514,Consumidor Livre,SUL,18.72,6.643063
202507.0,2025-07-24,44911.0,INTER LINK CL 514,Consumidor Livre,SUL,18.72,6.780342
202507.0,2025-07-25,44911.0,INTER LINK CL 514,Consumidor Livre,SUL,18.72,5.367743
202507.0,2025-07-26,44911.0,INTER LINK CL 514,Consumidor Livre,SUL,18.72,0.169484
202507.0,2025-07-27,44911.0,INTER LINK CL 514,Consumidor Livre,SUL,18.72,0.17255
202507.0,2025-07-28,44911.0,INTER LINK CL 514,Consumidor Livre,SUL,18.72,0.637683
202507.0,2025-07-29,44911.0,INTER LINK CL 514,Consumidor Livre,SUL,18.72,0.461651
202507.0,2025-07-30,44911.0,INTER LINK CL 514,Consumidor Livre,SUL,18.72,0.442846
202507.0,2025-07-31,44911.0,INTER LINK CL 514,Consumidor Livre,SUL,18.72,0.473561
202508.0,2025-08-01,44911.0,INTER LINK CL 514,Consumidor Livre,SUL,18.72,0.4381339999999999
202508.0,2025-08-02,44911.0,INTER LINK CL 514,Consumidor Livre,SUL,18.72,0.118855
202508.0,2025-08-03,44911.0,INTER LINK CL 514,Consumidor Livre,SUL,18.72,0.119333
202508.0,2025-08-04,44911.0,INTER LINK CL 514,Consumidor Livre,SUL,18.72,0.503236
202508.0,2025-08-05,44911.0,INTER LINK CL 514,Consumidor Livre,SUL,18.72,0.5001450000000001
202508.0,2025-08-06,44911.0,INTER LINK CL 514,Consumidor Livre,SUL,18.72,0.603896
202508.0,2025-08-07,44911.0,INTER LINK CL 514,Consumidor Livre,SUL,18.72,0.537973
202508.0,2025-08-08,44911.0,INTER LINK CL 514,Consumidor Livre,SUL,18.72,0.293381
202508.0,2025-08-09,44911.0,INTER LINK CL 514,Consumidor Livre,SUL,18.72,0.114302
202508.0,2025-08-10,44911.0,INTER LINK CL 514,Consumidor Livre,SUL,18.72,0.113391
202508.0,2025-08-11,44911.0,INTER LINK CL 514,Consumidor Livre,SUL,18.72,0.46186
202508.0,2025-08-12,44911.0,INTER LINK CL 514,Consumidor Livre,SUL,18.72,0.320978
202508.0,2025-08-13,44911.0,INTER LINK CL 514,Consumidor Livre,SUL,18.72,0.42942
202508.0,2025-08-14,44911.0,INTER LINK CL 514,Consumidor Livre,SUL,18.72,0.431867
202508.0,2025-08-15,44911.0,INTER LINK CL 514,Consumidor Livre,SUL,18.72,0.369969
202508.0,2025-08-16,44911.0,INTER LINK CL 514,Consumidor Livre,SUL,18.72,0.114132
202508.0,2025-08-17,44911.0,INTER LINK CL 514,Consumidor Livre,SUL,18.72,0.115133
202508.0,2025-08-18,44911.0,INTER LINK CL 514,Consumidor Livre,SUL,18.72,0.43887
202508.0,2025-08-19,44911.0,INTER LINK CL 514,Consumidor Livre,SUL,18.72,0.557924
202508.0,2025-08-20,44911.0,INTER LINK CL 514,Consumidor Livre,SUL,18.72,0.3646749999999999
202508.0,2025-08-21,44911.0,INTER LINK CL 514,Consumidor Livre,SUL,18.72,0.34108
202508.0,2025-08-22,44911.0,INTER LINK CL 514,Consumidor Livre,SUL,18.72,0.224969
202508.0,2025-08-23,44911.0,INTER LINK CL 514,Consumidor Livre,SUL,18.72,0.11531
202508.0,2025-08-24,44911.0,INTER LINK CL 514,Consumidor Livre,SUL,18.72,0.115776
202508.0,2025-08-25,44911.0,INTER LINK CL 514,Consumidor Livre,SUL,18.72,0.301663
202508.0,2025-08-26,44911.0,INTER LINK CL 514,Consumidor Livre,SUL,18.72,0.436019
202508.0,2025-08-27,44911.0,INTER LINK CL 514,Consumidor Livre,SUL,18.72,0.425177
202508.0,2025-08-28,44911.0,INTER LINK CL 514,Consumidor Livre,SUL,18.72,0.856492
202508.0,2025-08-29,44911.0,INTER LINK CL 514,Consumidor Livre,SUL,18.72,0.874678
202508.0,2025-08-30,44911.0,INTER LINK CL 514,Consumidor Livre,SUL,18.72,0.48815
202508.0,2025-08-31,44911.0,INTER LINK CL 514,Consumidor Livre,SUL,18.72,0.162274
