MES_REFERENCIA,DATA,CODIGO_PERFIL_AGENTE,SIGLA_PERFIL_AGENTE,CLASSE_PERFIL_AGENTE,SUBMERCADO,CAPACIDADE_CARGA,CONSUMO_CARGA_ACL
,2022-01-01,61337.0,PICININ,Consumidor Especial,SUDESTE,13.2,1.13012
,2022-01-02,61337.0,PICININ,Consumidor Especial,SUDESTE,13.2,1.129235
,2022-01-03,61337.0,PICININ,Consumidor Especial,SUDESTE,13.2,5.617897
,2022-01-04,61337.0,PICININ,Consumidor Especial,SUDESTE,13.2,6.159951
,2022-01-05,61337.0,PICININ,Consumidor Especial,SUDESTE,13.2,6.362118
,2022-01-06,61337.0,PICININ,Consumidor Especial,SUDESTE,13.2,8.020917
,2022-01-07,61337.0,PICININ,Consumidor Especial,SUDESTE,13.2,9.389946
,2022-01-08,61337.0,PICININ,Consumidor Especial,SUDESTE,13.2,5.516745
,2022-01-09,61337.0,PICININ,Consumidor Especial,SUDESTE,13.2,0.956471
,2022-01-10,61337.0,PICININ,Consumidor Especial,SUDESTE,13.2,4.418367
,2022-01-11,61337.0,PICININ,Consumidor Especial,SUDESTE,13.2,5.012959
,2022-01-12,61337.0,PICININ,Consumidor Especial,SUDESTE,13.2,5.570746
,2022-01-13,61337.0,PICININ,Consumidor Especial,SUDESTE,13.2,7.02959
,2022-01-14,61337.0,PICININ,Consumidor Especial,SUDESTE,13.2,7.397075
,2022-01-15,61337.0,PICININ,Consumidor Especial,SUDESTE,13.2,3.076147
,2022-01-16,61337.0,PICININ,Consumidor Especial,SUDESTE,13.2,0.793301
,2022-01-17,61337.0,PICININ,Consumidor Especial,SUDESTE,13.2,5.428039
,2022-01-18,61337.0,PICININ,Consumidor Especial,SUDESTE,13.2,5.498448
,2022-01-19,61337.0,PICININ,Consumidor Especial,SUDESTE,13.2,6.144739
,2022-01-20,61337.0,PICININ,Consumidor Especial,SUDESTE,13.2,0.723629
,2022-01-21,61337.0,PICININ,Consumidor Especial,SUDESTE,13.2,6.358031
,2022-01-22,61337.0,PICININ,Consumidor Especial,SUDESTE,13.2,3.750372
,2022-01-23,61337.0,PICININ,Consumidor Especial,SUDESTE,13.2,1.811782
,2022-01-24,61337.0,PICININ,Consumidor Especial,SUDESTE,13.2,7.320959
,2022-01-25,61337.0,PICININ,Consumidor Especial,SUDESTE,13.2,6.907438
,2022-01-26,61337.0,PICININ,Consumidor Especial,SUDESTE,13.2,6.802485
,2022-01-27,61337.0,PICININ,Consumidor Especial,SUDESTE,13.2,6.624547
,2022-01-28,61337.0,PICININ,Consumidor Especial,SUDESTE,13.2,6.490841
,2022-01-29,61337.0,PICININ,Consumidor Especial,SUDESTE,13.2,2.356747
,2022-01-30,61337.0,PICININ,Consumidor Especial,SUDESTE,13.2,0.528495
,2022-01-31,61337.0,PICININ,Consumidor Especial,SUDESTE,13.2,5.84492
,2022-02-01,61337.0,PICININ,Consumidor Especial,SUDESTE,13.2,6.939234
,2022-02-02,61337.0,PICININ,Consumidor Especial,SUDESTE,13.2,6.921963
,2022-02-03,61337.0,PICININ,Consumidor Especial,SUDESTE,13.2,6.77853
,2022-02-04,61337.0,PICININ,Consumidor Especial,SUDESTE,13.2,7.092957
,2022-02-05,61337.0,PICININ,Consumidor Especial,SUDESTE,13.2,4.23907
,2022-02-06,61337.0,PICININ,Consumidor Especial,SUDESTE,13.2,1.786711
,2022-02-07,61337.0,PICININ,Consumidor Especial,SUDESTE,13.2,7.420513
,2022-02-08,61337.0,PICININ,Consumidor Especial,SUDESTE,13.2,7.84635
,2022-02-09,61337.0,PICININ,Consumidor Especial,SUDESTE,13.2,7.285262
,2022-02-10,61337.0,PICININ,Consumidor Especial,SUDESTE,13.2,7.483711
,2022-02-11,61337.0,PICININ,Consumidor Especial,SUDESTE,13.2,8.273002
,2022-02-12,61337.0,PICININ,Consumidor Especial,SUDESTE,13.2,6.270252
,2022-02-13,61337.0,PICININ,Consumidor Especial,SUDESTE,13.2,1.614805
,2022-02-14,61337.0,PICININ,Consumidor Especial,SUDESTE,13.2,7.656396
,2022-02-15,61337.0,PICININ,Consumidor Especial,SUDESTE,13.2,6.92067
,2022-02-16,61337.0,PICININ,Consumidor Especial,SUDESTE,13.2,5.914144
,2022-02-17,61337.0,PICININ,Consumidor Especial,SUDESTE,13.2,7.600964999999999
,2022-02-18,61337.0,PICININ,Consumidor Especial,SUDESTE,13.2,7.466495
,2022-02-19,61337.0,PICININ,Consumidor Especial,SUDESTE,13.2,4.541593
,2022-02-20,61337.0,PICININ,Consumidor Especial,SUDESTE,13.2,1.728273
,2022-02-21,61337.0,PICININ,Consumidor Especial,SUDESTE,13.2,7.890025
,2022-02-22,61337.0,PICININ,Consumidor Especial,SUDESTE,13.2,6.791271
,2022-02-23,61337.0,PICININ,Consumidor Especial,SUDESTE,13.2,7.627073
,2022-02-24,61337.0,PICININ,Consumidor Especial,SUDESTE,13.2,7.646409999999999
,2022-02-25,61337.0,PICININ,Consumidor Especial,SUDESTE,13.2,7.176417000000001
,2022-02-26,61337.0,PICININ,Consumidor Especial,SUDESTE,13.2,4.199437
,2022-02-27,61337.0,PICININ,Consumidor Especial,SUDESTE,13.2,1.714527
,2022-02-28,61337.0,PICININ,Consumidor Especial,SUDESTE,13.2,7.330859
,2022-03-01,61337.0,PICININ,Consumidor Especial,SUDESTE,13.2,7.800383
,2022-03-02,61337.0,PICININ,Consumidor Especial,SUDESTE,13.2,7.728171
,2022-03-03,61337.0,PICININ,Consumidor Especial,SUDESTE,13.2,6.912867
,2022-03-04,61337.0,PICININ,Consumidor Especial,SUDESTE,13.2,7.573696
,2022-03-05,61337.0,PICININ,Consumidor Especial,SUDESTE,13.2,3.865817
,2022-03-06,61337.0,PICININ,Consumidor Especial,SUDESTE,13.2,1.420241
,2022-03-07,61337.0,PICININ,Consumidor Especial,SUDESTE,13.2,7.354786
,2022-03-08,61337.0,PICININ,Consumidor Especial,SUDESTE,13.2,7.565265
,2022-03-09,61337.0,PICININ,Consumidor Especial,SUDESTE,13.2,7.74327
,2022-03-10,61337.0,PICININ,Consumidor Especial,SUDESTE,13.2,7.0494330000000005
,2022-03-11,61337.0,PICININ,Consumidor Especial,SUDESTE,13.2,6.652295
,2022-03-12,61337.0,PICININ,Consumidor Especial,SUDESTE,13.2,3.008488
,2022-03-13,61337.0,PICININ,Consumidor Especial,SUDESTE,13.2,1.994935
,2022-03-14,61337.0,PICININ,Consumidor Especial,SUDESTE,13.2,7.845864
,2022-03-15,61337.0,PICININ,Consumidor Especial,SUDESTE,13.2,7.459367
,2022-03-16,61337.0,PICININ,Consumidor Especial,SUDESTE,13.2,7.854906
,2022-03-17,61337.0,PICININ,Consumidor Especial,SUDESTE,13.2,7.980068999999999
,2022-03-18,61337.0,PICININ,Consumidor Especial,SUDESTE,13.2,7.716006
,2022-03-19,61337.0,PICININ,Consumidor Especial,SUDESTE,13.2,4.613564
,2022-03-20,61337.0,PICININ,Consumidor Especial,SUDESTE,13.2,2.451077
,2022-03-21,61337.0,PICININ,Consumidor Especial,SUDESTE,13.2,7.457927
,2022-03-22,61337.0,PICININ,Consumidor Especial,SUDESTE,13.2,7.931951
,2022-03-23,61337.0,PICININ,Consumidor Especial,SUDESTE,13.2,7.708219
,2022-03-24,61337.0,PICININ,Consumidor Especial,SUDESTE,13.2,9.384262
,2022-03-25,61337.0,PICININ,Consumidor Especial,SUDESTE,13.2,9.393103
,2022-03-26,61337.0,PICININ,Consumidor Especial,SUDESTE,13.2,4.570399
,2022-03-27,61337.0,PICININ,Consumidor Especial,SUDESTE,13.2,0.755219
,2022-03-28,61337.0,PICININ,Consumidor Especial,SUDESTE,13.2,5.654474
,2022-03-29,61337.0,PICININ,Consumidor Especial,SUDESTE,13.2,6.436162
,2022-03-30,61337.0,PICININ,Consumidor Especial,SUDESTE,13.2,6.756096
,2022-03-31,61337.0,PICININ,Consumidor Especial,SUDESTE,13.2,6.752612
,2022-04-01,61337.0,PICININ,Consumidor Especial,SUDESTE,13.2,7.263236
,2022-04-02,61337.0,PICININ,Consumidor Especial,SUDESTE,13.2,3.449747
,2022-04-03,61337.0,PICININ,Consumidor Especial,SUDESTE,13.2,1.858309
,2022-04-04,61337.0,PICININ,Consumidor Especial,SUDESTE,13.2,7.191358
,2022-04-05,61337.0,PICININ,Consumidor Especial,SUDESTE,13.2,7.619351
,2022-04-06,61337.0,PICININ,Consumidor Especial,SUDESTE,13.2,6.959649
,2022-04-07,61337.0,PICININ,Consumidor Especial,SUDESTE,13.2,7.517068
,2022-04-08,61337.0,PICININ,Consumidor Especial,SUDESTE,13.2,6.847718
,2022-04-09,61337.0,PICININ,Consumidor Especial,SUDESTE,13.2,2.161224
,2022-04-10,61337.0,PICININ,Consumidor Especial,SUDESTE,13.2,1.286886
,2022-04-11,61337.0,PICININ,Consumidor Especial,SUDESTE,13.2,5.536611000000001
,2022-04-12,61337.0,PICININ,Consumidor Especial,SUDESTE,13.2,5.639623
,2022-04-13,61337.0,PICININ,Consumidor Especial,SUDESTE,13.2,5.347703
,2022-04-14,61337.0,PICININ,Consumidor Especial,SUDESTE,13.2,5.86434
,2022-04-15,61337.0,PICININ,Consumidor Especial,SUDESTE,13.2,1.907962
,2022-04-16,61337.0,PICININ,Consumidor Especial,SUDESTE,13.2,3.902488
,2022-04-17,61337.0,PICININ,Consumidor Especial,SUDESTE,13.2,1.129244
,2022-04-18,61337.0,PICININ,Consumidor Especial,SUDESTE,13.2,6.0628720000000005
,2022-04-19,61337.0,PICININ,Consumidor Especial,SUDESTE,13.2,5.920094
,2022-04-20,61337.0,PICININ,Consumidor Especial,SUDESTE,13.2,6.00118
,2022-04-21,61337.0,PICININ,Consumidor Especial,SUDESTE,13.2,1.562828
,2022-04-22,61337.0,PICININ,Consumidor Especial,SUDESTE,13.2,6.976968
,2022-04-23,61337.0,PICININ,Consumidor Especial,SUDESTE,13.2,3.999438
,2022-04-24,61337.0,PICININ,Consumidor Especial,SUDESTE,13.2,1.541836
,2022-04-25,61337.0,PICININ,Consumidor Especial,SUDESTE,13.2,7.554752
,2022-04-26,61337.0,PICININ,Consumidor Especial,SUDESTE,13.2,6.946494
,2022-04-27,61337.0,PICININ,Consumidor Especial,SUDESTE,13.2,7.416012999999999
,2022-04-28,61337.0,PICININ,Consumidor Especial,SUDESTE,13.2,7.961249
,2022-04-29,61337.0,PICININ,Consumidor Especial,SUDESTE,13.2,7.157615
,2022-04-30,61337.0,PICININ,Consumidor Especial,SUDESTE,13.2,3.682594
,2022-05-01,61337.0,PICININ,Consumidor Especial,SUDESTE,13.2,1.604042
,2022-05-02,61337.0,PICININ,Consumidor Especial,SUDESTE,13.2,6.287441
,2022-05-03,61337.0,PICININ,Consumidor Especial,SUDESTE,13.2,8.38961
,2022-05-04,61337.0,PICININ,Consumidor Especial,SUDESTE,13.2,9.803187
,2022-05-05,61337.0,PICININ,Consumidor Especial,SUDESTE,13.2,9.96579
,2022-05-06,61337.0,PICININ,Consumidor Especial,SUDESTE,13.2,8.576832
,2022-05-07,61337.0,PICININ,Consumidor Especial,SUDESTE,13.2,3.4820990000000003
,2022-05-08,61337.0,PICININ,Consumidor Especial,SUDESTE,13.2,0.97399
,2022-05-09,61337.0,PICININ,Consumidor Especial,SUDESTE,13.2,6.966571
,2022-05-10,61337.0,PICININ,Consumidor Especial,SUDESTE,13.2,6.690043
,2022-05-11,61337.0,PICININ,Consumidor Especial,SUDESTE,13.2,6.476361
,2022-05-12,61337.0,PICININ,Consumidor Especial,SUDESTE,13.2,6.905127
,2022-05-13,61337.0,PICININ,Consumidor Especial,SUDESTE,13.2,7.799771
,2022-05-14,61337.0,PICININ,Consumidor Especial,SUDESTE,13.2,7.422626
,2022-05-15,61337.0,PICININ,Consumidor Especial,SUDESTE,13.2,1.228116
,2022-05-16,61337.0,PICININ,Consumidor Especial,SUDESTE,13.2,6.9708380000000005
,2022-05-17,61337.0,PICININ,Consumidor Especial,SUDESTE,13.2,7.140303
,2022-05-18,61337.0,PICININ,Consumidor Especial,SUDESTE,13.2,7.665846
,2022-05-19,61337.0,PICININ,Consumidor Especial,SUDESTE,13.2,9.400033
,2022-05-20,61337.0,PICININ,Consumidor Especial,SUDESTE,13.2,9.381433
,2022-05-21,61337.0,PICININ,Consumidor Especial,SUDESTE,13.2,4.756973
,2022-05-22,61337.0,PICININ,Consumidor Especial,SUDESTE,13.2,0.822819
,2022-05-23,61337.0,PICININ,Consumidor Especial,SUDESTE,13.2,6.162537
,2022-05-24,61337.0,PICININ,Consumidor Especial,SUDESTE,13.2,6.455723
,2022-05-25,61337.0,PICININ,Consumidor Especial,SUDESTE,13.2,6.346987
,2022-05-26,61337.0,PICININ,Consumidor Especial,SUDESTE,13.2,6.49722
,2022-05-27,61337.0,PICININ,Consumidor Especial,SUDESTE,13.2,7.231576
,2022-05-28,61337.0,PICININ,Consumidor Especial,SUDESTE,13.2,5.242013
,2022-05-29,61337.0,PICININ,Consumidor Especial,SUDESTE,13.2,0.798628
,2022-05-30,61337.0,PICININ,Consumidor Especial,SUDESTE,13.2,6.504059
,2022-05-31,61337.0,PICININ,Consumidor Especial,SUDESTE,13.2,6.274544
,2022-06-01,61337.0,PICININ,Consumidor Especial,SUDESTE,13.2,5.353299
,2022-06-02,61337.0,PICININ,Consumidor Especial,SUDESTE,13.2,6.442112
,2022-06-03,61337.0,PICININ,Consumidor Especial,SUDESTE,13.2,8.131434
,2022-06-04,61337.0,PICININ,Consumidor Especial,SUDESTE,13.2,4.658352
,2022-06-05,61337.0,PICININ,Consumidor Especial,SUDESTE,13.2,0.802578
,2022-06-06,61337.0,PICININ,Consumidor Especial,SUDESTE,13.2,5.506686
,2022-06-07,61337.0,PICININ,Consumidor Especial,SUDESTE,13.2,5.296659
,2022-06-08,61337.0,PICININ,Consumidor Especial,SUDESTE,13.2,5.443787
,2022-06-09,61337.0,PICININ,Consumidor Especial,SUDESTE,13.2,7.053018
,2022-06-10,61337.0,PICININ,Consumidor Especial,SUDESTE,13.2,7.634126
,2022-06-11,61337.0,PICININ,Consumidor Especial,SUDESTE,13.2,4.433365
,2022-06-12,61337.0,PICININ,Consumidor Especial,SUDESTE,13.2,1.047639
,2022-06-13,61337.0,PICININ,Consumidor Especial,SUDESTE,13.2,5.681448
,2022-06-14,61337.0,PICININ,Consumidor Especial,SUDESTE,13.2,6.873881
,2022-06-15,61337.0,PICININ,Consumidor Especial,SUDESTE,13.2,8.142035
,2022-06-16,61337.0,PICININ,Consumidor Especial,SUDESTE,13.2,3.118631
,2022-06-17,61337.0,PICININ,Consumidor Especial,SUDESTE,13.2,7.533608
,2022-06-18,61337.0,PICININ,Consumidor Especial,SUDESTE,13.2,3.766225
,2022-06-19,61337.0,PICININ,Consumidor Especial,SUDESTE,13.2,0.880899
,2022-06-20,61337.0,PICININ,Consumidor Especial,SUDESTE,13.2,6.762473
,2022-06-21,61337.0,PICININ,Consumidor Especial,SUDESTE,13.2,8.321503
,2022-06-22,61337.0,PICININ,Consumidor Especial,SUDESTE,13.2,8.27715
,2022-06-23,61337.0,PICININ,Consumidor Especial,SUDESTE,13.2,7.677046
,2022-06-24,61337.0,PICININ,Consumidor Especial,SUDESTE,13.2,9.153083
,2022-06-25,61337.0,PICININ,Consumidor Especial,SUDESTE,13.2,3.699046
,2022-06-26,61337.0,PICININ,Consumidor Especial,SUDESTE,13.2,0.77122
,2022-06-27,61337.0,PICININ,Consumidor Especial,SUDESTE,13.2,5.395949
,2022-06-28,61337.0,PICININ,Consumidor Especial,SUDESTE,13.2,5.515003
,2022-06-29,61337.0,PICININ,Consumidor Especial,SUDESTE,13.2,6.083542
,2022-06-30,61337.0,PICININ,Consumidor Especial,SUDESTE,13.2,6.245044
,2022-07-01,61337.0,PICININ,Consumidor Especial,SUDESTE,13.2,6.425434
,2022-07-02,61337.0,PICININ,Consumidor Especial,SUDESTE,13.2,3.901409
,2022-07-03,61337.0,PICININ,Consumidor Especial,SUDESTE,13.2,1.147107
,2022-07-04,61337.0,PICININ,Consumidor Especial,SUDESTE,13.2,6.506132
,2022-07-05,61337.0,PICININ,Consumidor Especial,SUDESTE,13.2,8.251074000000001
,2022-07-06,61337.0,PICININ,Consumidor Especial,SUDESTE,13.2,9.493782
,2022-07-07,61337.0,PICININ,Consumidor Especial,SUDESTE,13.2,9.467318
,2022-07-08,61337.0,PICININ,Consumidor Especial,SUDESTE,13.2,8.867203
,2022-07-09,61337.0,PICININ,Consumidor Especial,SUDESTE,13.2,4.01823
,2022-07-10,61337.0,PICININ,Consumidor Especial,SUDESTE,13.2,0.746544
,2022-07-11,61337.0,PICININ,Consumidor Especial,SUDESTE,13.2,6.605523
,2022-07-12,61337.0,PICININ,Consumidor Especial,SUDESTE,13.2,6.558116
,2022-07-13,61337.0,PICININ,Consumidor Especial,SUDESTE,13.2,6.747876
,2022-07-14,61337.0,PICININ,Consumidor Especial,SUDESTE,13.2,7.530456
,2022-07-15,61337.0,PICININ,Consumidor Especial,SUDESTE,13.2,7.438574
,2022-07-16,61337.0,PICININ,Consumidor Especial,SUDESTE,13.2,3.863462
,2022-07-17,61337.0,PICININ,Consumidor Especial,SUDESTE,13.2,0.878564
,2022-07-18,61337.0,PICININ,Consumidor Especial,SUDESTE,13.2,6.398728
,2022-07-19,61337.0,PICININ,Consumidor Especial,SUDESTE,13.2,5.72595
,2022-07-20,61337.0,PICININ,Consumidor Especial,SUDESTE,13.2,6.329829
,2022-07-21,61337.0,PICININ,Consumidor Especial,SUDESTE,13.2,6.755528
,2022-07-22,61337.0,PICININ,Consumidor Especial,SUDESTE,13.2,6.9955430000000005
,2022-07-23,61337.0,PICININ,Consumidor Especial,SUDESTE,13.2,3.823772
,2022-07-24,61337.0,PICININ,Consumidor Especial,SUDESTE,13.2,1.080859
,2022-07-25,61337.0,PICININ,Consumidor Especial,SUDESTE,13.2,6.7863500000000005
,2022-07-26,61337.0,PICININ,Consumidor Especial,SUDESTE,13.2,6.9144890000000006
,2022-07-27,61337.0,PICININ,Consumidor Especial,SUDESTE,13.2,7.149976
,2022-07-28,61337.0,PICININ,Consumidor Especial,SUDESTE,13.2,6.028369
,2022-07-29,61337.0,PICININ,Consumidor Especial,SUDESTE,13.2,6.293662
,2022-07-30,61337.0,PICININ,Consumidor Especial,SUDESTE,13.2,3.45232
,2022-07-31,61337.0,PICININ,Consumidor Especial,SUDESTE,13.2,0.89907
,2022-08-01,61337.0,PICININ,Consumidor Especial,SUDESTE,13.2,6.405654
,2022-08-02,61337.0,PICININ,Consumidor Especial,SUDESTE,13.2,6.310843
,2022-08-03,61337.0,PICININ,Consumidor Especial,SUDESTE,13.2,6.285899
,2022-08-04,61337.0,PICININ,Consumidor Especial,SUDESTE,13.2,6.650556
,2022-08-05,61337.0,PICININ,Consumidor Especial,SUDESTE,13.2,4.98657
,2022-08-06,61337.0,PICININ,Consumidor Especial,SUDESTE,13.2,2.262557
,2022-08-07,61337.0,PICININ,Consumidor Especial,SUDESTE,13.2,0.577062
,2022-08-08,61337.0,PICININ,Consumidor Especial,SUDESTE,13.2,6.389616
,2022-08-09,61337.0,PICININ,Consumidor Especial,SUDESTE,13.2,6.611193
,2022-08-10,61337.0,PICININ,Consumidor Especial,SUDESTE,13.2,8.29933
,2022-08-11,61337.0,PICININ,Consumidor Especial,SUDESTE,13.2,10.146554
,2022-08-12,61337.0,PICININ,Consumidor Especial,SUDESTE,13.2,9.759209
,2022-08-13,61337.0,PICININ,Consumidor Especial,SUDESTE,13.2,4.961826
,2022-08-14,61337.0,PICININ,Consumidor Especial,SUDESTE,13.2,0.60455
,2022-08-15,61337.0,PICININ,Consumidor Especial,SUDESTE,13.2,4.73378
,2022-08-16,61337.0,PICININ,Consumidor Especial,SUDESTE,13.2,4.953206
,2022-08-17,61337.0,PICININ,Consumidor Especial,SUDESTE,13.2,5.973978
,2022-08-18,61337.0,PICININ,Consumidor Especial,SUDESTE,13.2,5.496173
,2022-08-19,61337.0,PICININ,Consumidor Especial,SUDESTE,13.2,6.222866
,2022-08-20,61337.0,PICININ,Consumidor Especial,SUDESTE,13.2,3.034667
,2022-08-21,61337.0,PICININ,Consumidor Especial,SUDESTE,13.2,0.582498
,2022-08-22,61337.0,PICININ,Consumidor Especial,SUDESTE,13.2,5.824152
,2022-08-23,61337.0,PICININ,Consumidor Especial,SUDESTE,13.2,5.685512
,2022-08-24,61337.0,PICININ,Consumidor Especial,SUDESTE,13.2,6.05501
,2022-08-25,61337.0,PICININ,Consumidor Especial,SUDESTE,13.2,6.840169
,2022-08-26,61337.0,PICININ,Consumidor Especial,SUDESTE,13.2,8.616247
,2022-08-27,61337.0,PICININ,Consumidor Especial,SUDESTE,13.2,4.90487
,2022-08-28,61337.0,PICININ,Consumidor Especial,SUDESTE,13.2,0.674025
,2022-08-29,61337.0,PICININ,Consumidor Especial,SUDESTE,13.2,7.028288
,2022-08-30,61337.0,PICININ,Consumidor Especial,SUDESTE,13.2,9.052374
,2022-08-31,61337.0,PICININ,Consumidor Especial,SUDESTE,13.2,9.17275
,2022-09-01,61337.0,PICININ,Consumidor Especial,SUDESTE,13.2,10.042064
,2022-09-02,61337.0,PICININ,Consumidor Especial,SUDESTE,13.2,10.110418
,2022-09-03,61337.0,PICININ,Consumidor Especial,SUDESTE,13.2,5.329605
,2022-09-04,61337.0,PICININ,Consumidor Especial,SUDESTE,13.2,0.570989
,2022-09-05,61337.0,PICININ,Consumidor Especial,SUDESTE,13.2,6.825818
,2022-09-06,61337.0,PICININ,Consumidor Especial,SUDESTE,13.2,6.59797
,2022-09-07,61337.0,PICININ,Consumidor Especial,SUDESTE,13.2,0.309098
,2022-09-08,61337.0,PICININ,Consumidor Especial,SUDESTE,13.2,8.111583
,2022-09-09,61337.0,PICININ,Consumidor Especial,SUDESTE,13.2,9.041968
,2022-09-10,61337.0,PICININ,Consumidor Especial,SUDESTE,13.2,5.222261
,2022-09-11,61337.0,PICININ,Consumidor Especial,SUDESTE,13.2,0.881891
,2022-09-12,61337.0,PICININ,Consumidor Especial,SUDESTE,13.2,6.625957
,2022-09-13,61337.0,PICININ,Consumidor Especial,SUDESTE,13.2,6.169242
,2022-09-14,61337.0,PICININ,Consumidor Especial,SUDESTE,13.2,6.77855
,2022-09-15,61337.0,PICININ,Consumidor Especial,SUDESTE,13.2,6.955996
,2022-09-16,61337.0,PICININ,Consumidor Especial,SUDESTE,13.2,6.159311
,2022-09-17,61337.0,PICININ,Consumidor Especial,SUDESTE,13.2,3.033472
,2022-09-18,61337.0,PICININ,Consumidor Especial,SUDESTE,13.2,0.594283
,2022-09-19,61337.0,PICININ,Consumidor Especial,SUDESTE,13.2,5.952631
,2022-09-20,61337.0,PICININ,Consumidor Especial,SUDESTE,13.2,6.294871
,2022-09-21,61337.0,PICININ,Consumidor Especial,SUDESTE,13.2,6.266721
,2022-09-22,61337.0,PICININ,Consumidor Especial,SUDESTE,13.2,9.452033
,2022-09-23,61337.0,PICININ,Consumidor Especial,SUDESTE,13.2,9.570762
,2022-09-24,61337.0,PICININ,Consumidor Especial,SUDESTE,13.2,5.708083
,2022-09-25,61337.0,PICININ,Consumidor Especial,SUDESTE,13.2,0.750814
,2022-09-26,61337.0,PICININ,Consumidor Especial,SUDESTE,13.2,6.440783
,2022-09-27,61337.0,PICININ,Consumidor Especial,SUDESTE,13.2,6.61506
,2022-09-28,61337.0,PICININ,Consumidor Especial,SUDESTE,13.2,6.997334
,2022-09-29,61337.0,PICININ,Consumidor Especial,SUDESTE,13.2,9.131677
,2022-09-30,61337.0,PICININ,Consumidor Especial,SUDESTE,13.2,9.066868
,2022-10-01,61337.0,PICININ,Consumidor Especial,SUDESTE,13.2,4.457463000000001
,2022-10-02,61337.0,PICININ,Consumidor Especial,SUDESTE,13.2,0.763679
,2022-10-03,61337.0,PICININ,Consumidor Especial,SUDESTE,13.2,5.677372
,2022-10-04,61337.0,PICININ,Consumidor Especial,SUDESTE,13.2,6.317
,2022-10-05,61337.0,PICININ,Consumidor Especial,SUDESTE,13.2,6.393184
,2022-10-06,61337.0,PICININ,Consumidor Especial,SUDESTE,13.2,6.163295
,2022-10-07,61337.0,PICININ,Consumidor Especial,SUDESTE,13.2,6.405946
,2022-10-08,61337.0,PICININ,Consumidor Especial,SUDESTE,13.2,4.960638
,2022-10-09,61337.0,PICININ,Consumidor Especial,SUDESTE,13.2,0.842832
,2022-10-10,61337.0,PICININ,Consumidor Especial,SUDESTE,13.2,6.403203
,2022-10-11,61337.0,PICININ,Consumidor Especial,SUDESTE,13.2,5.986078
,2022-10-12,61337.0,PICININ,Consumidor Especial,SUDESTE,13.2,0.764638
,2022-10-13,61337.0,PICININ,Consumidor Especial,SUDESTE,13.2,6.47189
,2022-10-14,61337.0,PICININ,Consumidor Especial,SUDESTE,13.2,6.841868
,2022-10-15,61337.0,PICININ,Consumidor Especial,SUDESTE,13.2,4.434533
,2022-10-16,61337.0,PICININ,Consumidor Especial,SUDESTE,13.2,1.046863
,2022-10-17,61337.0,PICININ,Consumidor Especial,SUDESTE,13.2,5.920482
,2022-10-18,61337.0,PICININ,Consumidor Especial,SUDESTE,13.2,5.3214
,2022-10-19,61337.0,PICININ,Consumidor Especial,SUDESTE,13.2,5.438615
,2022-10-20,61337.0,PICININ,Consumidor Especial,SUDESTE,13.2,5.680225
,2022-10-21,61337.0,PICININ,Consumidor Especial,SUDESTE,13.2,5.665213
,2022-10-22,61337.0,PICININ,Consumidor Especial,SUDESTE,13.2,3.264162
,2022-10-23,61337.0,PICININ,Consumidor Especial,SUDESTE,13.2,1.12185
,2022-10-24,61337.0,PICININ,Consumidor Especial,SUDESTE,13.2,6.073333
,2022-10-25,61337.0,PICININ,Consumidor Especial,SUDESTE,13.2,5.677401
,2022-10-26,61337.0,PICININ,Consumidor Especial,SUDESTE,13.2,5.921307
,2022-10-27,61337.0,PICININ,Consumidor Especial,SUDESTE,13.2,6.249407
,2022-10-28,61337.0,PICININ,Consumidor Especial,SUDESTE,13.2,5.839925
,2022-10-29,61337.0,PICININ,Consumidor Especial,SUDESTE,13.2,2.822403
,2022-10-30,61337.0,PICININ,Consumidor Especial,SUDESTE,13.2,0.6873630000000001
,2022-10-31,61337.0,PICININ,Consumidor Especial,SUDESTE,13.2,5.655557
,2022-11-01,61337.0,PICININ,Consumidor Especial,SUDESTE,13.2,6.158487
,2022-11-02,61337.0,PICININ,Consumidor Especial,SUDESTE,13.2,1.101319
,2022-11-03,61337.0,PICININ,Consumidor Especial,SUDESTE,13.2,5.515833
,2022-11-04,61337.0,PICININ,Consumidor Especial,SUDESTE,13.2,4.393573
,2022-11-05,61337.0,PICININ,Consumidor Especial,SUDESTE,13.2,2.015021
,2022-11-06,61337.0,PICININ,Consumidor Especial,SUDESTE,13.2,0.458341
,2022-11-07,61337.0,PICININ,Consumidor Especial,SUDESTE,13.2,4.513026
,2022-11-08,61337.0,PICININ,Consumidor Especial,SUDESTE,13.2,5.060222
,2022-11-09,61337.0,PICININ,Consumidor Especial,SUDESTE,13.2,5.030916
,2022-11-10,61337.0,PICININ,Consumidor Especial,SUDESTE,13.2,4.847056
,2022-11-11,61337.0,PICININ,Consumidor Especial,SUDESTE,13.2,5.671724
,2022-11-12,61337.0,PICININ,Consumidor Especial,SUDESTE,13.2,3.69599
,2022-11-13,61337.0,PICININ,Consumidor Especial,SUDESTE,13.2,0.534565
,2022-11-14,61337.0,PICININ,Consumidor Especial,SUDESTE,13.2,4.777305
,2022-11-15,61337.0,PICININ,Consumidor Especial,SUDESTE,13.2,0.725176
,2022-11-16,61337.0,PICININ,Consumidor Especial,SUDESTE,13.2,5.681338
,2022-11-17,61337.0,PICININ,Consumidor Especial,SUDESTE,13.2,6.924507
,2022-11-18,61337.0,PICININ,Consumidor Especial,SUDESTE,13.2,7.505462
,2022-11-19,61337.0,PICININ,Consumidor Especial,SUDESTE,13.2,4.799654
,2022-11-20,61337.0,PICININ,Consumidor Especial,SUDESTE,13.2,0.729758
,2022-11-21,61337.0,PICININ,Consumidor Especial,SUDESTE,13.2,5.541096
,2022-11-22,61337.0,PICININ,Consumidor Especial,SUDESTE,13.2,6.19757
,2022-11-23,61337.0,PICININ,Consumidor Especial,SUDESTE,13.2,8.33731
,2022-11-24,61337.0,PICININ,Consumidor Especial,SUDESTE,13.2,7.638212999999999
,2022-11-25,61337.0,PICININ,Consumidor Especial,SUDESTE,13.2,8.940756
,2022-11-26,61337.0,PICININ,Consumidor Especial,SUDESTE,13.2,5.238752
,2022-11-27,61337.0,PICININ,Consumidor Especial,SUDESTE,13.2,1.0123
,2022-11-28,61337.0,PICININ,Consumidor Especial,SUDESTE,13.2,5.531168
,2022-11-29,61337.0,PICININ,Consumidor Especial,SUDESTE,13.2,7.004824999999999
,2022-11-30,61337.0,PICININ,Consumidor Especial,SUDESTE,13.2,8.840476
,2022-12-01,61337.0,PICININ,Consumidor Especial,SUDESTE,13.2,9.071357
,2022-12-02,61337.0,PICININ,Consumidor Especial,SUDESTE,13.2,7.46607
,2022-12-03,61337.0,PICININ,Consumidor Especial,SUDESTE,13.2,4.643917
,2022-12-04,61337.0,PICININ,Consumidor Especial,SUDESTE,13.2,0.6709620000000001
,2022-12-05,61337.0,PICININ,Consumidor Especial,SUDESTE,13.2,7.111792
,2022-12-06,61337.0,PICININ,Consumidor Especial,SUDESTE,13.2,8.593131
,2022-12-07,61337.0,PICININ,Consumidor Especial,SUDESTE,13.2,8.825692
,2022-12-08,61337.0,PICININ,Consumidor Especial,SUDESTE,13.2,8.592947
,2022-12-09,61337.0,PICININ,Consumidor Especial,SUDESTE,13.2,8.080969
,2022-12-10,61337.0,PICININ,Consumidor Especial,SUDESTE,13.2,7.973122
,2022-12-11,61337.0,PICININ,Consumidor Especial,SUDESTE,13.2,1.273843
,2022-12-12,61337.0,PICININ,Consumidor Especial,SUDESTE,13.2,7.1623660000000005
,2022-12-13,61337.0,PICININ,Consumidor Especial,SUDESTE,13.2,8.622025
,2022-12-14,61337.0,PICININ,Consumidor Especial,SUDESTE,13.2,9.883125
,2022-12-15,61337.0,PICININ,Consumidor Especial,SUDESTE,13.2,9.899386
,2022-12-16,61337.0,PICININ,Consumidor Especial,SUDESTE,13.2,9.038634
,2022-12-17,61337.0,PICININ,Consumidor Especial,SUDESTE,13.2,6.985648
,2022-12-18,61337.0,PICININ,Consumidor Especial,SUDESTE,13.2,1.366399
,2022-12-19,61337.0,PICININ,Consumidor Especial,SUDESTE,13.2,7.325623
,2022-12-20,61337.0,PICININ,Consumidor Especial,SUDESTE,13.2,6.243284
,2022-12-21,61337.0,PICININ,Consumidor Especial,SUDESTE,13.2,1.218514
,2022-12-22,61337.0,PICININ,Consumidor Especial,SUDESTE,13.2,1.142956
,2022-12-23,61337.0,PICININ,Consumidor Especial,SUDESTE,13.2,0.982634
,2022-12-24,61337.0,PICININ,Consumidor Especial,SUDESTE,13.2,0.867072
,2022-12-25,61337.0,PICININ,Consumidor Especial,SUDESTE,13.2,0.567294
,2022-12-26,61337.0,PICININ,Consumidor Especial,SUDESTE,13.2,0.318316
,2022-12-27,61337.0,PICININ,Consumidor Especial,SUDESTE,13.2,0.385339
,2022-12-28,61337.0,PICININ,Consumidor Especial,SUDESTE,13.2,0.35845
,2022-12-29,61337.0,PICININ,Consumidor Especial,SUDESTE,13.2,0.434987
,2022-12-30,61337.0,PICININ,Consumidor Especial,SUDESTE,13.2,0.311381
,2022-12-31,61337.0,PICININ,Consumidor Especial,SUDESTE,13.2,0.296112
